27	35	1
0.7884214808852497	0.39782096930133387	-0.4691802931373151	0.06378670965194548
-0.16843837938313727	0.873194761597518	0.4573396085841746	0.16336446368685062
0.59162516815249	-0.2815484163244355	0.7554537789988202	-0.17872922965068794
0.0	0.0	0.0	1.0
28	30	2
0.9591326256266327	0.13660797501496097	0.24779635825774776	0.13449033245778858
-0.2304870788156459	0.8851807561157816	0.40414211191437754	0.3812814549195885
-0.1641356239417431	-0.4447397630699218	0.8804921409512365	0.10053235511024942
0.0	0.0	0.0	1.0
28	31	3
0.9285469478091213	0.2893766446156532	-0.2325117519488672	-0.15443056551578588
-0.1725985783776793	0.8910849074371252	0.4197348186330323	0.329372480145421
0.3286491646457154	-0.3496123154398355	0.8773602936211007	-0.007202148508751659
0.0	0.0	0.0	1.0
28	34	4
0.9199738983169723	-0.23519746615989162	0.313576447627451	0.15531155292260287
0.28679405380365125	0.9492060115004354	-0.12944914689015236	-0.18367927412838056
-0.26720256654768115	0.20902173659572043	0.9406980387390899	-0.030561623115214754
0.0	0.0	0.0	1.0
29	34	5
0.9079017185974789	-0.2154965709005176	0.3595492490778855	0.143477414487699
0.3710583835035816	0.8121943491546818	-0.45017328465197	-0.367722735375763
-0.19501311531543447	0.5421269304481955	0.8173544978876393	-0.18184883907518995
0.0	0.0	0.0	1.0
29	35	6
0.9674668322917617	-0.0034721029788779938	0.25297408048277154	0.14137055493815245
0.07055309482499823	0.9639416173914833	-0.25659094396301974	-0.18967676858367513
-0.24296130199413352	0.26609136234525427	0.9328265869900095	-0.13214591562112643
0.0	0.0	0.0	1.0
29	36	7
0.8682661330192771	0.15593138718298716	0.47095557104642405	0.25284808927996777
-0.12882777727242356	0.9876210996104222	-0.08948669566984215	-0.06620240260217707
-0.4790795086226001	0.01702609102082328	0.8776063645200688	-0.16983403963390922
0.0	0.0	0.0	1.0
29	37	8
0.5875606793563498	-0.018700842750359943	0.8089637902387568	0.26198010535821126
0.044741704564700537	0.9989541602602736	-0.00940359819570235	-0.09975996386136786
-0.807942038025454	0.04171962327028434	0.5877831097010743	-0.3182078495424105
0.0	0.0	0.0	1.0
30	31	9
0.8725150778237132	-0.05183522923273149	-0.48582944906553965	-0.20316999371190747
0.06019310959625158	0.9981853583420413	0.0016018842359972988	-0.05947351094196556
0.4848649844310859	-0.030641254883509057	0.8740520237480779	-0.14859934982382386
0.0	0.0	0.0	1.0
30	35	10
0.990554499486204	-0.09967360462244355	0.09416404192809343	0.09521217346025329
0.1272433414770069	0.9240886908480136	-0.3603736383683915	-0.3102751354645493
-0.051096053757790395	0.36895156707214266	0.9280430108561107	-0.2683285845139015
0.0	0.0	0.0	1.0
30	36	11
0.9473176818914939	0.08785288247914003	0.30801107084225693	0.16090881990985315
-0.03714008462459869	0.9852904337847537	-0.16680274370396628	-0.20441295720560945
-0.3181344692214949	0.1465756523880942	0.9366459451203442	-0.25738570291375945
0.0	0.0	0.0	1.0
30	37	12
0.7114133502485924	-0.023315963286238712	0.7023866181933602	0.16585180477879943
0.14774232583884436	0.9820759751862149	-0.11704066740145218	-0.25181212711613804
-0.6870682682686502	0.18703661644005368	0.7021068289260349	-0.3716845798602413
0.0	0.0	0.0	1.0
31	32	13
0.8978043419880923	-0.19016569562910748	-0.39722074781273925	-0.05333123877180333
0.05185890620775598	0.9413417942823422	-0.3334460628987839	-0.19904233801085802
0.4373306371742952	0.27876993775808834	0.8550025367363746	-0.2493810844220807
0.0	0.0	0.0	1.0
33	35	14
0.7792457906192958	-0.02154750875520225	0.626347909178204	0.41531583677039385
-0.2730980970061437	0.8878566982066397	0.3703080089200555	0.28274719474070764
-0.5640863706347303	-0.45961545014387606	0.6859740551361493	-0.06461434172471986
0.0	0.0	0.0	1.0
34	35	15
0.9700697058226179	0.2422845093753161	0.016218494718118332	0.09423029863657544
-0.23592789614294435	0.9245976564570966	0.2990941122270703	0.23855905239757655
0.05747037458453247	-0.29396856139028593	0.9540858539517556	-0.0749911349658805
0.0	0.0	0.0	1.0
34	36	16
0.9240294061545428	0.23681242213514914	0.30014897879765196	0.26193379415675827
-0.3619667719842591	0.7946221758493804	0.4873966698381339	0.3665648126453371
-0.12308344559345426	-0.5590129471276204	0.8199725236941533	-0.20862506361481517
0.0	0.0	0.0	1.0
34	37	17
0.8283396890814609	-0.16134328827411537	0.5364899075523046	0.1813625400165176
-0.17803115059249844	0.8321799679487019	0.5251485848730801	0.3272926399640731
-0.5311854265695043	-0.5305135158379876	0.6606037164579597	-0.3169466001957841
0.0	0.0	0.0	1.0
34	38	18
0.8868335534997742	-0.1060298597591829	0.44975998631995423	0.17606780351335635
-0.049166636114521885	0.9461419562154262	0.3199971560452154	0.2633135216245339
-0.4594659820448783	-0.3058974577266557	0.8338572965537888	-0.3411575576499551
0.0	0.0	0.0	1.0
35	37	19
0.7731572343450243	-0.18414508161482024	0.6068921034088092	0.1979486948643974
0.037438748052489416	0.9685029387466954	0.2461705695656009	0.1111802359789335
-0.6331081146580692	-0.16760733594794644	0.7556994388222981	-0.1606336179953131
0.0	0.0	0.0	1.0
38	39	20
0.8037130221457992	-0.2073471037636398	0.5577206568307992	0.262345903853076
0.3074217501414547	0.9472255507568769	-0.09085985538236849	-0.0693838744989943
-0.509447900042705	0.24448080314921067	0.8250405329609906	-0.146082442393864
0.0	0.0	0.0	1.0
