27	35	1
0.7884214808852499	0.397820969301334	-0.4691802931373152	0.06378670965194548
-0.1684383793831372	0.8731947615975181	0.45733960858417455	0.16336446368685106
0.5916251681524894	-0.2815484163244356	0.7554537789988203	-0.17872922965068794
0.0	0.0	0.0	1.0
28	30	2
0.9591326256266328	0.136607975014961	0.24779635825774787	0.13449033245779568
-0.23048707881564595	0.8851807561157817	0.40414211191437766	0.3812814549195867
-0.16413562394174322	-0.4447397630699218	0.8804921409512364	0.10053235511024232
0.0	0.0	0.0	1.0
28	31	3
0.9285469478091213	0.28937664461565316	-0.2325117519488672	-0.15443056551578588
-0.1725985783776793	0.891084907437125	0.41973481863303225	0.3293724801454192
0.32864916464571553	-0.3496123154398355	0.8773602936211007	-0.007202148508755212
0.0	0.0	0.0	1.0
28	34	4
0.9199738983169722	-0.23519746615989165	0.3135764476274511	0.1553115529226091
0.28679405380365114	0.9492060115004356	-0.12944914689015236	-0.183679274128377
-0.267202566547681	0.2090217365957204	0.9406980387390896	-0.03056162311522186
0.0	0.0	0.0	1.0
29	34	5
0.9079017185974788	-0.21549657090051755	0.3595492490778856	0.1434774144877052
0.3710583835035815	0.8121943491546819	-0.45017328465197004	-0.36772273537575945
-0.19501311531543428	0.5421269304481954	0.817354497887639	-0.18184883907519706
0.0	0.0	0.0	1.0
29	35	6
0.9674668322917618	-0.0034721029788779604	0.2529740804827717	0.14137055493815157
0.07055309482499832	0.9639416173914834	-0.2565909439630197	-0.1896767685836748
-0.24296130199413402	0.26609136234525427	0.9328265869900092	-0.13214591562112643
0.0	0.0	0.0	1.0
29	36	7
0.8682661330192772	0.15593138718298724	0.47095557104642405	0.2528480892799682
-0.12882777727242373	0.9876210996104223	-0.0894866956698422	-0.06620240260217707
-0.47907950862260057	0.01702609102082339	0.8776063645200685	-0.16983403963390922
0.0	0.0	0.0	1.0
29	37	8
0.5875606793563498	-0.01870084275035995	0.8089637902387569	0.2619801053582148
0.044741704564700495	0.9989541602602735	-0.0094035981957023	-0.09975996386136786
-0.8079420380254543	0.041719623270284334	0.5877831097010742	-0.3182078495424176
0.0	0.0	0.0	1.0
30	31	9
0.8725150778237132	-0.051835229232731546	-0.48582944906553965	-0.20316999371191102
0.06019310959625152	0.9981853583420411	0.0016018842359973543	-0.05947351094196734
0.484864984431086	-0.03064125488350903	0.874052023748078	-0.14859934982382741
0.0	0.0	0.0	1.0
30	35	10
0.9905544994862044	-0.09967360462244354	0.09416404192809344	0.09521217346025063
0.12724334147700697	0.9240886908480137	-0.36037363836839154	-0.31027513546454943
-0.051096053757790895	0.36895156707214266	0.9280430108561105	-0.2683285845139015
0.0	0.0	0.0	1.0
30	36	11
0.9473176818914941	0.08785288247914007	0.30801107084225704	0.1609088199098536
-0.03714008462459886	0.9852904337847538	-0.16680274370396633	-0.20441295720560768
-0.31813446922149535	0.1465756523880943	0.936645945120344	-0.25738570291375945
0.0	0.0	0.0	1.0
30	37	12
0.7114133502485924	-0.023315963286238715	0.7023866181933602	0.16585180477880299
0.14774232583884434	0.9820759751862148	-0.1170406674014521	-0.25181212711613804
-0.6870682682686504	0.18703661644005368	0.7021068289260349	-0.3716845798602484
0.0	0.0	0.0	1.0
31	32	13
0.8978043419880929	-0.19016569562910784	-0.397220747812739	-0.05333123877181044
0.05185890620775596	0.9413417942823423	-0.3334460628987839	-0.19904233801085625
0.4373306371742951	0.27876993775808845	0.8550025367363745	-0.24938108442207538
0.0	0.0	0.0	1.0
33	35	14
0.779245790619296	-0.02154750875520226	0.6263479091782043	0.4153158367703912
-0.2730980970061436	0.8878566982066398	0.37030800892005566	0.2827471947407081
-0.5640863706347305	-0.4596154501438759	0.6859740551361487	-0.06461434172471986
0.0	0.0	0.0	1.0
34	35	15
0.9700697058226182	0.2422845093753162	0.01621849471811835	0.09423029863657455
-0.2359278961429443	0.9245976564570967	0.29909411222707033	0.238559052397577
0.05747037458453186	-0.293968561390286	0.9540858539517554	-0.0749911349658805
0.0	0.0	0.0	1.0
34	36	16
0.9240294061545429	0.23681242213514916	0.300148978797652	0.2619337941567574
-0.36196677198425936	0.7946221758493806	0.4873966698381339	0.3665648126453371
-0.12308344559345474	-0.5590129471276204	0.8199725236941533	-0.20862506361481517
0.0	0.0	0.0	1.0
34	37	17
0.8283396890814609	-0.1613432882741154	0.5364899075523046	0.18136254001652471
-0.17803115059249844	0.8321799679487019	0.5251485848730801	0.3272926399640731
-0.5311854265695046	-0.5305135158379877	0.6606037164579597	-0.3169466001957912
0.0	0.0	0.0	1.0
34	38	18
0.8868335534997742	-0.10602985975918287	0.44975998631995423	0.17606780351335813
-0.049166636114521864	0.9461419562154262	0.3199971560452154	0.2633135216245345
-0.45946598204487804	-0.30589745772665566	0.8338572965537887	-0.341157557649948
0.0	0.0	0.0	1.0
35	37	20
0.7731572343450243	-0.18414508161482027	0.6068921034088093	0.19794869486440095
0.037438748052489375	0.9685029387466952	0.2461705695656009	0.1111802359789335
-0.6331081146580695	-0.16760733594794647	0.7556994388222981	-0.1606336179953202
0.0	0.0	0.0	1.0
38	39	21
0.8037130221457994	-0.20734710376363968	0.557720656830799	0.262345903853076
0.30742175014145473	0.9472255507568768	-0.0908598553823685	-0.06938387449899808
-0.5094479000427047	0.24448080314921072	0.8250405329609903	-0.146082442393864
0.0	0.0	0.0	1.0
