0	34	55
5000.000000000000	0.000000000000	0.000000000000	0.000000000000	11453.597700000000	-1304.604610000000
0.000000000000	5000.000000000000	0.000000000000	-11453.597700000000	0.000000000000	-2891.796390000000
0.000000000000	0.000000000000	5000.000000000000	1304.604610000000	2891.796390000000	0.000000000000
0.000000000000	-11453.597700000000	1304.604610000000	27927.652300000002	758.947266000000	7001.697270000000
11453.597700000000	0.000000000000	2891.796390000000	758.947266000000	29686.123000000000	-2706.846680000000
-1304.604610000000	-2891.796390000000	0.000000000000	7001.697270000000	-2706.846680000000	2635.546390000000
0	53	55
5000.000000000000	0.000000000000	0.000000000000	0.000000000000	12599.415000000001	-1134.307370000000
0.000000000000	5000.000000000000	0.000000000000	-12599.415000000001	0.000000000000	-4279.775880000000
0.000000000000	0.000000000000	5000.000000000000	1134.307370000000	4279.775880000000	0.000000000000
0.000000000000	-12599.415000000001	1134.307370000000	33420.699200000003	824.950623000000	11372.878900000000
12599.415000000001	0.000000000000	4279.775880000000	824.950623000000	37036.257799999999	-2498.044190000000
-1134.307370000000	-4279.775880000000	0.000000000000	11372.878900000000	-2498.044190000000	4607.609860000000
1	11	55
5000.000000000000	0.000000000000	0.000000000000	0.000000000000	11847.176799999999	-724.729614000000
0.000000000000	5000.000000000000	0.000000000000	-11847.176799999999	0.000000000000	-3566.491210000000
0.000000000000	0.000000000000	5000.000000000000	724.729614000000	3566.491210000000	0.000000000000
0.000000000000	-11847.176799999999	724.729614000000	30619.925800000001	504.102936000000	8690.521479999999
11847.176799999999	0.000000000000	3566.491210000000	504.102936000000	33402.570299999999	-1035.270750000000
-724.729614000000	-3566.491210000000	0.000000000000	8690.521479999999	-1035.270750000000	3649.609620000000
1	18	55
5000.000000000000	0.000000000000	0.000000000000	0.000000000000	9234.579100000001	-1518.321780000000
0.000000000000	5000.000000000000	0.000000000000	-9234.579100000001	0.000000000000	-1337.934330000000
0.000000000000	0.000000000000	5000.000000000000	1518.321780000000	1337.934330000000	0.000000000000
0.000000000000	-9234.579100000001	1518.321780000000	18908.189500000000	581.682373000000	1854.483520000000
9234.579100000001	0.000000000000	1337.934330000000	581.682373000000	19915.996100000000	-2482.646970000000
-1518.321780000000	-1337.934330000000	0.000000000000	1854.483520000000	-2482.646970000000	2262.413820000000
1	34	55
5000.000000000000	0.000000000000	0.000000000000	0.000000000000	9847.554690000001	-1540.695800000000
0.000000000000	5000.000000000000	0.000000000000	-9847.554690000001	0.000000000000	-3606.402590000000
0.000000000000	0.000000000000	5000.000000000000	1540.695800000000	3606.402590000000	0.000000000000
0.000000000000	-9847.554690000001	1540.695800000000	21558.240200000000	1145.014040000000	7156.488770000000
9847.554690000001	0.000000000000	3606.402590000000	1145.014040000000	24455.168000000001	-2704.438720000000
-1540.695800000000	-3606.402590000000	0.000000000000	7156.488770000000	-2704.438720000000	4004.887940000000
1	53	55
5000.000000000000	0.000000000000	0.000000000000	0.000000000000	9920.124019999999	-1621.776000000000
0.000000000000	5000.000000000000	0.000000000000	-9920.124019999999	0.000000000000	-4583.730470000000
0.000000000000	0.000000000000	5000.000000000000	1621.776000000000	4583.730470000000	0.000000000000
0.000000000000	-9920.124019999999	1621.776000000000	21779.919900000001	1451.704830000000	9378.105470000000
9920.124019999999	0.000000000000	4583.730470000000	1451.704830000000	26074.583999999999	-2953.458740000000
-1621.776000000000	-4583.730470000000	0.000000000000	9378.105470000000	-2953.458740000000	5459.058590000000
2	18	55
5000.000000000000	0.000000000000	0.000000000000	0.000000000000	11650.401400000001	1424.029660000000
0.000000000000	5000.000000000000	0.000000000000	-11650.401400000001	0.000000000000	1611.366580000000
0.000000000000	0.000000000000	5000.000000000000	-1424.029660000000	-1611.366580000000	0.000000000000
0.000000000000	-11650.401400000001	-1424.029660000000	29441.384800000000	1074.081050000000	-4391.162600000000
11650.401400000001	0.000000000000	-1611.366580000000	1074.081050000000	29678.918000000001	4173.725100000000
1424.029660000000	1611.366580000000	0.000000000000	-4391.162600000000	4173.725100000000	2741.790770000000
2	20	55
5000.000000000000	0.000000000000	0.000000000000	0.000000000000	10076.102500000001	34.565284700000
0.000000000000	5000.000000000000	0.000000000000	-10076.102500000001	0.000000000000	676.402100000000
0.000000000000	0.000000000000	5000.000000000000	-34.565284700000	-676.402100000000	0.000000000000
0.000000000000	-10076.102500000001	-34.565284700000	20875.175800000001	240.666794000000	-1652.774780000000
10076.102500000001	0.000000000000	-676.402100000000	240.666794000000	21649.601600000002	302.688995000000
34.565284700000	676.402100000000	0.000000000000	-1652.774780000000	302.688995000000	1062.494260000000
2	21	55
3194.000000000000	0.000000000000	0.000000000000	0.000000000000	6347.353520000000	-273.225128000000
0.000000000000	3194.000000000000	0.000000000000	-6347.353520000000	0.000000000000	-1241.491700000000
0.000000000000	0.000000000000	3194.000000000000	273.225128000000	1241.491700000000	0.000000000000
0.000000000000	-6347.353520000000	273.225128000000	12854.401400000001	131.362122000000	2607.272710000000
6347.353520000000	0.000000000000	1241.491700000000	131.362122000000	13845.090800000000	-479.409210000000
-273.225128000000	-1241.491700000000	0.000000000000	2607.272710000000	-479.409210000000	1107.878540000000
2	36	55
4375.000000000000	0.000000000000	0.000000000000	0.000000000000	10365.854499999999	1423.728270000000
0.000000000000	4375.000000000000	0.000000000000	-10365.854499999999	0.000000000000	2796.865480000000
0.000000000000	0.000000000000	4375.000000000000	-1423.728270000000	-2796.865480000000	0.000000000000
0.000000000000	-10365.854499999999	-1423.728270000000	25933.003900000000	1500.996580000000	-7190.942380000000
10365.854499999999	0.000000000000	-2796.865480000000	1500.996580000000	27841.828099999999	3761.161620000000
1423.728270000000	2796.865480000000	0.000000000000	-7190.942380000000	3761.161620000000	3785.923340000000
3	34	55
5000.000000000000	0.000000000000	0.000000000000	0.000000000000	11436.860400000000	-2887.709470000000
0.000000000000	5000.000000000000	0.000000000000	-11436.860400000000	0.000000000000	-915.812134000000
0.000000000000	0.000000000000	5000.000000000000	2887.709470000000	915.812134000000	0.000000000000
0.000000000000	-11436.860400000000	2887.709470000000	28844.771499999999	609.246094000000	2173.156250000000
11436.860400000000	0.000000000000	915.812134000000	609.246094000000	28110.064500000000	-6476.497070000000
-2887.709470000000	-915.812134000000	0.000000000000	2173.156250000000	-6476.497070000000	2676.408200000000
3	53	55
5000.000000000000	0.000000000000	0.000000000000	0.000000000000	11215.259800000000	-3069.294680000000
0.000000000000	5000.000000000000	0.000000000000	-11215.259800000000	0.000000000000	-1947.545530000000
0.000000000000	0.000000000000	5000.000000000000	3069.294680000000	1947.545530000000	0.000000000000
0.000000000000	-11215.259800000000	3069.294680000000	28006.716799999998	1226.458370000000	4605.611820000000
11215.259800000000	0.000000000000	1947.545530000000	1226.458370000000	27485.021499999999	-6792.086430000000
-3069.294680000000	-1947.545530000000	0.000000000000	4605.611820000000	-6792.086430000000	3298.267580000000
4	19	55
3227.000000000000	0.000000000000	0.000000000000	0.000000000000	6595.129390000000	53.728641500000
0.000000000000	3227.000000000000	0.000000000000	-6595.129390000000	0.000000000000	-1662.585570000000
0.000000000000	0.000000000000	3227.000000000000	-53.728641500000	1662.585570000000	0.000000000000
0.000000000000	-6595.129390000000	-53.728641500000	14429.383800000000	11.222283400000	3589.818120000000
6595.129390000000	0.000000000000	1662.585570000000	11.222283400000	14793.083000000001	-40.894844100000
53.728641500000	-1662.585570000000	0.000000000000	3589.818120000000	-40.894844100000	1759.405760000000
4	38	55
5000.000000000000	0.000000000000	0.000000000000	0.000000000000	8166.796390000000	-1578.204100000000
0.000000000000	5000.000000000000	0.000000000000	-8166.796390000000	0.000000000000	5791.683110000000
0.000000000000	0.000000000000	5000.000000000000	1578.204100000000	-5791.683110000000	0.000000000000
0.000000000000	-8166.796390000000	1578.204100000000	14348.909200000000	-1806.809690000000	-9310.175780000000
8166.796390000000	0.000000000000	-5791.683110000000	-1806.809690000000	20567.960899999998	-2559.220950000000
-1578.204100000000	5791.683110000000	0.000000000000	-9310.175780000000	-2559.220950000000	7734.127440000000
5	42	55
3360.000000000000	0.000000000000	0.000000000000	0.000000000000	4698.829100000000	-2028.276610000000
0.000000000000	3360.000000000000	0.000000000000	-4698.829100000000	0.000000000000	621.890503000000
0.000000000000	0.000000000000	3360.000000000000	2028.276610000000	-621.890503000000	0.000000000000
0.000000000000	-4698.829100000000	2028.276610000000	8094.980960000000	-483.958252000000	-801.638855000000
4698.829100000000	0.000000000000	-621.890503000000	-483.958252000000	7369.167970000000	-2863.559810000000
-2028.276610000000	621.890503000000	0.000000000000	-801.638855000000	-2863.559810000000	1813.119510000000
6	42	55
5000.000000000000	0.000000000000	0.000000000000	0.000000000000	8328.783200000000	-1985.048950000000
0.000000000000	5000.000000000000	0.000000000000	-8328.783200000000	0.000000000000	-1435.530760000000
0.000000000000	0.000000000000	5000.000000000000	1985.048950000000	1435.530760000000	0.000000000000
0.000000000000	-8328.783200000000	1985.048950000000	15565.894500000000	445.962952000000	2583.945800000000
8328.783200000000	0.000000000000	1435.530760000000	445.962952000000	15671.445299999999	-3279.157710000000
-1985.048950000000	-1435.530760000000	0.000000000000	2583.945800000000	-3279.157710000000	1794.880740000000
10	11	55
5000.000000000000	0.000000000000	0.000000000000	0.000000000000	9791.104490000000	-880.255798000000
0.000000000000	5000.000000000000	0.000000000000	-9791.104490000000	0.000000000000	-5390.245610000000
0.000000000000	0.000000000000	5000.000000000000	880.255798000000	5390.245610000000	0.000000000000
0.000000000000	-9791.104490000000	880.255798000000	20790.041000000001	834.529358000000	10709.796899999999
9791.104490000000	0.000000000000	5390.245610000000	834.529358000000	26296.447300000000	-1106.463010000000
-880.255798000000	-5390.245610000000	0.000000000000	10709.796899999999	-1106.463010000000	6710.794430000000
10	34	55
5000.000000000000	0.000000000000	0.000000000000	0.000000000000	9651.066409999999	-1043.859860000000
0.000000000000	5000.000000000000	0.000000000000	-9651.066409999999	0.000000000000	-5176.811040000000
0.000000000000	0.000000000000	5000.000000000000	1043.859860000000	5176.811040000000	0.000000000000
0.000000000000	-9651.066409999999	1043.859860000000	20270.029299999998	1047.702150000000	10059.434600000001
9651.066409999999	0.000000000000	5176.811040000000	1047.702150000000	25384.988300000001	-1414.407710000000
-1043.859860000000	-5176.811040000000	0.000000000000	10059.434600000001	-1414.407710000000	6239.854000000000
10	46	55
5000.000000000000	0.000000000000	0.000000000000	0.000000000000	9568.626950000000	-1087.934450000000
0.000000000000	5000.000000000000	0.000000000000	-9568.626950000000	0.000000000000	-5118.036130000000
0.000000000000	0.000000000000	5000.000000000000	1087.934450000000	5118.036130000000	0.000000000000
0.000000000000	-9568.626950000000	1087.934450000000	19802.107400000001	979.192810000000	9990.420899999999
9568.626950000000	0.000000000000	5118.036130000000	979.192810000000	24873.404299999998	-1556.072750000000
-1087.934450000000	-5118.036130000000	0.000000000000	9990.420899999999	-1556.072750000000	6218.167970000000
10	53	55
4801.000000000000	0.000000000000	0.000000000000	0.000000000000	8501.691409999999	-1467.902470000000
0.000000000000	4801.000000000000	0.000000000000	-8501.691409999999	0.000000000000	-5211.820800000000
0.000000000000	0.000000000000	4801.000000000000	1467.902470000000	5211.820800000000	0.000000000000
0.000000000000	-8501.691409999999	1467.902470000000	16357.679700000001	1542.581910000000	9316.566409999999
8501.691409999999	0.000000000000	5211.820800000000	1542.581910000000	21707.623000000000	-2254.268550000000
-1467.902470000000	-5211.820800000000	0.000000000000	9316.566409999999	-2254.268550000000	6605.834470000000
11	18	55
5000.000000000000	0.000000000000	0.000000000000	0.000000000000	8327.430660000000	-1220.658450000000
0.000000000000	5000.000000000000	0.000000000000	-8327.430660000000	0.000000000000	1381.532710000000
0.000000000000	0.000000000000	5000.000000000000	1220.658450000000	-1381.532710000000	0.000000000000
0.000000000000	-8327.430660000000	1220.658450000000	14695.442400000000	-281.580078000000	-2468.580080000000
8327.430660000000	0.000000000000	-1381.532710000000	-281.580078000000	15243.846700000000	-1807.550900000000
-1220.658450000000	1381.532710000000	0.000000000000	-2468.580080000000	-1807.550900000000	1420.844730000000
11	20	55
5000.000000000000	0.000000000000	0.000000000000	0.000000000000	7594.001950000000	-1649.870730000000
0.000000000000	5000.000000000000	0.000000000000	-7594.001950000000	0.000000000000	1113.228030000000
0.000000000000	0.000000000000	5000.000000000000	1649.870730000000	-1113.228030000000	0.000000000000
0.000000000000	-7594.001950000000	1649.870730000000	12302.157200000000	-367.742584000000	-1774.443730000000
7594.001950000000	0.000000000000	-1113.228030000000	-367.742584000000	12461.825199999999	-2414.742190000000
-1649.870730000000	1113.228030000000	0.000000000000	-1774.443730000000	-2414.742190000000	1359.894170000000
11	21	55
3917.000000000000	0.000000000000	0.000000000000	0.000000000000	6538.811520000000	-832.649109000000
0.000000000000	3917.000000000000	0.000000000000	-6538.811520000000	0.000000000000	-369.547882000000
0.000000000000	0.000000000000	3917.000000000000	832.649109000000	369.547882000000	0.000000000000
0.000000000000	-6538.811520000000	832.649109000000	11354.490200000000	-44.452068300000	750.843567000000
6538.811520000000	0.000000000000	369.547882000000	-44.452068300000	11708.446300000000	-1275.956670000000
-832.649109000000	-369.547882000000	0.000000000000	750.843567000000	-1275.956670000000	880.132019000000
11	43	55
5000.000000000000	0.000000000000	0.000000000000	0.000000000000	9716.575199999999	-582.562256000000
0.000000000000	5000.000000000000	0.000000000000	-9716.575199999999	0.000000000000	2764.979250000000
0.000000000000	0.000000000000	5000.000000000000	582.562256000000	-2764.979250000000	0.000000000000
0.000000000000	-9716.575199999999	582.562256000000	19687.822300000000	-284.566254000000	-5446.639160000000
9716.575199999999	0.000000000000	-2764.979250000000	-284.566254000000	21214.486300000000	-824.815308000000
-582.562256000000	2764.979250000000	0.000000000000	-5446.639160000000	-824.815308000000	2012.521850000000
11	44	55
4159.000000000000	0.000000000000	0.000000000000	0.000000000000	8109.680180000000	-288.445038000000
0.000000000000	4159.000000000000	0.000000000000	-8109.680180000000	0.000000000000	2920.795170000000
0.000000000000	0.000000000000	4159.000000000000	288.445038000000	-2920.795170000000	0.000000000000
0.000000000000	-8109.680180000000	288.445038000000	16876.064500000000	73.047660800000	-6027.743650000000
8109.680180000000	0.000000000000	-2920.795170000000	73.047660800000	18795.552700000000	-116.612434000000
-288.445038000000	2920.795170000000	0.000000000000	-6027.743650000000	-116.612434000000	2816.318600000000
11	45	55
5000.000000000000	0.000000000000	0.000000000000	0.000000000000	10520.472700000000	390.527802000000
0.000000000000	5000.000000000000	0.000000000000	-10520.472700000000	0.000000000000	3046.491210000000
0.000000000000	0.000000000000	5000.000000000000	-390.527802000000	-3046.491210000000	0.000000000000
0.000000000000	-10520.472700000000	-390.527802000000	23778.511699999999	677.123657000000	-6840.669920000000
10520.472700000000	0.000000000000	-3046.491210000000	677.123657000000	25673.009800000000	1523.614260000000
390.527802000000	3046.491210000000	0.000000000000	-6840.669920000000	1523.614260000000	3324.358640000000
12	22	55
5000.000000000000	0.000000000000	0.000000000000	0.000000000000	9887.541020000001	-3284.637940000000
0.000000000000	5000.000000000000	0.000000000000	-9887.541020000001	0.000000000000	-4661.120610000000
0.000000000000	0.000000000000	5000.000000000000	3284.637940000000	4661.120610000000	0.000000000000
0.000000000000	-9887.541020000001	3284.637940000000	22068.293000000001	3155.619630000000	9446.300780000000
9887.541020000001	0.000000000000	4661.120610000000	3155.619630000000	24991.695299999999	-6476.898930000000
-3284.637940000000	-4661.120610000000	0.000000000000	9446.300780000000	-6476.898930000000	7371.234860000000
12	25	55
5000.000000000000	0.000000000000	0.000000000000	0.000000000000	13765.842800000000	-947.936401000000
0.000000000000	5000.000000000000	0.000000000000	-13765.842800000000	0.000000000000	-6122.646480000000
0.000000000000	0.000000000000	5000.000000000000	947.936401000000	6122.646480000000	0.000000000000
0.000000000000	-13765.842800000000	947.936401000000	39558.375000000000	1218.071660000000	16857.230500000001
13765.842800000000	0.000000000000	6122.646480000000	1218.071660000000	46592.578099999999	-1983.479130000000
-947.936401000000	-6122.646480000000	0.000000000000	16857.230500000001	-1983.479130000000	8286.756840000000
13	30	55
995.000000000000	0.000000000000	0.000000000000	0.000000000000	2841.270750000000	219.271484000000
0.000000000000	995.000000000000	0.000000000000	-2841.270750000000	0.000000000000	492.746490000000
0.000000000000	0.000000000000	995.000000000000	-219.271484000000	-492.746490000000	0.000000000000
0.000000000000	-2841.270750000000	-219.271484000000	8491.772460000000	118.126839000000	-1432.604370000000
2841.270750000000	0.000000000000	-492.746490000000	118.126839000000	8654.978520000001	677.623413000000
219.271484000000	492.746490000000	0.000000000000	-1432.604370000000	677.623413000000	344.753235000000
17	34	55
3722.000000000000	0.000000000000	0.000000000000	0.000000000000	5604.704590000000	-1619.828370000000
0.000000000000	3722.000000000000	0.000000000000	-5604.704590000000	0.000000000000	-2045.555790000000
0.000000000000	0.000000000000	3722.000000000000	1619.828370000000	2045.555790000000	0.000000000000
0.000000000000	-5604.704590000000	1619.828370000000	9847.361330000000	698.366333000000	2922.112300000000
5604.704590000000	0.000000000000	2045.555790000000	698.366333000000	10921.733399999999	-2408.704100000000
-1619.828370000000	-2045.555790000000	0.000000000000	2922.112300000000	-2408.704100000000	2733.760990000000
17	53	55
3166.000000000000	0.000000000000	0.000000000000	0.000000000000	4386.361330000000	-1458.613160000000
0.000000000000	3166.000000000000	0.000000000000	-4386.361330000000	0.000000000000	-1390.099240000000
0.000000000000	0.000000000000	3166.000000000000	1458.613160000000	1390.099240000000	0.000000000000
0.000000000000	-4386.361330000000	1458.613160000000	7370.751950000000	582.244690000000	1837.088500000000
4386.361330000000	0.000000000000	1390.099240000000	582.244690000000	7632.625490000000	-2004.844970000000
-1458.613160000000	-1390.099240000000	0.000000000000	1837.088500000000	-2004.844970000000	1724.179440000000
18	34	55
5000.000000000000	0.000000000000	0.000000000000	0.000000000000	7994.011720000000	-1753.425660000000
0.000000000000	5000.000000000000	0.000000000000	-7994.011720000000	0.000000000000	-1479.351200000000
0.000000000000	0.000000000000	5000.000000000000	1753.425660000000	1479.351200000000	0.000000000000
0.000000000000	-7994.011720000000	1753.425660000000	13847.406300000001	467.051239000000	2138.384280000000
7994.011720000000	0.000000000000	1479.351200000000	467.051239000000	14926.751000000000	-2682.584720000000
-1753.425660000000	-1479.351200000000	0.000000000000	2138.384280000000	-2682.584720000000	2426.006840000000
18	35	55
5000.000000000000	0.000000000000	0.000000000000	0.000000000000	8050.366210000000	-1062.919800000000
0.000000000000	5000.000000000000	0.000000000000	-8050.366210000000	0.000000000000	-2957.656250000000
0.000000000000	0.000000000000	5000.000000000000	1062.919800000000	2957.656250000000	0.000000000000
0.000000000000	-8050.366210000000	1062.919800000000	13927.770500000001	110.720520000000	4265.788570000000
8050.366210000000	0.000000000000	2957.656250000000	110.720520000000	17792.677700000000	-1767.517580000000
-1062.919800000000	-2957.656250000000	0.000000000000	4265.788570000000	-1767.517580000000	4781.567870000000
18	43	55
5000.000000000000	0.000000000000	0.000000000000	0.000000000000	10155.910200000000	-981.856995000000
0.000000000000	5000.000000000000	0.000000000000	-10155.910200000000	0.000000000000	-2048.932130000000
0.000000000000	0.000000000000	5000.000000000000	981.856995000000	2048.932130000000	0.000000000000
0.000000000000	-10155.910200000000	981.856995000000	22723.910199999998	484.494293000000	3928.000240000000
10155.910200000000	0.000000000000	2048.932130000000	484.494293000000	24090.064500000000	-1360.968630000000
-981.856995000000	-2048.932130000000	0.000000000000	3928.000240000000	-1360.968630000000	2352.907470000000
18	46	55
5000.000000000000	0.000000000000	0.000000000000	0.000000000000	7878.499510000000	-1910.408810000000
0.000000000000	5000.000000000000	0.000000000000	-7878.499510000000	0.000000000000	-537.513794000000
0.000000000000	0.000000000000	5000.000000000000	1910.408810000000	537.513794000000	0.000000000000
0.000000000000	-7878.499510000000	1910.408810000000	13582.087900000000	149.869858000000	866.299133000000
7878.499510000000	0.000000000000	537.513794000000	149.869858000000	13673.460900000000	-2869.430420000000
-1910.408810000000	-537.513794000000	0.000000000000	866.299133000000	-2869.430420000000	1665.418950000000
18	53	55
5000.000000000000	0.000000000000	0.000000000000	0.000000000000	7632.002440000000	-1979.642090000000
0.000000000000	5000.000000000000	0.000000000000	-7632.002440000000	0.000000000000	-892.677979000000
0.000000000000	0.000000000000	5000.000000000000	1979.642090000000	892.677979000000	0.000000000000
0.000000000000	-7632.002440000000	1979.642090000000	12776.216800000000	307.500366000000	1334.551390000000
7632.002440000000	0.000000000000	892.677979000000	307.500366000000	13025.722700000000	-2914.762700000000
-1979.642090000000	-892.677979000000	0.000000000000	1334.551390000000	-2914.762700000000	1905.247800000000
18	54	55
5000.000000000000	0.000000000000	0.000000000000	0.000000000000	8163.469240000000	-1577.572140000000
0.000000000000	5000.000000000000	0.000000000000	-8163.469240000000	0.000000000000	-1422.544310000000
0.000000000000	0.000000000000	5000.000000000000	1577.572140000000	1422.544310000000	0.000000000000
0.000000000000	-8163.469240000000	1577.572140000000	14350.580099999999	254.739105000000	2058.141110000000
8163.469240000000	0.000000000000	1422.544310000000	254.739105000000	15626.136699999999	-2508.017580000000
-1577.572140000000	-1422.544310000000	0.000000000000	2058.141110000000	-2508.017580000000	2459.418700000000
19	35	55
5000.000000000000	0.000000000000	0.000000000000	0.000000000000	8555.333979999999	-151.967484000000
0.000000000000	5000.000000000000	0.000000000000	-8555.333979999999	0.000000000000	-493.321442000000
0.000000000000	0.000000000000	5000.000000000000	151.967484000000	493.321442000000	0.000000000000
0.000000000000	-8555.333979999999	151.967484000000	15878.255900000000	-134.114380000000	588.351440000000
8555.333979999999	0.000000000000	493.321442000000	-134.114380000000	15694.218800000001	-77.358169600000
-151.967484000000	-493.321442000000	0.000000000000	588.351440000000	-77.358169600000	1227.402830000000
20	34	55
5000.000000000000	0.000000000000	0.000000000000	0.000000000000	7442.158690000000	-3606.758540000000
0.000000000000	5000.000000000000	0.000000000000	-7442.158690000000	0.000000000000	1271.360230000000
0.000000000000	0.000000000000	5000.000000000000	3606.758540000000	-1271.360230000000	0.000000000000
0.000000000000	-7442.158690000000	3606.758540000000	14003.540999999999	-979.842712000000	-1820.742800000000
7442.158690000000	0.000000000000	-1271.360230000000	-979.842712000000	12419.028300000000	-5317.822270000000
-3606.758540000000	1271.360230000000	0.000000000000	-1820.742800000000	-5317.822270000000	3646.476320000000
20	35	55
5000.000000000000	0.000000000000	0.000000000000	0.000000000000	7844.431150000000	-3583.032960000000
0.000000000000	5000.000000000000	0.000000000000	-7844.431150000000	0.000000000000	1494.873780000000
0.000000000000	0.000000000000	5000.000000000000	3583.032960000000	-1494.873780000000	0.000000000000
0.000000000000	-7844.431150000000	3583.032960000000	15339.670899999999	-1172.953130000000	-2044.001340000000
7844.431150000000	0.000000000000	-1494.873780000000	-1172.953130000000	14254.584999999999	-5546.560550000000
-3583.032960000000	1494.873780000000	0.000000000000	-2044.001340000000	-5546.560550000000	4087.771000000000
20	43	55
5000.000000000000	0.000000000000	0.000000000000	0.000000000000	10418.248000000000	-2928.425290000000
0.000000000000	5000.000000000000	0.000000000000	-10418.248000000000	0.000000000000	131.329498000000
0.000000000000	0.000000000000	5000.000000000000	2928.425290000000	-131.329498000000	0.000000000000
0.000000000000	-10418.248000000000	2928.425290000000	25890.683600000000	8.239874840000	-708.352478000000
10418.248000000000	0.000000000000	-131.329498000000	8.239874840000	25006.087899999999	-5565.544920000000
-2928.425290000000	131.329498000000	0.000000000000	-708.352478000000	-5565.544920000000	2994.115480000000
20	44	55
5000.000000000000	0.000000000000	0.000000000000	0.000000000000	10793.011699999999	-2776.569580000000
0.000000000000	5000.000000000000	0.000000000000	-10793.011699999999	0.000000000000	141.622421000000
0.000000000000	0.000000000000	5000.000000000000	2776.569580000000	-141.622421000000	0.000000000000
0.000000000000	-10793.011699999999	2776.569580000000	27759.252000000000	15.635318800000	-719.048279000000
10793.011699999999	0.000000000000	-141.622421000000	15.635318800000	26872.953099999999	-5341.313960000000
-2776.569580000000	141.622421000000	0.000000000000	-719.048279000000	-5341.313960000000	2766.035400000000
20	45	55
5000.000000000000	0.000000000000	0.000000000000	0.000000000000	10739.160200000000	-2739.604000000000
0.000000000000	5000.000000000000	0.000000000000	-10739.160200000000	0.000000000000	379.217773000000
0.000000000000	0.000000000000	5000.000000000000	2739.604000000000	-379.217773000000	0.000000000000
0.000000000000	-10739.160200000000	2739.604000000000	27368.787100000001	-313.522186000000	-691.984802000000
10739.160200000000	0.000000000000	-379.217773000000	-313.522186000000	27020.275399999999	-5220.710940000000
-2739.604000000000	379.217773000000	0.000000000000	-691.984802000000	-5220.710940000000	3263.475340000000
20	46	55
4911.000000000000	0.000000000000	0.000000000000	0.000000000000	6969.529790000000	-3629.078860000000
0.000000000000	4911.000000000000	0.000000000000	-6969.529790000000	0.000000000000	1465.458980000000
0.000000000000	0.000000000000	4911.000000000000	3629.078860000000	-1465.458980000000	0.000000000000
0.000000000000	-6969.529790000000	3629.078860000000	12923.279300000000	-1166.406860000000	-1936.242310000000
6969.529790000000	0.000000000000	-1465.458980000000	-1166.406860000000	11385.211900000000	-5090.333980000000
-3629.078860000000	1465.458980000000	0.000000000000	-1936.242310000000	-5090.333980000000	3866.274900000000
20	53	55
5000.000000000000	0.000000000000	0.000000000000	0.000000000000	6887.918950000000	-3755.502930000000
0.000000000000	5000.000000000000	0.000000000000	-6887.918950000000	0.000000000000	1246.120360000000
0.000000000000	0.000000000000	5000.000000000000	3755.502930000000	-1246.120360000000	0.000000000000
0.000000000000	-6887.918950000000	3755.502930000000	12586.313500000000	-1066.047610000000	-1614.538450000000
6887.918950000000	0.000000000000	-1246.120360000000	-1066.047610000000	11013.413100000000	-5139.157230000000
-3755.502930000000	1246.120360000000	0.000000000000	-1614.538450000000	-5139.157230000000	4138.666020000000
20	54	55
5000.000000000000	0.000000000000	0.000000000000	0.000000000000	7513.332520000000	-3614.378660000000
0.000000000000	5000.000000000000	0.000000000000	-7513.332520000000	0.000000000000	1315.956300000000
0.000000000000	0.000000000000	5000.000000000000	3614.378660000000	-1315.956300000000	0.000000000000
0.000000000000	-7513.332520000000	3614.378660000000	14273.282200000000	-1023.406980000000	-1821.039550000000
7513.332520000000	0.000000000000	-1315.956300000000	-1023.406980000000	12715.521500000001	-5369.763670000000
-3614.378660000000	1315.956300000000	0.000000000000	-1821.039550000000	-5369.763670000000	3701.828860000000
21	34	55
5000.000000000000	0.000000000000	0.000000000000	0.000000000000	7446.021000000000	-1681.703610000000
0.000000000000	5000.000000000000	0.000000000000	-7446.021000000000	0.000000000000	-544.249329000000
0.000000000000	0.000000000000	5000.000000000000	1681.703610000000	544.249329000000	0.000000000000
0.000000000000	-7446.021000000000	1681.703610000000	12503.825199999999	-211.121918000000	777.429932000000
7446.021000000000	0.000000000000	544.249329000000	-211.121918000000	13054.885700000001	-2339.111080000000
-1681.703610000000	-544.249329000000	0.000000000000	777.429932000000	-2339.111080000000	2169.788570000000
21	35	55
3176.000000000000	0.000000000000	0.000000000000	0.000000000000	4649.851560000000	-864.827698000000
0.000000000000	3176.000000000000	0.000000000000	-4649.851560000000	0.000000000000	-858.706177000000
0.000000000000	0.000000000000	3176.000000000000	864.827698000000	858.706177000000	0.000000000000
0.000000000000	-4649.851560000000	864.827698000000	7418.081540000000	167.218933000000	1384.396480000000
4649.851560000000	0.000000000000	858.706177000000	167.218933000000	7641.668950000000	-1127.086790000000
-864.827698000000	-858.706177000000	0.000000000000	1384.396480000000	-1127.086790000000	821.279114000000
21	43	55
2053.000000000000	0.000000000000	0.000000000000	0.000000000000	3991.950680000000	-64.761970500000
0.000000000000	2053.000000000000	0.000000000000	-3991.950680000000	0.000000000000	-1534.729610000000
0.000000000000	0.000000000000	2053.000000000000	64.761970500000	1534.729610000000	0.000000000000
0.000000000000	-3991.950680000000	64.761970500000	8741.588870000000	-32.280593900000	3165.973390000000
3991.950680000000	0.000000000000	1534.729610000000	-32.280593900000	9803.299800000001	235.406708000000
-64.761970500000	-1534.729610000000	0.000000000000	3165.973390000000	235.406708000000	1446.861570000000
21	45	55
2866.000000000000	0.000000000000	0.000000000000	0.000000000000	4890.472170000000	-435.244781000000
0.000000000000	2866.000000000000	0.000000000000	-4890.472170000000	0.000000000000	-1557.183110000000
0.000000000000	0.000000000000	2866.000000000000	435.244781000000	1557.183110000000	0.000000000000
0.000000000000	-4890.472170000000	435.244781000000	9272.464840000001	137.544540000000	2847.006590000000
4890.472170000000	0.000000000000	1557.183110000000	137.544540000000	10066.669900000001	-409.837311000000
-435.244781000000	-1557.183110000000	0.000000000000	2847.006590000000	-409.837311000000	1246.613160000000
21	46	55
4756.000000000000	0.000000000000	0.000000000000	0.000000000000	6550.730470000000	-1695.957890000000
0.000000000000	4756.000000000000	0.000000000000	-6550.730470000000	0.000000000000	-500.257446000000
0.000000000000	0.000000000000	4756.000000000000	1695.957890000000	500.257446000000	0.000000000000
0.000000000000	-6550.730470000000	1695.957890000000	10189.158200000000	-32.988239300000	697.736328000000
6550.730470000000	0.000000000000	500.257446000000	-32.988239300000	10484.731400000001	-2209.503660000000
-1695.957890000000	-500.257446000000	0.000000000000	697.736328000000	-2209.503660000000	1759.999270000000
21	53	55
4343.000000000000	0.000000000000	0.000000000000	0.000000000000	6032.466310000000	-1662.042850000000
0.000000000000	4343.000000000000	0.000000000000	-6032.466310000000	0.000000000000	-273.701233000000
0.000000000000	0.000000000000	4343.000000000000	1662.042850000000	273.701233000000	0.000000000000
0.000000000000	-6032.466310000000	1662.042850000000	9583.877930000001	-190.487915000000	313.840271000000
6032.466310000000	0.000000000000	273.701233000000	-190.487915000000	9858.816409999999	-2242.855220000000
-1662.042850000000	-273.701233000000	0.000000000000	313.840271000000	-2242.855220000000	1878.942990000000
21	54	55
3708.000000000000	0.000000000000	0.000000000000	0.000000000000	5278.466800000000	-1095.532590000000
0.000000000000	3708.000000000000	0.000000000000	-5278.466800000000	0.000000000000	-823.969543000000
0.000000000000	0.000000000000	3708.000000000000	1095.532590000000	823.969543000000	0.000000000000
0.000000000000	-5278.466800000000	1095.532590000000	8274.749019999999	127.154243000000	1393.491700000000
5278.466800000000	0.000000000000	823.969543000000	127.154243000000	8518.950199999999	-1397.138310000000
-1095.532590000000	-823.969543000000	0.000000000000	1393.491700000000	-1397.138310000000	1042.700070000000
22	33	55
1065.000000000000	0.000000000000	0.000000000000	0.000000000000	1941.110720000000	-498.563965000000
0.000000000000	1065.000000000000	0.000000000000	-1941.110720000000	0.000000000000	882.604736000000
0.000000000000	0.000000000000	1065.000000000000	498.563965000000	-882.604736000000	0.000000000000
0.000000000000	-1941.110720000000	498.563965000000	3821.808350000000	-448.455139000000	-1594.953860000000
1941.110720000000	0.000000000000	-882.604736000000	-448.455139000000	4486.852050000000	-892.588135000000
-498.563965000000	882.604736000000	0.000000000000	-1594.953860000000	-892.588135000000	1203.051150000000
22	47	55
5000.000000000000	0.000000000000	0.000000000000	0.000000000000	9822.814450000000	-1980.586910000000
0.000000000000	5000.000000000000	0.000000000000	-9822.814450000000	0.000000000000	3347.993900000000
0.000000000000	0.000000000000	5000.000000000000	1980.586910000000	-3347.993900000000	0.000000000000
0.000000000000	-9822.814450000000	1980.586910000000	20873.076200000000	-1244.963500000000	-6793.039060000000
9822.814450000000	0.000000000000	-3347.993900000000	-1244.963500000000	22829.019499999999	-3550.176270000000
-1980.586910000000	3347.993900000000	0.000000000000	-6793.039060000000	-3550.176270000000	4140.287110000000
22	48	55
5000.000000000000	0.000000000000	0.000000000000	0.000000000000	11485.798800000000	-693.519165000000
0.000000000000	5000.000000000000	0.000000000000	-11485.798800000000	0.000000000000	4460.766600000000
0.000000000000	0.000000000000	5000.000000000000	693.519165000000	-4460.766600000000	0.000000000000
0.000000000000	-11485.798800000000	693.519165000000	28869.837899999999	-279.761108000000	-10715.751000000000
11485.798800000000	0.000000000000	-4460.766600000000	-279.761108000000	32473.925800000001	-485.584961000000
-693.519165000000	4460.766600000000	0.000000000000	-10715.751000000000	-485.584961000000	5787.222170000000
22	52	55
5000.000000000000	0.000000000000	0.000000000000	0.000000000000	10736.834999999999	-1269.552610000000
0.000000000000	5000.000000000000	0.000000000000	-10736.834999999999	0.000000000000	4794.533690000000
0.000000000000	0.000000000000	5000.000000000000	1269.552610000000	-4794.533690000000	0.000000000000
0.000000000000	-10736.834999999999	1269.552610000000	24505.527300000002	-959.832031000000	-10734.395500000001
10736.834999999999	0.000000000000	-4794.533690000000	-959.832031000000	29194.554700000001	-2221.264650000000
-1269.552610000000	4794.533690000000	0.000000000000	-10734.395500000001	-2221.264650000000	6127.811040000000
25	27	55
5000.000000000000	0.000000000000	0.000000000000	0.000000000000	13213.421899999999	4458.151370000000
0.000000000000	5000.000000000000	0.000000000000	-13213.421899999999	0.000000000000	5495.126950000000
0.000000000000	0.000000000000	5000.000000000000	-4458.151370000000	-5495.126950000000	0.000000000000
0.000000000000	-13213.421899999999	-4458.151370000000	39390.808599999997	4807.625980000000	-14517.752000000000
13213.421899999999	0.000000000000	-5495.126950000000	4807.625980000000	41762.875000000000	12005.450199999999
4458.151370000000	5495.126950000000	0.000000000000	-14517.752000000000	12005.450199999999	10832.877899999999
25	28	55
3803.000000000000	0.000000000000	0.000000000000	0.000000000000	10370.553700000000	3737.670170000000
0.000000000000	3803.000000000000	0.000000000000	-10370.553700000000	0.000000000000	4148.078610000000
0.000000000000	0.000000000000	3803.000000000000	-3737.670170000000	-4148.078610000000	0.000000000000
0.000000000000	-10370.553700000000	-3737.670170000000	32123.494100000000	4042.906740000000	-11328.265600000001
10370.553700000000	0.000000000000	-4148.078610000000	4042.906740000000	33278.546900000001	10264.805700000001
3737.670170000000	4148.078610000000	0.000000000000	-11328.265600000001	10264.805700000001	8671.354490000000
25	31	55
584.000000000000	0.000000000000	0.000000000000	0.000000000000	746.326843000000	-237.517776000000
0.000000000000	584.000000000000	0.000000000000	-746.326843000000	0.000000000000	307.521179000000
0.000000000000	0.000000000000	584.000000000000	237.517776000000	-307.521179000000	0.000000000000
0.000000000000	-746.326843000000	237.517776000000	1089.448360000000	-119.071884000000	-398.680481000000
746.326843000000	0.000000000000	-307.521179000000	-119.071884000000	1160.911620000000	-309.273163000000
-237.517776000000	307.521179000000	0.000000000000	-398.680481000000	-309.273163000000	284.057831000000
25	32	55
5000.000000000000	0.000000000000	0.000000000000	0.000000000000	8918.324220000000	-575.602417000000
0.000000000000	5000.000000000000	0.000000000000	-8918.324220000000	0.000000000000	3243.855220000000
0.000000000000	0.000000000000	5000.000000000000	575.602417000000	-3243.855220000000	0.000000000000
0.000000000000	-8918.324220000000	575.602417000000	16637.502000000000	45.400001500000	-6108.779300000000
8918.324220000000	0.000000000000	-3243.855220000000	45.400001500000	19481.474600000001	-741.350647000000
-575.602417000000	3243.855220000000	0.000000000000	-6108.779300000000	-741.350647000000	3721.063720000000
25	33	55
5000.000000000000	0.000000000000	0.000000000000	0.000000000000	8225.539059999999	-1215.638060000000
0.000000000000	5000.000000000000	0.000000000000	-8225.539059999999	0.000000000000	3340.327150000000
0.000000000000	0.000000000000	5000.000000000000	1215.638060000000	-3340.327150000000	0.000000000000
0.000000000000	-8225.539059999999	1215.638060000000	14237.473599999999	-679.453796000000	-5601.042480000000
8225.539059999999	0.000000000000	-3340.327150000000	-679.453796000000	16626.179700000001	-1865.639890000000
-1215.638060000000	3340.327150000000	0.000000000000	-5601.042480000000	-1865.639890000000	3328.948240000000
25	47	55
5000.000000000000	0.000000000000	0.000000000000	0.000000000000	7399.253420000000	-2004.826900000000
0.000000000000	5000.000000000000	0.000000000000	-7399.253420000000	0.000000000000	1460.710940000000
0.000000000000	0.000000000000	5000.000000000000	2004.826900000000	-1460.710940000000	0.000000000000
0.000000000000	-7399.253420000000	2004.826900000000	12187.411099999999	-381.774261000000	-2071.055420000000
7399.253420000000	0.000000000000	-1460.710940000000	-381.774261000000	12614.422900000000	-2934.325440000000
-2004.826900000000	1460.710940000000	0.000000000000	-2071.055420000000	-2934.325440000000	2241.707280000000
25	50	55
4184.000000000000	0.000000000000	0.000000000000	0.000000000000	9874.644530000000	2581.521970000000
0.000000000000	4184.000000000000	0.000000000000	-9874.644530000000	0.000000000000	-3140.971440000000
0.000000000000	0.000000000000	4184.000000000000	-2581.521970000000	3140.971440000000	0.000000000000
0.000000000000	-9874.644530000000	-2581.521970000000	25251.273399999998	-1713.574830000000	7557.761230000000
