0	34	1
0.9656292325209999	-0.055774756779000005	0.25385123626	-2.275339009169
-0.018843771911999985	0.959105791078	0.28241898731	0.2751744950099999
-0.259224582145	-0.277493882616	0.9250945467680001	-0.44712438136899985
0.0	0.0	0.0	1.0
0	53	2
0.785434323689	0.25245595604399995	-0.5651095292469999	-0.2852225982919999
-0.18102543015	0.96680721391	0.18030531183999995	0.047813398816
0.5918716267	-0.039319225734	0.80507305234	-0.31785169564
0.0	0.0	0.0	1.0
1	11	3
0.9213932379169999	0.269422358022	-0.28008909080899996	-0.5013192489599998
-0.16108317796000002	0.920628995924	0.355661364536	-0.42351164951199993
0.353682276655	-0.282585692775	0.891661036884	0.17941103702700004
0.0	0.0	0.0	1.0
1	18	4
-0.5378163298199999	-0.29961357152400003	0.788029949398	-1.844871972289
0.097421538196	0.906372466692	0.411095245976	-0.6400044284919999
-0.837415686459	0.297864211365	-0.458273530058	2.290828676414
0.0	0.0	0.0	1.0
1	34	5
0.982435731676	-0.137277281595	0.126360378478	-1.9375454947679998
0.08366631502	0.929470790492	0.359279460524	-0.12661828725600002
-0.166772473893	-0.342394706998	0.92463676591	-0.47071362810199996
0.0	0.0	0.0	1.0
1	53	6
0.738059497673	0.142758107724	-0.6594543850689999	0.04265234376800014
-0.05386496014000001	0.9867047285480001	0.15331761783999998	-0.10607717482399992
0.6725747272020001	-0.077635923928	0.735945908024	-0.14304648244300003
0.0	0.0	0.0	1.0
2	18	7
-0.666437568658	-0.14236029274199996	0.7318461867600001	-1.239839139802
0.348240066185	0.808509358101	0.474387567156	-1.057631107873
-0.6592352630199999	0.57100744614	-0.489246837946	2.6253149144139996
0.0	0.0	0.0	1.0
2	20	8
-0.557850561876	-0.013824893885000012	0.8298287503499999	-1.0781531344989999
0.363838053448	0.8945881076850001	0.259492260832	-1.1108645970029998
-0.745940219497	0.4466808394729999	-0.49401792789899995	2.5973601755209996
0.0	0.0	0.0	1.0
2	21	9
-0.895584714771	-0.075546254912	0.438432796227	-1.206635811894
0.261544013902	0.707799664134	0.6562130792199999	-0.9924226064160001
-0.35989472056999994	0.702364968022	-0.6141352187579999	2.564365798703
0.0	0.0	0.0	1.0
2	36	10
0.22487838953000003	-0.22065385286500003	0.9490697034969999	-1.0315023581079998
0.365471330842	0.9220089611050001	0.12776583120100005	-0.324099249827
-0.903250785461	0.318129734738	0.28798499424499996	1.0435742687969998
0.0	0.0	0.0	1.0
3	34	11
0.956653946794	-0.15468327525199999	0.24673621278299998	-1.8001315328239995
0.03503980589600001	0.902249021723	0.429785395044	0.029201831650999877
-0.289101832525	-0.402508921652	0.8685661193409999	-0.264229097611
0.0	0.0	0.0	1.0
3	53	12
0.812773805102	0.156798633433	-0.561074315451	0.20510635104300023
-0.024002996717000003	0.971290159826	0.23666821553099998	0.007175434604999957
0.582076198846	-0.17889063616700002	0.793213096427	-0.17756474806300007
0.0	0.0	0.0	1.0
4	19	13
0.910892975621	-0.012529268393999975	0.412461223857	-2.450746819749
-0.066358901074	0.9820819460900001	0.176378137273	-0.1262405883710001
-0.407277546013	-0.188032943228	0.893738947547	-0.07572035102699992
0.0	0.0	0.0	1.0
4	38	14
0.776689414728	-0.267686805943	0.570174506807	0.544565238811
0.06895523913900001	0.9358974178310001	0.34545028593	-0.09422350043600006
-0.6260963409	-0.22898885386900003	0.7453569297069998	0.07558332927300024
0.0	0.0	0.0	1.0
5	42	15
0.379464664712	0.814459867808	-0.438933848775	0.6814890075720003
-0.133104179876	0.5175318800440001	0.8452417104759999	-0.5345405511660001
0.915580102635	-0.26231312776	0.30478937086499996	0.5510951006550002
0.0	0.0	0.0	1.0
6	42	16
0.350401421682	0.845457717928	-0.40301295719499997	0.27181184068700015
-0.25715769635200003	0.500596073552	0.82659847197	-0.66017715823
0.900602651208	-0.18600190787199997	0.39282296575200004	0.7811848215360002
0.0	0.0	0.0	1.0
10	11	17
0.720021306045	0.39849719073	-0.56812932796	-0.46838398659
-0.382665760793	0.910962587007	0.15399382166299996	-0.06801595572500008
0.578911611672	0.106523313995	0.808404125382	0.21003566389000008
0.0	0.0	0.0	1.0
10	34	18
0.97845546743	0.04253672372500001	-0.202011664685	-1.552461471445
-0.025133607912999987	0.995805841956	0.08794293584299995	0.5974566329649997
0.20490096557300003	-0.08096882982899999	0.9754264320709999	-0.7674461582
0.0	0.0	0.0	1.0
10	46	19
0.512785109335	0.272044649985	-0.8142698522400001	0.33466841587000007
-0.331327448116	0.937693456024	0.10462858732999998	0.10092351872099992
0.7919980337910001	0.21613851567300002	0.5709780672129999	0.351852091666
0.0	0.0	0.0	1.0
10	53	20
0.4385266171749999	0.20922672785500002	-0.8740214960499999	0.17050403155999994
-0.33417590600600006	0.940749376275	0.057532215133	0.23577962966299995
0.834271378465	0.26684664665700003	0.48247034589999993	0.19668150521400005
0.0	0.0	0.0	1.0
11	18	21
-0.807409525475	-0.31671353703899996	0.49777980052400006	-0.4562946860820001
0.18143142282100003	0.669537362805	0.720279715438	-1.157948098121
-0.56140350783	0.6718721437619999	-0.48313151381799996	2.181979396879
0.0	0.0	0.0	1.0
11	20	22
-0.7185779389560001	-0.234262019269	0.6548046411039998	-0.29008982867800026
0.23772693522900004	0.802097998019	0.547837180685	-1.155541335061
-0.653555057629	0.549326681665	-0.520681458651	2.135852258324
0.0	0.0	0.0	1.0
11	21	23
-0.966119063908	-0.20891350056199998	0.15155809293399997	-0.4510455073570002
0.0013092237790000016	0.5832375022439998	0.8123001632269999	-1.0804583470230003
-0.258094340576	0.784977696138	-0.5632045675799999	2.126868695398
0.0	0.0	0.0	1.0
11	43	24
0.9269391942009999	-0.35854156786900004	0.11054848002800001	0.9079904730929997
0.301138467498	0.8867012867460001	0.35080924350099996	0.44932447057899993
-0.22380636143899996	-0.29189262587000003	0.9298982098379999	-0.923712682908
0.0	0.0	0.0	1.0
11	44	25
0.8236482962799999	-0.48513430443300004	0.293663545078	0.8884210183899997
0.484754085286	0.871038179145	0.07935724341699998	0.5134628250039999
-0.294295174845	0.07699191671699997	0.952607681029	-0.9281111103759999
0.0	0.0	0.0	1.0
11	45	26
0.9414568491449999	-0.267849799193	0.20470786829200005	0.8005802450049998
0.29427258847	0.9492039059990001	-0.11138403260000003	0.7021678589879999
-0.164478030192	0.16510436272100001	0.972464766245	-0.7827850807029999
0.0	0.0	0.0	1.0
12	22	27
-0.443940128298	0.515649214122	-0.732820907088	0.6540868285829999
-0.42346958107800003	0.600002288524	0.678727140978	-0.5299919870900001
0.789679742376	0.611643117466	-0.048007216884000004	1.163289608635
0.0	0.0	0.0	1.0
12	25	28
0.55179288173	0.560057546636	-0.617950799504	-0.606953487911
-0.347003662024	0.827959064742	0.440535560446	-0.567575812897
0.75836647978	-0.02865225404800002	0.651201964742	1.260129818538
0.0	0.0	0.0	1.0
13	30	29
-0.02633036316200001	-0.66993641465	0.741952106797	-0.281628910902
0.636732495887	0.560927879741	0.5290840646149999	-1.1817698303219997
-0.770630292316	0.486353926916	0.4117995708899999	2.1476997916979994
0.0	0.0	0.0	1.0
17	34	30
-0.8950260252829999	0.28358615321499997	-0.34423166066399996	0.622742538617
-0.102332834042	0.620652492381	0.777378270721	-0.950547596431
0.434106938026	0.7310010540499999	-0.526485563707	2.2941835801759995
0.0	0.0	0.0	1.0
17	53	31
-0.8923137346929999	-0.052472507036	0.44834089383899994	-1.3675599292459997
0.241748293403	0.783220471305	0.572815595216	-0.9349333903120001
-0.38120914165600006	0.619518394295	-0.686204636147	2.553824765177
0.0	0.0	0.0	1.0
18	34	32
-0.380559397277	0.45110646809599997	-0.807259594354	2.41240803017
-0.268192906653	0.7815888433559999	0.5631962638979999	-0.3294762766980001
0.885008658174	0.43083282991399996	-0.17646259897999994	1.4035615639419998
0.0	0.0	0.0	1.0
18	35	33
-0.277678421755	0.257318945096	-0.925568144402	1.9741639604859997
-0.29928928213499995	0.892338779208	0.337872746526	-0.37110060067800005
0.912861479026	0.370831395554	-0.17077708415999993	1.3945903465319998
0.0	0.0	0.0	1.0
18	43	34
-0.5681371143719999	0.614233382598	-0.547656486595	0.9336147112620004
-0.24232011051599997	0.511120906938	0.8246406235529999	-1.44258579117
0.7864431635219999	0.60122019334	-0.14155284812999996	3.3372539534139998
0.0	0.0	0.0	1.0
18	46	35
-0.940293869114	0.11697113295400001	-0.319613458079	0.8515811252270002
-0.11093247168599997	0.782469246822	0.6127262473289999	-0.908502071829
0.32175632923800007	0.611598654242	-0.722782136736	2.916566492808
0.0	0.0	0.0	1.0
18	53	36
-0.965409350392	0.08436285566	-0.24669035827400004	1.075038077569
-0.06961869877199998	0.828423646824	0.5557545644459999	-0.806551150935
0.25124481709800006	0.553705241468	-0.793904330194	2.82229555096
0.0	0.0	0.0	1.0
18	54	37
-0.895850395562	0.16067737949399996	-0.414275017179	0.8148490028220003
-0.134722322886	0.79022375577	0.597822142149	-0.8662437476460001
0.4234258544040001	0.591370441098	-0.6862852991239999	3.105889359872
0.0	0.0	0.0	1.0
19	35	38
0.409655407954	0.20178782380100002	-0.889644287364	2.523078535337
-0.23288642778200003	0.9660451803200001	0.11188452600200004	0.46034955500099994
0.882009564305	0.16135267944999998	0.442734748342	-0.3116886282539999
0.0	0.0	0.0	1.0
20	34	39
-0.24837686499099998	0.461477234437	-0.851669375234	2.676251167682
-0.099689502657	0.8623757615639999	0.49635473963699994	0.07746081904599988
0.9635163542209999	0.20818736761700002	-0.16819584070799998	0.9624974386859998
0.0	0.0	0.0	1.0
20	35	40
-0.141272493013	0.256028208109	-0.9562892887400001	2.2433105816850003
-0.12201861329800001	0.9541087249649999	0.27347285021199996	0.023385108738999884
0.9824197894089999	0.15531807608300002	-0.10355653512799996	1.021737015959
0.0	0.0	0.0	1.0
20	43	41
-0.448218825323	0.659199130262	-0.603778802807	1.52019470987
-0.098547038935	0.6348702526629999	0.7663043811239999	-0.6741056686650001
0.888470403739	0.402975861208	-0.21960634822099998	3.2567698804439997
0.0	0.0	0.0	1.0
20	44	42
-0.284277961599	0.5053565231580001	-0.814734121188	1.5523788424829998
0.03420657329199997	0.854601006903	0.518151047914	-0.620492167252
0.9581286256209999	0.11943041398200004	-0.260237557606	3.2813832409009995
0.0	0.0	0.0	1.0
20	45	43
-0.49905728635600005	0.310216875284	-0.8091345490230001	1.5653810372860002
-0.074864443411	0.914798591103	0.39690471875199995	-0.36872282584500005
0.863324121682	0.258652888072	-0.43332043211099996	3.2515757839419996
0.0	0.0	0.0	1.0
20	46	44
-0.8836948351370001	0.15393297777300002	-0.44201590143	1.3566107852289997
-0.07047795370400001	0.889840135412	0.450792418268	-0.23503596078400016
0.46271190300699994	0.42951465234099995	-0.775505540064	2.757359208063
0.0	0.0	0.0	1.0
20	53	45
-0.9198441039470001	0.11175256105000002	-0.37601808832899997	1.5603574978130004
-0.04443882558600002	0.922701338553	0.382938210723	-0.14767281344200012
0.38974146056500003	0.368953016324	-0.8437845557549999	2.615694284439
0.0	0.0	0.0	1.0
20	54	46
-0.8252956460540001	0.194190715473	-0.530253176816	1.3425024050750003
-0.07273191076100001	0.894631112418	0.44083798584199996	-0.1575191961570001
0.559986424012	0.402386984829	-0.724221460206	2.9383848246529998
0.0	0.0	0.0	1.0
21	34	47
-0.702302139079	0.36859592159099996	-0.6090122086749999	1.6800477802709999
-0.25655679093600003	0.6669624510379999	0.699528544948	-0.8146189921600001
0.664033941065	0.647527734677	-0.37384713182099993	1.998606229713
0.0	0.0	0.0	1.0
21	35	48
-0.62116350972	0.225403443	-0.750559176266	1.2722233001249996
-0.30601471345200004	0.81194313413	0.497097612436	-0.7821802990100001
0.721459473658	0.538459634936	-0.4353780613939999	1.835825200691
0.0	0.0	0.0	1.0
21	43	49
-0.83737542332	0.422889466863	-0.34634381170399997	-0.5236529155200005
-0.19369808887000003	0.3629335110679999	0.911459284368	-1.7863309761560002
0.511148714128	0.830322066265	-0.22200473605399998	3.166712742396
0.0	0.0	0.0	1.0
21	45	50
-0.866722398057	0.217404657288	-0.44890399189499997	-0.45592343949300007
-0.154164081048	0.739172921038	0.6556329890979999	-1.505798526142
0.474357935233	0.637455911578	-0.607147193457	3.276447568963
0.0	0.0	0.0	1.0
21	46	51
-0.9990627944330001	-0.004645659295000011	0.04285557830700005	-0.3788142944330002
0.026788797718000027	0.711945806818	0.701722455566	-1.220557991428
-0.03377255301500007	0.702213831127	-0.711159566637	2.809116346395
0.0	0.0	0.0	1.0
21	53	52
-0.991734747407	-0.008113463516999998	0.1279881115060001	-0.12497741627700032
0.076070842422	0.7662430536079999	0.638029901714	-1.151415699408
-0.10324955758100002	0.642493409297	-0.759301325022	2.809414088955
0.0	0.0	0.0	1.0
21	54	53
-0.9972400152049999	0.044012188550999976	-0.05967936751299996	-0.47442100873699977
-0.01042811428400001	0.7135903643939999	0.700483390482	-1.1848227736780002
0.07341614866900002	0.699171561441	-0.7111700946809999	2.9781146491130004
0.0	0.0	0.0	1.0
22	33	54
-0.959289135576	-0.036483462055999984	0.280042221476	0.6001972458439999
0.246422216768	0.37624761182399996	0.893149650768	-1.29677097616
-0.13795034435399997	0.925797933494	-0.35194501161799996	2.005136226457
0.0	0.0	0.0	1.0
22	47	55
-0.6964560257900001	-0.20705625876	0.687071765782	-1.320784465344
0.485194949566	0.569556245024	0.663469393536	-1.1496069861119997
-0.5287024518369999	0.7954397917320001	-0.296213065321	1.850247335157
0.0	0.0	0.0	1.0
22	48	56
-0.43753018950600003	-0.25692973455999996	0.861709494478	-0.968147775476
0.621345079406	0.60633355385	0.496275291156	-1.2362960599039998
-0.649994791935	0.752554823065	-0.10565189837800003	1.949881216415
0.0	0.0	0.0	1.0
22	52	57
-0.46736311099000005	-0.138050653992	0.87321484575	-1.183191866856
0.556199421292	0.721838729784	0.411813200728	-1.333119192932
-0.687174497804	0.6781467894359999	-0.260582790006	2.063946978891
0.0	0.0	0.0	1.0
25	27	58
0.8742247986759999	-0.281362201415	0.395690719633	0.29833624552499993
0.413501306442	0.8585874196909999	-0.303058315037	-0.561876741663
-0.254464308374	0.42855830776600007	0.86693867066	0.484700720062
0.0	0.0	0.0	1.0
25	28	59
0.95875896424	-0.13353478926100001	0.250894901066	0.635867076036
0.18924543946000003	0.9585526012410001	-0.21297525800199996	-1.068273165076
-0.21205757085000002	0.25167215745200006	0.9442897406519999	0.9479170016779999
0.0	0.0	0.0	1.0
25	31	60
-0.500481777805	-0.5895586805569999	0.6339853303599999	0.17787009882900007
0.682348439247	0.18207382624899998	0.707987147036	-0.586217729945
-0.5328292899279999	0.786934124876	0.311159944746	0.6566286094459999
0.0	0.0	0.0	1.0
25	32	61
-0.082886642871	-0.6412771605609999	0.762819164614	-0.5763489905689999
0.7716150670849999	0.443106570175	0.456356629928	-0.36192476613300006
-0.6306578829539999	0.6264292278660001	0.458091507014	0.5364238711259999
0.0	0.0	0.0	1.0
25	33	62
-0.25405037777800005	-0.44114092657	0.860728883586	-1.1465766248629998
0.764724509122	0.45322987687399996	0.45801075597	-0.322465824005
-0.59215200374	0.774578275124	0.22220842594400006	0.5343819646479999
0.0	0.0	0.0	1.0
25	47	63
0.27082797549300003	-0.333991724948	0.902829774357	-1.9244470467349997
0.724912540705	0.6878405374200001	0.037007714505000046	0.961484259455
-0.633360280418	0.6444496880480001	0.42840259676799997	-0.6830762260599998
0.0	0.0	0.0	1.0
25	50	64
0.979940280274	0.017812257599999996	0.1984899228	-2.1381762641710003
0.11677924147000002	0.755767842788	-0.6443359843259999	0.4203061902509998
-0.16148737824400003	0.6545926706380001	0.7385257572539999	-0.20194428353799987
0.0	0.0	0.0	1.0
26	49	65
0.9868212699750001	-0.017270348846000018	0.16089014399200005	-1.8195554367709998
0.05346747464	0.973241151829	-0.2234587713	0.8426121344809999
-0.15272271053500003	0.22912156581299997	0.961337192576	-1.184581054214
0.0	0.0	0.0	1.0
29	30	66
0.587495808461	-0.549601738801	0.593955809447	0.02122228364300005
0.479221427914	0.827724880486	0.291903699252	0.14285187458300008
-0.652056464124	0.11314152470400005	0.7496706170430001	-0.14623244884300005
0.0	0.0	0.0	1.0
31	34	67
0.952239552938	-0.14363879800399998	0.269414855041	1.23475420081
0.236627110417	0.9048362312689999	-0.353934737746	0.7174561166009998
-0.19294095004099998	0.400785998822	0.895625904161	-0.7338291535220001
0.0	0.0	0.0	1.0
32	34	68
0.7308306536929999	-0.28833861806399996	0.6186481514359999	0.36634531098300005
0.48120282413300003	0.8604668321619999	-0.167420088302	0.457647923599
-0.48405520198	0.420054843077	0.767622052494	-0.5612514630530001
0.0	0.0	0.0	1.0
34	43	69
0.9772047135879999	0.16125302139400002	-0.138020025125	2.57262336834
-0.10685888765899998	0.935595404991	0.33649313762499994	-0.7039872222209999
0.183384685056	-0.3140768080610001	0.9315155300249999	0.2256515676629999
0.0	0.0	0.0	1.0
34	44	70
0.9903680796279999	-0.09564031712699997	-0.10003412047900001	2.5830002039029996
0.097781279066	0.995060580126	0.016682107878999975	-0.6377758758449998
0.09793809130099998	-0.02629865616899998	0.994841496646	0.22071284003900007
0.0	0.0	0.0	1.0
34	45	71
0.9632422009539999	0.080969757187	-0.256105745778	2.5259523911889996
-0.115131474531	0.985905480252	-0.12132724836000004	-0.4208615638319999
0.24266668079499998	0.14635884032500002	0.959002763001	0.339619693183
0.0	0.0	0.0	1.0
35	36	72
0.628340304521	-0.24884475371300002	0.73705374111	0.10708365053399993
0.211477947293	0.9664120744800001	0.14599456968500005	-0.22631958627100002
-0.748643232996	0.064143716832	0.659862026792	0.785302465612
0.0	0.0	0.0	1.0
35	43	73
0.948193963036	0.22529754066700003	-0.223949581042	2.3829965756390004
-0.070785159695	0.837097316892	0.542444666362	-0.503477822199
0.309671408082	-0.49849504671200007	0.8096924227819999	0.26931416753399995
0.0	0.0	0.0	1.0
35	46	74
0.588018018999	0.29163958469699997	-0.754428988747	1.8619031003160003
-0.221625948683	0.9551262580069999	0.196486564839	-0.20400728308699997
0.7778779859380001	0.05166484080600001	0.626282231308	0.5975380517079999
0.0	0.0	0.0	1.0
35	53	75
0.5182603463089999	0.23409215777099998	-0.8225517630219998	1.6832852906440001
-0.21737063362700002	0.9662737461420001	0.13803857070099998	-0.09049182005699995
0.8271246018380001	0.10725964261600002	0.551683531206	0.441258847348
0.0	0.0	0.0	1.0
37	42	76
0.09194100817100002	0.868542715072	-0.48700404326900004	0.6352692400860002
-0.394920936496	0.48076433174000005	0.782874624748	-0.7729635400139999
0.914093859092	0.12035542184200003	0.387203469718	0.970578797295
0.0	0.0	0.0	1.0
42	54	77
0.705344285493	0.250988816994	-0.662933214353	-0.2454092203570002
-0.598050549398	0.712754917758	-0.366468499242	0.04243439132999999
0.38052766718500003	0.654954429924	0.6528564701999999	0.48017768996099996
0.0	0.0	0.0	1.0
43	46	78
0.8141393739809999	0.22492418163099998	-0.535315246033	-0.41365728624399983
-0.44081321044700006	0.839488352735	-0.31769042903000005	-0.03033183431399994
0.37793544504500004	0.494623600931	0.782628497583	0.5449023029729999
0.0	0.0	0.0	1.0
43	53	79
0.762944245829	0.18678487174599998	-0.618873729327	-0.6394545753339999
-0.47751650381500005	0.808140898923	-0.34477807924000003	0.10235449253199999
0.435740137043	0.5585725333029999	0.705777782376	0.5199412678169999
0.0	0.0	0.0	1.0
44	46	80
0.692141224396	0.39820853382399996	-0.601955477069	-0.4332426443679997
-0.451548826134	0.8895456004980001	0.06925329871799998	0.16789418337599996
0.5630441651370001	0.223882448083	0.795518074864	0.4955931221259998
0.0	0.0	0.0	1.0
44	53	81
0.633393575768	0.353297979155	-0.6884582929790001	-0.6239078878759998
-0.45627889374	0.8890797928470001	0.03646285651500001	0.328600223454
0.624977905159	0.29103562744600003	0.7243572688729999	0.41172725448199987
0.0	0.0	0.0	1.0
45	53	82
0.798854779079	0.19367777871900002	-0.569470669402	-0.5630118083499999
-0.225195096706	0.9741835374090001	0.015417405442999993	0.03618539777100001
0.5577575566140001	0.11592789119099994	0.8218660002629999	0.3673392823209999
0.0	0.0	0.0	1.0
