0	2	1
0.999687573253172	0.024029856289949296	-0.00687869749261862	-0.016534137277335634
-0.023421581040932556	0.9966853751752031	0.07790858110922665	0.009493521423266907
0.008727949106217218	-0.07772305815071061	0.9969368014365776	0.006218190303926777
0.0	0.0	0.0	1.0
0	3	2
0.9987802971168025	0.04844989039132096	-0.009517275001794423	-0.029791890683973855
-0.04690407853162601	0.9912117977768988	0.12369027184362327	0.017748337675763337
0.015426329881182449	-0.12309298427818849	0.9922752520151029	0.01705999533024324
0.0	0.0	0.0	1.0
0	4	3
0.9982881710346746	0.05631130003319759	-0.01581029743942963	-0.04140969191681997
-0.052230998881957584	0.979944662922757	0.19230373244037602	0.036550647492431365
0.026322002018509115	-0.1911486769162252	0.9812081791755334	0.032255651555297166
0.0	0.0	0.0	1.0
0	5	4
0.9980713310624494	0.061228173806594476	-0.010230013033222586	-0.0526330232056556
-0.0569948457654834	0.969137728957218	0.23984117113831266	0.048804545995860225
0.024599353372134196	-0.23879550169457595	0.9707582152414513	0.04655020151977247
0.0	0.0	0.0	1.0
0	6	5
0.9970936833955932	0.07152407478736152	-0.026240157260349794	-0.06530466186031278
-0.06027883377825793	0.9512717234020136	0.3024048864998327	0.06971698466905593
0.04659065303648293	-0.29994422155056405	0.9528182565974795	0.06195303650029363
0.0	0.0	0.0	1.0
0	7	6
0.9964338766088641	0.0590522452978992	-0.06027055765984131	-0.0834226075899596
-0.033307037184858855	0.9315557791172113	0.36207018508634636	0.09054351242493168
0.07752646039960102	-0.3587715720263017	0.9302004908534113	0.07198589291685811
0.0	0.0	0.0	1.0
0	8	7
0.9938568839523435	0.07009142960804746	-0.0856483610149569	-0.08803418422990955
-0.02762755524357267	0.9065145581271471	0.4212695174700351	0.11096056652193015
0.1071687898593525	-0.4163154310652426	0.9028822249705286	0.07329856407436841
0.0	0.0	0.0	1.0
0	9	8
0.9759478305550986	0.10997235405738404	-0.18823379415175348	-0.06228152350925741
-0.008496144558913857	0.8819715959984984	0.4712261625259636	0.13093817017932152
0.21783855146448444	-0.4582928804066251	0.8616924628076444	0.04207063963622389
0.0	0.0	0.0	1.0
0	10	9
0.9348048725753563	0.18297454312967895	-0.30440128436817226	-0.003814676425460311
0.0031057442599837608	0.8528339739231149	0.5221730191094804	0.15767742347116528
0.3551481630562471	-0.48907528469032197	0.7966649557087591	0.009162006786048919
0.0	0.0	0.0	1.0
0	11	10
0.879560011843347	0.23869689192853744	-0.41157995437793693	0.05514814105364724
0.030448504433955498	0.8350366859800816	0.5493511403090926	0.17020086589435904
0.4748127281986414	-0.4957192869716616	0.7271967557596776	-0.0018420988006598094
0.0	0.0	0.0	1.0
1	2	11
0.9998322584639966	0.01548373931184386	-0.009776011138018247	-0.008838699761126103
-0.014981465088498186	0.9986612845085339	0.04950880922817887	0.008244763301453061
0.010529420784027733	-0.04935407609787608	0.9987258746735077	0.005195854198732377
0.0	0.0	0.0	1.0
1	3	12
0.9991206354800923	0.039825388792666776	-0.013107819550362247	-0.022124304120325865
-0.038396103124227754	0.994690554816547	0.09547987613330981	0.01627027822721932
0.016840655688803247	-0.0948927060145246	0.9953450831584715	0.01613925178170329
0.0	0.0	0.0	1.0
1	4	13
0.998678151917017	0.047508119038133345	-0.019621340062015442	-0.03374624894745161
-0.043647791457278665	0.9854279530611946	0.16439834665227696	0.03496230691973685
0.027145577340625004	-0.1633246381193209	0.986198957836761	0.03149860438675971
0.0	0.0	0.0	1.0
1	5	14
0.9985156958503362	0.05258364285569305	-0.014183059162153858	-0.04498259904460452
-0.048384308155301946	0.9760200948832578	0.21223504678740787	0.047134462807482805
0.0250030582022202	-0.2112338532475227	0.9771157016624553	0.04583879376385351
0.0	0.0	0.0	1.0
1	6	15
0.9975840243128045	0.0624269537782189	-0.03047806867201685	-0.05765314928398172
-0.051662587096379727	0.9599721033434022	0.27528988266214743	0.06796592159554656
0.04644349680862847	-0.27305026066263943	0.9608779706552389	0.061492176552308334
0.0	0.0	0.0	1.0
1	7	16
0.9967375702066106	0.048996437973108264	-0.0641374610519953	-0.07572416412099355
-0.02470862827565445	0.9417400015308841	0.3354332016491005	0.08895004607559164
0.07683584765808685	-0.33275423162541123	0.939878336137396	0.07184776746145152
0.0	0.0	0.0	1.0
1	8	17
0.9941897901557546	0.05932911678403764	-0.08981394840560576	-0.08033676189936587
-0.01909140217549452	0.9183493165173935	0.3953097674162153	0.10936622655721984
0.10593386248965936	-0.3912984265722673	0.9141463922624731	0.07347743420663241
0.0	0.0	0.0	1.0
1	9	18
0.9763598513788996	0.09641870402793204	-0.1934549151142234	-0.054641364975155295
-4.129376589499089e-05	0.8950810844676531	0.4459034147455099	0.1294570363721103
0.216151087034652	-0.43535428170706153	0.8739252345696286	0.04319245967630488
0.0	0.0	0.0	1.0
1	10	19
0.9355376632139548	0.1664217537546168	-0.31156533540344145	0.0035724255795711412
0.011443978701899218	0.8673112464506155	0.49763456470013545	0.1562547642766004
0.3530413507202701	-0.46912151276744346	0.8094978401382104	0.011449162041207646
0.0	0.0	0.0	1.0
1	11	20
0.8804931427104713	0.21952635683819985	-0.42016664521256586	0.06217984014056614
0.038705090006283006	0.8500681445296864	0.5252484644698389	0.1689747748827431
0.47247609533679397	-0.47874032469471867	0.7399823742948084	0.001455822250887539
0.0	0.0	0.0	1.0
1	12	21
0.8260256797040619	0.252735424747674	-0.5037920739268279	0.08838973063131003
0.05925429650300251	0.8499384080657116	0.5235395136024467	0.1813007056032459
0.5605090417387066	-0.4623089648274334	0.6870952442124227	-0.001066400172402037
0.0	0.0	0.0	1.0
2	3	22
0.9996979660471955	0.024154771889328016	-0.004536415054361832	-0.013463852829776624
-0.023921605102356934	0.9986613467198446	0.045861917988311345	0.007586823549678433
0.005638122073707842	-0.04573960082695519	0.9989374862249581	0.011375863303865386
0.0	0.0	0.0	1.0
2	4	23
0.9994381892743053	0.031511369946051034	-0.011425469074601723	-0.025112951819789554
-0.02998957446912472	0.9929018958460369	0.11509442241303824	0.025912981310367622
0.014971150545085065	-0.11468712431793288	0.9932889134912268	0.027415511794424335
0.0	0.0	0.0	1.0
2	5	24
0.9993011839578497	0.03685177623321498	-0.006246325818720012	-0.036421452533206104
-0.03533861375270788	0.9859459310318648	0.16328461215677895	0.03784481889435395
0.012175976951660675	-0.16294980923245986	0.986559185211771	0.042163875539310065
0.0	0.0	0.0	1.0
2	6	25
0.9986813780766264	0.04588912136608165	-0.023016189662138257	-0.04908485716826825
-0.03948124478031382	0.9730903071946673	0.22701661881631002	0.05841451013189733
0.03281441573243363	-0.22580858805450435	0.9736187914174954	0.05858516629442992
0.0	0.0	0.0	1.0
2	7	26
0.9979561639058822	0.03082282810321443	-0.05597875594552817	-0.06686679400065403
-0.013402060286196027	0.9574564259610961	0.2882669436349442	0.07943978911480047
0.06248252671878381	-0.28692762783363485	0.955912563610448	0.06979889493838312
0.0	0.0	0.0	1.0
2	8	27
0.9958198102511079	0.0399086317607872	-0.08215931294696717	-0.07143715399117717
-0.008733298522200663	0.9369773172179774	0.3492807868398848	0.09974906032907976
0.09092073893835478	-0.3471033441233056	0.9334091879520252	0.07229297712473359
0.0	0.0	0.0	1.0
2	9	28
0.9795803297418952	0.0720845453000104	-0.18768648300307583	-0.04560227376943226
0.009458739357270759	0.9159596659554189	0.4011589378870355	0.11990439694482548
0.2008305434821906	-0.39474274901917	0.8965741474833485	0.04356362948550093
0.0	0.0	0.0	1.0
2	10	29
0.9410035271545734	0.1367579550557398	-0.3095311794634478	0.012370414273749726
0.020006387613892423	0.8906160839974757	0.45431566065957	0.1467281077210246
0.3378048609175741	-0.43370532809157436	0.8353367823212537	0.013670426472689427
0.0	0.0	0.0	1.0
2	11	30
0.8878521654302575	0.18523939642741163	-0.42119462923816864	0.07068850482002836
0.046725991767326974	0.874354783449374	0.4830324379769943	0.15966914636613563
0.4577502318016963	-0.4485422083744414	0.767642208664272	0.005211306096322775
0.0	0.0	0.0	1.0
2	12	31
0.8347255460005842	0.21507981728228034	-0.5069260206161228	0.09662824385961553
0.06728645197370603	0.8738327540137685	0.4815484406547486	0.1721888185878253
0.5465398624692918	-0.43607009239671457	0.7149384562038094	0.003644880039461689
0.0	0.0	0.0	1.0
3	4	32
0.9999492501490274	0.0070370184605839355	-0.007219686422424621	-0.011621041543550049
-0.006519321467935996	0.9975685540345848	0.06938816673511537	0.01746748045044594
0.0076904222886179305	-0.0693375392014518	0.9975636781245285	0.016696959313150666
0.0	0.0	0.0	1.0
3	5	33
0.9999177877473133	0.01261107865204514	-0.0022910862788742487	-0.023028323153264498
-0.012253374982866246	0.9929599559064234	0.11781515792678823	0.02880618216429511
0.003760848226176563	-0.1177773884010267	0.9930328539944451	0.031811463533799975
0.0	0.0	0.0	1.0
3	6	34
0.9995925389957856	0.020882053233986723	-0.01945999054086651	-0.0355635470838939
-0.016994393592667568	0.9831435157582262	0.18204410226925888	0.04865585832279158
0.022933416448799537	-0.18163919486383104	0.9830977036237419	0.04908842130494419
0.0	0.0	0.0	1.0
3	7	35
0.9986531528821359	0.00434154924700514	-0.05170249713963101	-0.05286585665101269
0.00842142341799946	0.9697157680982998	0.2440914722300349	0.06941936513204959
0.05119657186954865	-0.24419816613046977	0.968373118555626	0.061324810513927706
0.0	0.0	0.0	1.0
3	8	36
0.9968556757533251	0.012265602811536238	-0.07828286254247464	-0.057218161706527576
0.012317323014084185	0.9519506055497712	0.30600351567940903	0.08921156976103084
0.07827474764482702	-0.3060056622301062	0.9488064011518454	0.06487498039177494
0.0	0.0	0.0	1.0
3	9	37
0.9818770170224315	0.039947232975519324	-0.18526118060047508	-0.03057799499762496
0.029760848367508756	0.9329051420129075	0.3588904523831187	0.10914462483905836
0.18716772998563128	-0.35789983952390825	0.9148091884438778	0.038392209598037984
0.0	0.0	0.0	1.0
3	10	38
0.9454267763445582	0.0998688457833905	-0.3101520488415984	0.02787006320265682
0.039452001433486046	0.9097810428473592	0.41320936838429634	0.1356563316265817
0.32343733492824006	-0.4028953721521985	0.8561912978801479	0.011341920874611762
0.0	0.0	0.0	1.0
3	11	39
0.8939690798971487	0.14443574538886117	-0.42421404802518686	0.08645477150535956
0.06564047497552483	0.8942193433111528	0.4427900667747509	0.14873152682775598
0.44329518063278844	-0.4236862835221569	0.7899235498358169	0.005408138297147768
0.0	0.0	0.0	1.0
3	12	40
0.8419682104160666	0.1715752826522865	-0.5115187706329077	0.11248164402284697
0.08618884661426313	0.8931381143204163	0.4414474460772639	0.16155133676156236
0.532598335727224	-0.41577195304588005	0.7372059339842615	0.005583740552799721
0.0	0.0	0.0	1.0
3	13	41
0.8143032406760906	0.19138998254327072	-0.5479779927793463	0.10401683448767386
0.12330754288593401	0.8654851006139433	0.48552107286079405	0.1681517329651208
0.5671907963767732	-0.46293131592837816	0.6811675763808882	-0.03405852949469478
0.0	0.0	0.0	1.0
4	5	42
0.9999721812453539	0.0059026972591622396	0.00452985815176746	-0.011586343840214487
-0.006115820417898147	0.9988002482837737	0.04858445282338734	0.010477372470564341
-0.004237537088447919	-0.04861082626507823	0.9988086958987052	0.01593425784624981
0.0	0.0	0.0	1.0
4	6	43
0.9998291065288093	0.012964361854369524	-0.013173205386133197	-0.023950991368254775
-0.011389389543224101	0.993495312318308	0.11330109400034345	0.02927785512377382
0.014556384586814975	-0.11313171379806754	0.9934732189118828	0.034645722274592325
0.0	0.0	0.0	1.0
4	7	44
0.9990061525285338	-0.0057670436853825375	-0.044197500733369886	-0.04041766101412336
0.013482679368891777	0.9842398742818275	0.17632379395958572	0.04943978098887591
0.04248417713486494	-0.1767445281427387	0.9833395514409341	0.0484870171612832
0.0	0.0	0.0	1.0
4	8	45
0.9974564308736547	0.00030509776256051	-0.07127636222645131	-0.04444190541038444
0.01680638051869461	0.9707884728230581	0.23934674577242374	0.0684532790154428
0.06926729720937123	-0.23993595591879974	0.9683143308185749	0.05370310479528807
0.0	0.0	0.0	1.0
4	9	46
0.9834456818851172	0.020594040639589764	-0.18002860150949468	-0.016503125989957092
0.03373316679641495	0.9553453277444189	0.29355953990710987	0.0879476030474023
0.1780350040578651	-0.29477284926295805	0.9388355986655342	0.02993439797212568
0.0	0.0	0.0	1.0
4	10	47
0.9483206415182049	0.07194162977452653	-0.30905031502703684	0.04279409401899302
0.04286893530516458	0.9359833671972165	0.34942400806475066	0.1139709122934246
0.3144042399241329	-0.34461473159351186	0.8845283781947398	0.006246241728615862
0.0	0.0	0.0	1.0
4	11	48
0.8980026761043728	0.10882107611960996	-0.42632029874107774	0.10210791036251389
0.06873300390917328	0.9223413279083305	0.38021304502118014	0.12707088235756228
0.43458811082878535	-0.370734667038064	0.8207854361229342	0.0032296839814733827
0.0	0.0	0.0	1.0
4	12	49
0.8468257487088495	0.1301757161471234	-0.5156940051554844	0.12865930840798095
0.089282414335097	0.9210356056690318	0.37910669086074106	0.14017077696172364
0.5243230190583128	-0.36707974996983883	0.7683342822815104	0.005260031719713443
0.0	0.0	0.0	1.0
4	13	50
0.8195648484720921	0.14759275170042024	-0.5536510542091668	0.12020723523951615
0.1258864276258542	0.8962660343500466	0.4252757850608423	0.14685832777103458
0.558986435218599	-0.4182383503906254	0.7159684050368176	-0.03221144680691308
0.0	0.0	0.0	1.0
4	14	51
0.79946477199801	0.15683237179125684	-0.5798787371786289	0.10453251388248717
0.15190312289229804	0.8811650617349327	0.44774244978592564	0.13741037141576604
0.5811895521216335	-0.44603980266551696	0.6806372042749305	-0.07975413161103592
0.0	0.0	0.0	1.0
4	15	52
0.7290193579295972	0.16235043975847277	-0.6649606913449756	0.1341095584418516
0.1846389276358466	0.8888120225126667	0.41942976453254643	0.1371266091883241
0.6591197646688566	-0.42855014538294695	0.6179850695516976	-0.11268963814907039
0.0	0.0	0.0	1.0
5	6	53
0.9998184213689483	0.006193974757765127	-0.018024644720045915	-0.01214443981899508
-0.005011586909805495	0.9978779042203895	0.06491978302083184	0.017730203883034656
0.018388390912331083	-0.06481765456867766	0.9977276494306672	0.019639847541583443
0.0	0.0	0.0	1.0
5	7	54
0.9987443926540034	-0.014017227812501596	-0.04809795110500987	-0.02793259899403396
0.020090642330724138	0.9915433791770277	0.1282119330733865	0.0372408304980618
0.045894026569046634	-0.12901730434698622	0.9905799751340472	0.03458637020364177
0.0	0.0	0.0	1.0
5	8	55
0.9971078949917966	-0.00925850461340295	-0.07543316400982526	-0.031590097365386066
0.023620331112630833	0.9811497231444071	0.19179961825805428	0.0553909021615212
0.07223535106873889	-0.19302672591957085	0.9785309407066902	0.04097030109170638
0.0	0.0	0.0	1.0
5	9	56
0.9827246701623229	0.005808117922350854	-0.18498275981920512	-0.0022302311069754355
0.040701065964429635	0.96825548108813	0.24662681464552924	0.07434459844841386
0.18054284743339297	-0.2498952578685957	0.9512920676848118	0.019486344030752407
0.0	0.0	0.0	1.0
5	10	57
0.947319248428991	0.05104048096972383	-0.31619799865923975	0.05827367669602821
0.049975347874702376	0.9515750188984473	0.3033272301875643	0.09974665362783547
0.3163681295976835	-0.30314985697512786	0.8988945020755008	-0.0012352112720217133
0.0	0.0	0.0	1.0
5	11	58
0.8966891519961768	0.08248592594163634	-0.4349078144463891	0.11856296853671437
0.07589764644860506	0.9392870318741966	0.334633142796446	0.1127768789927483
0.43610577367804604	-0.3330704067107722	0.8359878981023537	-0.0015485887435249706
0.0	0.0	0.0	1.0
5	12	59
0.8452348427692443	0.09978576661732169	-0.5249962661738827	0.14577243772872403
0.09643377214774768	0.9378034467883062	0.3335044975094586	0.1261482417461005
0.5256221934861783	-0.3325169926324329	0.7830412847391149	0.002356794068482405
0.0	0.0	0.0	1.0
5	13	60
0.8179055642468998	0.11550451035176443	-0.5636392395685691	0.13745477327976785
0.13309970539273017	0.9150828236440847	0.38066755481982967	0.13274716144054782
0.5597454788635887	-0.3863703918901106	0.7330777500237823	-0.033358949944491394
0.0	0.0	0.0	1.0
5	14	61
0.7977417748628703	0.12358171825198527	-0.5901996516863804	0.12188501830832983
0.15912831657664106	0.9009323817872612	0.40373128101479255	0.12338153667744635
0.5816238402605298	-0.4159908344549049	0.6990459942122985	-0.07979553399291885
0.0	0.0	0.0	1.0
5	15	62
0.7269454723605596	0.12539033954745737	-0.6751499811966791	0.1519764664290079
0.19178010770296028	0.9069944048295899	0.3749418707641902	0.12387131319080544
0.6593713433730094	-0.40204268888129485	0.6352880562146906	-0.11096043883632004
0.0	0.0	0.0	1.0
5	16	63
0.5797586589966683	0.19224748940971811	-0.7917833240818897	0.2586466462972126
0.18998179878512225	0.91308501242435	0.3608081432439866	0.13863674055511724
0.7923300418373338	-0.3596061145121951	0.49284540567410295	-0.07871929866631978
0.0	0.0	0.0	1.0
5	17	64
0.4537165681671997	0.2033902210849679	-0.8676252769131166	0.3387102666896407
0.197230054230532	0.9265428150482964	0.32034135734107966	0.1692511842322075
0.8690463717849164	-0.31646601363296306	0.3802730729846934	-0.005480210203237063
0.0	0.0	0.0	1.0
6	7	65
0.999343036067342	-0.02211528220616592	-0.028714678420031243	-0.0148400762263539
0.02391762097507037	0.9976620280006577	0.06402051436034079	0.018585191001257374
0.02723182055814475	-0.06466528386454683	0.997535625869529	0.016472165314213832
0.0	0.0	0.0	1.0
6	8	66
0.9982290154913194	-0.019133052073573225	-0.056326320213014876	-0.018021690643926166
0.026236152325182248	0.9914008375863047	0.12820230890940293	0.035613910259862214
0.053389064497027114	-0.12945310338649332	0.9901472887647572	0.024467567781031978
0.0	0.0	0.0	1.0
6	9	67
0.9859163062470158	-0.011138255396659413	-0.16686805827905482	0.013217915978797184
0.042245682580536355	0.9820077264240363	0.1840547865397525	0.05383163967875172
0.16181560674353188	-0.18851208836302413	0.968648008232845	0.005769762082680505
0.0	0.0	0.0	1.0
6	10	68
0.9531625786209862	0.025657092755670945	-0.3013680485705452	0.07531321404010115
0.05039296274553181	0.9689971615470352	0.24187809178157654	0.07842767635870294
0.29823079283569215	-0.24573601413721186	0.9223189669086951	-0.011370618823054486
0.0	0.0	0.0	1.0
6	11	69
0.9048761425954196	0.04958292913568726	-0.4227773548244234	0.13697634015584043
0.0756701653532159	0.9586377120604583	0.27438601960816683	0.09131010269281184
0.4188952149010221	-0.2802770276679188	0.8636964805370761	-0.008454838779522501
0.0	0.0	0.0	1.0
6	12	70
0.8551621394944405	0.06125540291010831	-0.5147286037329836	0.1651810118246826
0.09621371354759356	0.956981085358693	0.273733730094249	0.104973137570252
0.509353134699225	-0.28361068960783625	0.8124803787119773	-0.0023859126918091395
0.0	0.0	0.0	1.0
6	13	71
0.8286317096608395	0.07456905951664161	-0.5548051663977889	0.157092194468122
0.1318821616585388	0.93718673858405	0.3229365492613313	0.11138985207403711
0.5440372225945698	-0.34076443991314725	0.7667485025722619	-0.035768920829078184
0.0	0.0	0.0	1.0
6	14	72
0.8090003530436374	0.08100588317434829	-0.5821995535905334	0.14170792413673278
0.15740268310044092	0.9244331728566093	0.3473436940975866	0.10208093111643553
0.5663415468472135	-0.37264100426164376	0.735116314501535	-0.08074819886925674
0.0	0.0	0.0	1.0
6	15	73
0.7397593068454045	0.07765051130990096	-0.6683759212633499	0.17271045851871208
0.19060500476751213	0.9284496922676571	0.3188271928423871	0.10346277715941526
0.645310524012879	-0.36325124758722693	0.6720288264058301	-0.1098815213348334
0.0	0.0	0.0	1.0
6	16	74
0.5951156103199188	0.13753161165966776	-0.7917843105548489	0.2789860321130589
0.18909950143035928	0.9336188288648175	0.30429773390883397	0.1184036264957405
0.7810753756983828	-0.3308184072884974	0.5296041172584824	-0.07376943691904808
0.0	0.0	0.0	1.0
6	17	75
0.47053245524106874	0.14435872499681562	-0.8704939009936263	0.3589614525227607
0.1971591918029875	0.9443846525655661	0.2631838810357705	0.14973253795758437
0.8600740376149322	-0.2954624955748392	0.41590203828262823	0.0020352647062157458
0.0	0.0	0.0	1.0
6	18	76
0.3350249489193676	0.1440151444709772	-0.9311379907074497	0.38519997381924453
0.20682575683125362	0.9529053870807423	0.2217980381117924	0.17513070866499347
0.9192286947051493	-0.26689121724502474	0.28946105084216045	0.09267927689540613
0.0	0.0	0.0	1.0
7	8	77
0.9996136208515974	0.001180900349182221	-0.027766766093789565	-0.0027519170034256695
0.000612509620334751	0.997917855938152	0.06449161396473813	0.01601419058752939
0.027785011217683325	-0.06448372069499436	0.9975316987061481	0.009646835359062383
0.0	0.0	0.0	1.0
7	9	78
0.9903063768624586	0.0017855718918311522	-0.1388883151319213	0.03016874630310514
0.015215459742847423	0.9925053228162604	0.12124979716466568	0.033614292916642925
0.13806376039601337	-0.12218770661865312	0.9828571121815227	-0.006100264582557228
0.0	0.0	0.0	1.0
7	10	79
0.9606225699233035	0.02910073364760916	-0.2763281001500888	0.09357981220663479
0.021984735072174758	0.9834219213872344	0.1799937711321021	0.057511964131412074
0.2769851607025713	-0.17898111700546593	0.9440574807300569	-0.019484411932111995
0.0	0.0	0.0	1.0
7	11	80
0.9153249776164238	0.04404304206119817	-0.4003002402054813	0.15633510692203037
0.046540972341497934	0.9757724394480319	0.21377980862018162	0.07034444568479026
0.40001751138494307	-0.21430840540268933	0.8910989903840918	-0.013213916577022911
0.0	0.0	0.0	1.0
7	12	81
0.8680258610792954	0.04861241497718804	-0.4941334417538174	0.18529857146293302
0.06712638870170631	0.9745692789795094	0.21379568880395658	0.08433507007561275
0.4919603762921467	-0.21874961723180492	0.842688024291032	-0.004900576577055038
0.0	0.0	0.0	1.0
7	13	82
0.842369218657864	0.05869467432268763	-0.5356946203777379	0.1773262289083496
0.10179630869337015	0.9588243098818829	0.26512854796482455	0.09071334919715501
0.5291988253705827	-0.2778679506287328	0.8017092372910813	-0.03595723059372135
0.0	0.0	0.0	1.0
7	14	83
0.823395033302766	0.06289310899717931	-0.5639723179750333	0.16204814534968656
0.12688126366537908	0.9482735127049522	0.2909952118156965	0.08154669885947612
0.5531017640399638	-0.3111616253832954	0.7728237078487699	-0.0794872137285061
0.0	0.0	0.0	1.0
7	15	84
0.756748225157762	0.052372444693894744	-0.6516048483120966	0.19370066431638225
0.16079178711884018	0.9512491194553069	0.26319342646121774	0.08383443320011197
0.6336227379342204	-0.30394396878462204	0.7114349907703119	-0.10654853712829163
0.0	0.0	0.0	1.0
7	16	85
0.6144189303367557	0.10075332917328626	-0.7825201709781701	0.29912135856406225
0.15959016639098747	0.9554399779179341	0.248324519911844	0.09892448663128164
0.7726708132297913	-0.2774578968362501	0.5709611703915312	-0.0665513065906166
0.0	0.0	0.0	1.0
7	17	86
0.49202678266871597	0.09954571747107387	-0.8648698410526334	0.378659396813714
0.16858704697442392	0.9637412669362585	0.20683531184766332	0.13091605077822308
0.8541005906238553	-0.24757446182711532	0.45740432184733354	0.011776962455620672
0.0	0.0	0.0	1.0
7	18	87
0.3583572969914985	0.0920794568445952	-0.9290323336033821	0.40410991159922455
0.17924720725293433	0.9698237358401448	0.16526372125776878	0.15704415117195422
0.9162152414713884	-0.22574996955130547	0.3310383082751566	0.1050186768333008
0.0	0.0	0.0	1.0
7	19	88
0.2545655115544218	0.11066140896367364	-0.9607028560946707	0.3982677851801231
0.17960686190411976	0.9707367785134812	0.1594091165440021	0.17064905199749192
0.9502303112389192	-0.21312894728596013	0.22724053202956132	0.1996461475532293
0.0	0.0	0.0	1.0
8	9	89
0.9937825394226009	-0.006568699978786203	-0.1111449008509752	0.034080942343931074
0.013014933733369257	0.9982681077350254	0.05737287188190756	0.017110186550239836
0.1105754860463523	-0.058462701883993884	0.9921467068397003	-0.01443081310503173
0.0	0.0	0.0	1.0
8	10	90
0.9679586966668514	0.011807698602963941	-0.2508316430404611	0.09847419503003106
0.018139743952562352	0.9929962575863759	0.11674568537300177	0.04053362547386702
0.25045351015992984	-0.11755504355577182	0.9609650304807251	-0.02618290722177204
0.0	0.0	0.0	1.0
8	11	91
0.9261385351027067	0.018695987741243057	-0.3767199609219007	0.16221851763288223
0.04173933967436758	0.9875566582720048	0.1516239058111366	0.05318169748594232
0.3748671140506919	-0.15614881053817903	0.9138337436783593	-0.018497320250688443
0.0	0.0	0.0	1.0
8	12	92
0.8814685148354154	0.01717541895477099	-0.4719304487094137	0.19200188456395892
0.062314945113414066	0.9863696355672059	0.15228929942032743	0.06724153450045778
0.46811344139195943	-0.16364656318244541	0.8683832832846305	-0.009368850548768048
0.0	0.0	0.0	1.0
8	13	93
0.8569877015361628	0.024540625585926013	-0.5147520710787262	0.18425731816109592
0.09552754132507563	0.9739892200435526	0.20547407399815024	0.07339640950003026
0.5064055420604163	-0.22526180807782314	0.8323524757865502	-0.03898582633986846
0.0	0.0	0.0	1.0
8	14	94
0.8388109785854804	0.02689502283943626	-0.5437579115228354	0.16917132457035686
0.1198721190399515	0.9651439356522763	0.23265424355814576	0.06417620086897229
0.5310619888299813	-0.2603344085938491	0.8063492810283464	-0.08163544913183853
0.0	0.0	0.0	1.0
8	15	95
0.7746107460637699	0.010703870985656956	-0.6323475470966062	0.20176106764607052
0.1545450246536012	0.9663411358491661	0.2056714015067497	0.06680047901078956
0.613264952694845	-0.2570415161804202	0.7468839320756266	-0.10794963737340915
0.0	0.0	0.0	1.0
8	16	96
0.636028628053613	0.05045391482937147	-0.7700141942642239	0.3074918781085117
0.15376167694745266	0.9695636137388983	0.19053556131083563	0.08198278431738767
0.7561911014627464	-0.2395847998914888	0.6089123413745304	-0.06650765189866682
0.0	0.0	0.0	1.0
8	17	97
0.5159688927392261	0.04386298353797781	-0.8554834389772411	0.3876295780929862
0.16391690347907947	0.9751774249999077	0.14886342791689833	0.11431439837135135
0.8407778192331177	-0.21703716537824005	0.4959712865446921	0.012781834419296163
0.0	0.0	0.0	1.0
8	18	98
0.3841237860156428	0.03219244565348117	-0.9227201524097463	0.4135527818099937
0.1757344346986268	0.9785727409501725	0.10729840755308723	0.140821617301597
0.9064030201138124	-0.20336961206096732	0.370235676634222	0.10719821982702205
0.0	0.0	0.0	1.0
8	19	99
0.2812734087265077	0.048629656388376	-0.9583946148410286	0.40750853672898374
0.17625759155557685	0.9791065300952468	0.10140936836687228	0.15447622020173468
0.9433019775238415	-0.19744811825965494	0.26682533052470714	0.2028299880683006
0.0	0.0	0.0	1.0
8	20	100
0.15172649787451398	0.06807873072213566	-0.9860752269412861	0.3674964151188558
0.19509487286135688	0.9759363521633646	0.09739778155762098	0.1768091861988184
0.9689773415863442	-0.20715607502781427	0.13479363312124365	0.34476138354758107
0.0	0.0	0.0	1.0
9	10	101
0.9897414717495588	0.009994243106747083	-0.1425195717017322	0.06251519632891643
-0.0014714071102270947	0.9982103691773868	0.05978143146041931	0.02436690144630288
0.1428621707124287	-0.058958462918637086	0.9879849843392888	-0.015785567666121565
0.0	0.0	0.0	1.0
9	11	102
0.9621279201969108	0.009103739805016256	-0.27244625664701466	0.12534090375995946
0.01814065369502908	0.9950884029848064	0.09731329736442139	0.03694160871113079
0.2719941400595865	-0.09857020105942861	0.957237225479729	-0.012266870829448263
0.0	0.0	0.0	1.0
9	12	103
0.9283277811794359	0.001541928276102584	-0.37175955110643566	0.15497242369483608
0.03852217182866774	0.9942094022592496	0.10031802055385144	0.05036522484642314
0.36976154100782643	-0.10744899410730231	0.9228927981707717	-0.006814106488665683
0.0	0.0	0.0	1.0
9	13	104
0.9087102013413815	0.006118961608562887	-0.41738245502808824	0.147159753405394
0.06569837675830015	0.9853340545215169	0.15748141683175715	0.05657068231628809
0.412224929795886	-0.1705263338608834	0.8949813108491942	-0.03720179499152431
0.0	0.0	0.0	1.0
9	14	105
0.8938548773458656	0.006568563418232045	-0.44830805170870225	0.13212606897855048
0.08692875725695207	0.9783803390227008	0.1876571685805362	0.047181362314708326
0.4398485767799529	-0.20670915923907615	0.8739591631118849	-0.08047712949661513
0.0	0.0	0.0	1.0
9	15	106
0.84000644856384	-0.015512746968637617	-0.5423543706821672	0.16557166773856583
0.12437722315949969	0.9784786483679327	0.1646502118938442	0.04819567026593419
0.5281280790545564	-0.20576380127473187	0.8238579331386069	-0.11053914310256055
0.0	0.0	0.0	1.0
9	16	107
0.7173258028290637	0.014466475240436765	-0.6965875787290766	0.2727448895304672
0.125259849266348	0.9808169626731158	0.14935822280872382	0.06308721001260756
0.6853857452970454	-0.1943929726366953	0.701753430610904	-0.07641327133865751
0.0	0.0	0.0	1.0
9	17	108
0.6075553030384563	0.001420773955108911	-0.7942759609128748	0.35543716318621216
0.13994670328195694	0.9841623698905818	0.10880807049466655	0.09427587003064927
0.7818512516392069	-0.17726325474117507	0.5977343514861806	-0.002205592939471407
0.0	0.0	0.0	1.0
9	18	109
0.48407962201081467	-0.015803068649188214	-0.8748812019437252	0.3847000384606715
0.15628819410370218	0.9853209047310061	0.06867769946872676	0.11962721892303026
0.8609535143458863	-0.16997907987564115	0.4794436692845453	0.08768324849594167
0.0	0.0	0.0	1.0
9	19	110
0.3857257819323317	-0.002779667615050456	-0.9226092040906568	0.3810961982326074
0.15745912833687795	0.9855227070641542	0.06286154974349957	0.13315453063583615
0.9090776830419206	-0.16952055326782725	0.38057936175484136	0.18024036189802345
0.0	0.0	0.0	1.0
9	20	111
0.25993313540416324	0.013361556282094773	-0.9655341983515727	0.34447558663435274
0.17664597946479754	0.9823730302461843	0.061149746310860786	0.15486277950838706
0.9493318223886562	-0.18645256825074008	0.2529911574318849	0.3192483667791614
0.0	0.0	0.0	1.0
9	21	112
0.1845341177011862	0.025665179946227665	-0.9824908566181079	0.32355667439427366
0.08679926528102085	0.9953271201483262	0.04230336622312229	0.11201938700469743
0.9789857430668126	-0.09308590729370349	0.1814441271583185	0.47480648750716725
0.0	0.0	0.0	1.0
10	11	113
0.9911779405627054	-0.008615482632998307	-0.13225803758614219	0.06149938462331821
0.014030637352219042	0.999098471996833	0.04006680424515381	0.012352023909715742
0.13179354994009637	-0.041569004281464005	0.9904051740269557	-0.003858954756813571
0.0	0.0	0.0	1.0
10	12	114
0.9718030707976886	-0.022051119138109938	-0.2347610033422214	0.09105144567406906
0.03376605537521091	0.9983706810479197	0.045998994502145354	0.02465325351370312
0.23336403184370666	-0.05262892515894187	0.970964121649559	-0.004793281079236078
0.0	0.0	0.0	1.0
10	13	115
0.9589346460991832	-0.020180813700493266	-0.28290820860192467	0.08323764296626347
0.05242785885254393	0.9928885385627979	0.10688129513967302	0.03078670917736348
0.27873934091588676	-0.11732445510798432	0.9531733387976444	-0.036722023941484154
0.0	0.0	0.0	1.0
10	14	116
0.9486437166863015	-0.02155893463990072	-0.315611002675333	0.0683646463804682
0.06907031066712224	0.9877199780527712	0.14013747951509792	0.021007892586543016
0.30871406395726264	-0.15473990970580434	0.9384834256481241	-0.08119142406568859
0.0	0.0	0.0	1.0
10	15	117
0.9085304621523169	-0.04914371955432459	-0.41491836711479607	0.10342246573739114
0.10941454187311943	0.986387619778748	0.12275111826262837	0.019258084863922994
0.40323781888581445	-0.15692126404225484	0.9015402119363543	-0.11769262552245455
0.0	0.0	0.0	1.0
10	16	118
0.8093892284624469	-0.028257914428954298	-0.5865923907351003	0.2135746269462178
0.11249089386518003	0.9878062736948445	0.10763109304417903	0.033684059480476286
0.5763982125090874	-0.15310176032653333	0.8026985348457752	-0.09604525121486342
0.0	0.0	0.0	1.0
10	17	119
0.7145369465478172	-0.046958702496072084	-0.698019923179568	0.3008933430346293
0.13283971626831942	0.9886999369944168	0.06946910482627777	0.06297642441808934
0.6868701049536675	-0.1423630493195803	0.7127005599231704	-0.030426083096398587
0.0	0.0	0.0	1.0
10	18	120
0.6036436348051887	-0.06878873391040578	-0.7942811815040784	0.33610112708137757
0.15474451822954435	0.9874333019014491	0.03208717356350885	0.08639915928235826
0.7820924604679982	-0.1422798904091382	0.6067023859670734	0.051834646416689556
0.0	0.0	0.0	1.0
10	19	121
0.5132310947757467	-0.05849716714291735	-0.856254596274821	0.3369203854183354
0.15673437361152256	0.9872853223494978	0.02649628903939766	0.09971742531248351
0.8438176497805857	-0.147803246210907	0.5158740158078022	0.1392338071737783
0.0	0.0	0.0	1.0
10	20	50
0.39500786	-0.04476585	-0.91758650	0.30638777
0.17593688	0.98401072	0.02773182	0.12032452
0.90167346	-0.17239160	0.39656786	0.27334077
0.00000000	0.00000000	0.00000000	1.00000010
11	12	122
0.9944686475178154	-0.017802333781802623	-0.10351445211153305	0.029712671009795678
0.018782999482129765	0.9997874499261281	0.008506527764214176	0.011181537641121736
0.10334092975073944	-0.010403791254408686	0.9945915699159171	-0.007182092414419955
0.0	0.0	0.0	1.0
11	13	123
0.988065488533823	-0.018043371965074495	-0.152973419164789	0.02210477656492931
0.029275226808820474	0.9970114467026	0.07149207069889464	0.016947074995982768
0.1512262850588247	-0.07511717340497988	0.9856409893378293	-0.041290951414856565
0.0	0.0	0.0	1.0
11	14	124
0.982202425922016	-0.020874935789151266	-0.18666142927441265	0.007497330781489236
0.04141699002363147	0.9934135194601984	0.1068373904888014	0.006602385836596923
0.18320177563286402	-0.1126669113125419	0.9765978222058079	-0.08729790322428407
0.0	0.0	0.0	1.0
11	15	125
0.9558149041685171	-0.0529765981453533	-0.28915596173836533	0.04417896265763483
0.08371626107732962	0.9919518021080475	0.09499034380904184	0.0022235372312234335
0.28179645323624175	-0.11500026602814219	0.9525573732125192	-0.129926563048542
0.0	0.0	0.0	1.0
11	16	126
0.8800736292683241	-0.04037906898899947	-0.47311719650933565	0.15812365462393377
0.08875299446137146	0.9928065290986732	0.080361863158704	0.016272746607485084
0.46646888828370164	-0.11271492326044621	0.8773267185570073	-0.11995497085242196
0.0	0.0	0.0	1.0
11	17	127
0.8009564465508846	-0.06485838420179771	-0.5951991595383808	0.25013928263634466
0.11396182382415083	0.9924558647333714	0.04521072620078224	0.043883466886912824
0.5877766088473184	-0.10404183247296563	0.8023053446424431	-0.062192791254544674
0.0	0.0	0.0	1.0
12	13	128
0.9987562643976649	-0.0007819817918695494	-0.04985067359566621	-0.007920228123933509
0.003963701061189834	0.997957451196832	0.06375804922801455	0.006128520247294162
0.049699045544633544	-0.0638763285340167	0.9967196129098559	-0.03489487486156346
0.0	0.0	0.0	1.0
12	14	129
0.9964632343943207	-0.004009637524855304	-0.08393292075753878	-0.022668233556006827
0.01244360627160446	0.9948890138880077	0.1002043809438015	-0.004172058775985722
0.08310223781600863	-0.10089441182892663	0.9914203938219711	-0.08151846512307678
0.0	0.0	0.0	1.0
12	15	130
0.9814028144062159	-0.037471983072271495	-0.18826605443260977	0.014085713892872342
0.05576126470688485	0.9941213369688344	0.09280786466760582	-0.009882529370434039
0.1836816199361053	-0.10157986814066723	0.9777231145383601	-0.12722631770872694
0.0	0.0	0.0	1.0
12	21	131
0.5365980940397648	-0.0659363336334384	-0.8412578244401555	0.23798722842060868
0.06638619239824513	0.9971510673934025	-0.035810393179806214	0.05126560073262435
0.8412225245903919	-0.03663212600366283	0.5394467251633159	0.3499610022003969
0.0	0.0	0.0	1.0
13	14	132
0.9994113700870169	-0.005403169149446526	-0.033878228939766594	-0.015901731756239025
0.006654883770266618	0.9992951876301661	0.03694421092879437	-0.008954388378390514
0.033654772386121454	-0.037147944458398835	0.9987428505198451	-0.04617324616292408
0.0	0.0	0.0	1.0
13	21	134
0.5779196992626745	-0.11731169038106808	-0.8076178728612723	0.21510172179351977
0.06730905757655246	0.9930943996140817	-0.09608795863822088	0.04235953036071688
0.813313287973568	0.0011710996606728208	0.5818248842222153	0.3766981847645844
0.0	0.0	0.0	1.0
14	21	135
0.605574058649242	-0.14321984119094575	-0.7827950426211218	0.18730478248362567
0.06515887337072708	0.9892924570866125	-0.13059329590764518	0.04622426639042513
0.7931169867476869	0.028077855460235397	0.6084218460682197	0.41765439179669767
0.0	0.0	0.0	1.0
15	21	136
0.687470102722471	-0.11370268300454905	-0.7172562732903158	0.13592619974274464
0.034528262867330066	0.9916675921241899	-0.12410921174321231	0.04478947921593338
0.7253915238447457	0.06055576631737919	0.6856678173428778	0.4275768531344741
0.0	0.0	0.0	1.0
15	22	137
0.6206157758632516	-0.12107093882526582	-0.7747115303605856	0.13216730626276477
0.02525847108023885	0.9905818907585012	-0.13457248579036704	0.04907097436769492
0.783708027943743	0.06394979236464257	0.6178288667405565	0.5322026799657064
0.0	0.0	0.0	1.0
16	20	138
0.8592292937355368	-0.09854604817127018	-0.5020097758964667	0.07798197384977
0.09832805196261771	0.9947881747997565	-0.026983762507714053	0.06322397777020622
0.5020525031728323	-0.026176408014660493	0.8644408852613878	0.2500222647342953
0.0	0.0	0.0	1.0
16	21	139
0.8171334121360956	-0.09845552881790164	-0.5679783117022758	0.063497915946419
0.04719422988193898	0.9934247208723815	-0.10430710711804314	0.028504560712919014
0.5745134947574041	0.058427521585531474	0.8164070678395956	0.37680917331863706
0.0	0.0	0.0	1.0
16	22	140
0.7630684262293775	-0.10569980066880688	-0.6376159105722421	0.06454751007444263
0.040192905646773566	0.9923877107342499	-0.11641057442483531	0.03340564774294843
0.6450667871877126	0.06320160414389656	0.7615080946914493	0.475013743726155
0.0	0.0	0.0	1.0
16	24	141
0.5484206194696221	-0.11799138593327718	-0.8278362152808459	0.00311471435306375
-0.04153868639355515	0.9849285641887726	-0.1679000572419286	-0.02490134658688607
0.8351703035310002	0.1264671163080511	0.5352540173715339	0.636448729005342
0.0	0.0	0.0	1.0
16	25	142
0.40362953930324363	-0.1344166091443365	-0.9049946666928933	-0.12083022455492697
-0.06841735194723075	0.9819451647165283	-0.17636015049001635	-0.046546359407860324
0.9123608899622703	0.1331015136247206	0.38714559713740504	0.676125003260369
0.0	0.0	0.0	1.0
17	20	143
0.9248435560608426	-0.05553119404242182	-0.376272421907888	0.020157164512148978
0.060148172870889256	0.998189331438847	0.0005235418912094016	0.03937987061591347
0.3755619719746625	-0.02311626772471662	0.926508972950273	0.18998249276057308
0.0	0.0	0.0	1.0
17	21	144
0.892520221949734	-0.05581929579315555	-0.4475397961620601	0.010597140678980148
0.020548947188795724	0.9963138693765117	-0.08328463741945993	0.01060347864211647
0.4505391253027979	0.06513677440151591	0.8903773319584319	0.3104911227842836
0.0	0.0	0.0	1.0
17	22	145
0.8491780102272524	-0.06383023106357709	-0.5242351378121841	0.017756514005786084
0.01537610836967388	0.9952364194222354	-0.09627188911922901	0.01636598581883133
0.5278829258324702	0.0736912978421662	0.8461143227469023	0.40403996445110835
0.0	0.0	0.0	1.0
17	23	146
0.7773162549703806	-0.0683759229045133	-0.6253832518900784	0.026919281135734073
-0.014893143516732746	0.991797478409151	-0.12694894414992963	0.00011261392150201773
0.628933782636076	0.10799342634707272	0.7699219902748219	0.4781903881325753
0.0	0.0	0.0	1.0
17	24	147
0.6642405523811098	-0.08082331638605762	-0.7431367228222213	-0.021607584624737566
-0.05788628448977406	0.9855909588519772	-0.15893324982961773	-0.03395767365768846
0.7452742995128241	0.1485873677074182	0.6499909897335796	0.5538423375997956
0.0	0.0	0.0	1.0
17	25	148
0.532599473277938	-0.10138634390908725	-0.8402730230532722	-0.13166935663266133
-0.08315474107572879	0.9817277244802791	-0.17116096718483045	-0.05315686715250155
0.8422726995387335	0.16103293379553835	0.51443683535867	0.5903588143479281
0.0	0.0	0.0	1.0
17	26	149
0.43811409543957264	-0.08874918540180272	-0.8945275633801307	-0.2442081061782327
-0.13936514877841297	0.9763762092848434	-0.1651267337124396	-0.07696523642699231
0.888050437233271	0.1970103630817051	0.4153957090327244	0.5581836267584211
0.0	0.0	0.0	1.0
18	20	150
0.9703449609396649	-0.01252077089923781	-0.241400069076765	-0.006151589483398378
0.016487440442434095	0.9997600762503679	0.014418953481803448	0.027657240406750456
0.24116153088141365	-0.017971426810998694	0.9703185451917092	0.143542696217055
0.0	0.0	0.0	1.0
18	21	151
0.9484864572796402	-0.013346272487395425	-0.3165362341346602	-0.011974598626150284
-0.010721896412972972	0.9971877066262362	-0.07417258649056364	0.0033570019770569432
0.3166360656150416	0.07374557627924486	0.9456760435987668	0.2612546368734791
0.0	0.0	0.0	1.0
18	22	152
0.9168315634124231	-0.022286025975938036	-0.3986516738863375	-0.000359512836623884
-0.013951532992001501	0.9960432838299742	-0.08776845316700865	0.009779431796374971
0.3990302757540847	0.08603069833182667	0.912893027093971	0.3529062750835768
