0	2	1
0.9996875732531719	0.024029856289949296	-0.0068786974926185645	-0.016534137277335634
-0.023421581040932504	0.9966853751752031	0.07790858110922669	0.009493521423268684
0.008727949106217119	-0.0777230581507105	0.9969368014365776	0.006218190303926777
0.0	0.0	0.0	1.0
0	3	2
0.9987802971168025	0.04844989039132098	-0.009517275001794466	-0.029791890683973855
-0.046904078531626175	0.9912117977768987	0.12369027184362327	0.01774833767576245
0.01542632988118277	-0.12309298427818853	0.9922752520151029	0.017059995330245017
0.0	0.0	0.0	1.0
0	4	3
0.9982881710346748	0.05631130003319759	-0.01581029743942964	-0.04140969191682042
-0.052230998881957535	0.9799446629227571	0.19230373244037618	0.0365506474924327
0.026322002018509014	-0.1911486769162251	0.9812081791755334	0.03225565155529361
0.0	0.0	0.0	1.0
0	5	4
0.9980713310624492	0.061228173806594476	-0.010230013033222575	-0.052633023205654265
-0.0569948457654834	0.9691377289572181	0.23984117113831271	0.048804545995860225
0.024599353372134196	-0.2387955016945759	0.9707582152414513	0.04655020151977247
0.0	0.0	0.0	1.0
0	6	5
0.9970936833955931	0.07152407478736149	-0.026240157260349693	-0.06530466186031322
-0.06027883377825783	0.9512717234020136	0.30240488649983266	0.06971698466905682
0.04659065303648265	-0.29994422155056405	0.9528182565974797	0.06195303650029185
0.0	0.0	0.0	1.0
0	7	6
0.9964338766088642	0.05905224529789918	-0.06027055765984122	-0.0834226075899596
-0.0333070371848589	0.9315557791172112	0.3620701850863463	0.09054351242493124
0.07752646039960134	-0.3587715720263018	0.9302004908534114	0.07198589291686167
0.0	0.0	0.0	1.0
0	8	7
0.9938568839523433	0.0700914296080474	-0.08564836101495685	-0.08803418422990866
-0.027627555243572664	0.9065145581271472	0.42126951747003516	0.11096056652193015
0.1071687898593524	-0.41631543106524266	0.9028822249705286	0.07329856407436841
0.0	0.0	0.0	1.0
0	9	8
0.9759478305550987	0.10997235405738405	-0.18823379415175348	-0.06228152350925919
-0.008496144558913876	0.8819715959984984	0.4712261625259636	0.13093817017932152
0.21783855146448447	-0.4582928804066251	0.8616924628076444	0.04207063963622567
0.0	0.0	0.0	1.0
0	10	9
0.9348048725753564	0.18297454312967898	-0.3044012843681724	-0.003814676425461199
0.003105744259983764	0.8528339739231149	0.5221730191094804	0.15767742347116506
0.3551481630562472	-0.4890752846903221	0.7966649557087593	0.009162006786048919
0.0	0.0	0.0	1.0
0	11	10
0.8795600118433472	0.23869689192853744	-0.4115799543779369	0.05514814105364724
0.03044850443395552	0.8350366859800814	0.5493511403090924	0.17020086589435887
0.47481272819864145	-0.49571928697166157	0.7271967557596776	-0.001842098800662474
0.0	0.0	0.0	1.0
1	2	11
0.9998322584639965	0.015483739311843887	-0.009776011138018192	-0.008838699761126103
-0.014981465088498135	0.9986612845085339	0.049508809228178866	0.008244763301454837
0.010529420784027634	-0.049354076097875975	0.9987258746735077	0.005195854198732377
0.0	0.0	0.0	1.0
1	3	12
0.9991206354800922	0.039825388792666803	-0.013107819550362292	-0.022124304120325865
-0.03839610312422789	0.9946905548165469	0.09547987613330981	0.016270278227217543
0.01684065568880357	-0.09489270601452465	0.9953450831584715	0.016139251781705066
0.0	0.0	0.0	1.0
1	4	13
0.9986781519170173	0.04750811903813338	-0.01962134006201551	-0.03374624894745161
-0.04364779145727863	0.9854279530611948	0.16439834665227712	0.034962306919737736
0.027145577340624904	-0.16332463811932083	0.9861989578367609	0.031498604386756154
0.0	0.0	0.0	1.0
1	5	14
0.998515695850336	0.05258364285569302	-0.014183059162153792	-0.04498259904460319
-0.04838430815530195	0.9760200948832579	0.21223504678740793	0.047134462807482805
0.0250030582022202	-0.21123385324752264	0.9771157016624554	0.04583879376385351
0.0	0.0	0.0	1.0
1	6	15
0.9975840243128044	0.06242695377821887	-0.03047806867201675	-0.057653149283982165
-0.05166258709637962	0.9599721033434022	0.27528988266214743	0.06796592159554744
0.04644349680862814	-0.27305026066263943	0.960877970655239	0.06149217655230656
0.0	0.0	0.0	1.0
1	7	16
0.9967375702066107	0.048996437973108244	-0.06413746105199522	-0.07572416412099355
-0.024708628275654496	0.941740001530884	0.3354332016491004	0.08895004607559119
0.0768358476580871	-0.33275423162541123	0.9398783361373961	0.0718477674614533
0.0	0.0	0.0	1.0
1	8	17
0.9941897901557544	0.05932911678403756	-0.0898139484056057	-0.08033676189936409
-0.01909140217549451	0.9183493165173936	0.3953097674162153	0.10936622655721961
0.10593386248965925	-0.3912984265722674	0.9141463922624731	0.07347743420663241
0.0	0.0	0.0	1.0
1	9	18
0.9763598513788997	0.09641870402793205	-0.19345491511422344	-0.05464136497515707
-4.129376589500899e-05	0.8950810844676531	0.4459034147455099	0.1294570363721103
0.21615108703465202	-0.43535428170706153	0.8739252345696286	0.04319245967630666
0.0	0.0	0.0	1.0
1	10	19
0.9355376632139549	0.16642175375461685	-0.3115653354034416	0.003572425579569365
0.011443978701899223	0.8673112464506155	0.4976345647001355	0.15625476427660018
0.3530413507202702	-0.46912151276744357	0.8094978401382105	0.011449162041209422
0.0	0.0	0.0	1.0
1	11	20
0.8804931427104714	0.21952635683819985	-0.42016664521256586	0.06217984014056703
0.038705090006283034	0.8500681445296863	0.5252484644698386	0.16897477488274304
0.47247609533679397	-0.47874032469471867	0.7399823742948084	0.0014558222508857627
0.0	0.0	0.0	1.0
1	12	21
0.826025679704062	0.2527354247476741	-0.503792073926828	0.08838973063130914
0.05925429650300254	0.8499384080657116	0.5235395136024468	0.1813007056032459
0.5605090417387065	-0.46230896482743344	0.6870952442124229	-0.0010664001724011488
0.0	0.0	0.0	1.0
2	3	22
0.9996979660471955	0.02415477188932804	-0.004536415054361878	-0.013463852829776624
-0.023921605102357073	0.9986613467198445	0.045861917988311345	0.007586823549677545
0.005638122073708162	-0.04573960082695524	0.998937486224958	0.011375863303867162
0.0	0.0	0.0	1.0
2	4	23
0.9994381892743055	0.03151136994605104	-0.011425469074601732	-0.025112951819789554
-0.02998957446912467	0.9929018958460372	0.11509442241303841	0.025912981310368954
0.014971150545084968	-0.1146871243179328	0.9932889134912268	0.02741551179442256
0.0	0.0	0.0	1.0
2	5	24
0.9993011839578495	0.03685177623321497	-0.006246325818719947	-0.03642145253320477
-0.03533861375270788	0.9859459310318649	0.163284612156779	0.0378448188943535
0.012175976951660675	-0.1629498092324598	0.986559185211771	0.042163875539310065
0.0	0.0	0.0	1.0
2	6	25
0.9986813780766263	0.045889121366081656	-0.02301618966213821	-0.04908485716826869
-0.039481244780313715	0.9730903071946673	0.22701661881631	0.05841451013189822
0.03281441573243335	-0.22580858805450435	0.9736187914174956	0.05858516629442814
0.0	0.0	0.0	1.0
2	7	26
0.9979561639058823	0.030822828103214413	-0.05597875594552813	-0.06686679400065358
-0.013402060286196072	0.957456425961096	0.28826694363494415	0.07943978911480003
0.06248252671878412	-0.2869276278336349	0.9559125636104481	0.0697988949383849
0.0	0.0	0.0	1.0
2	8	27
0.9958198102511078	0.03990863176078714	-0.08215931294696706	-0.0714371539911754
-0.008733298522200658	0.9369773172179775	0.34928078683988484	0.09974906032907954
0.09092073893835467	-0.3471033441233057	0.9334091879520252	0.07229297712473537
0.0	0.0	0.0	1.0
2	9	28
0.9795803297418954	0.07208454530001039	-0.1876864830030758	-0.045602273769434036
0.00945873935727074	0.9159596659554189	0.4011589378870355	0.11990439694482548
0.20083054348219062	-0.39474274901917	0.8965741474833484	0.04356362948550271
0.0	0.0	0.0	1.0
2	10	29
0.9410035271545735	0.13675795505573984	-0.309531179463448	0.01237041427374795
0.020006387613892427	0.8906160839974758	0.4543156606595701	0.14672810772102438
0.3378048609175742	-0.43370532809157447	0.835336782321254	0.013670426472691203
0.0	0.0	0.0	1.0
2	11	30
0.8878521654302576	0.1852393964274116	-0.42119462923816864	0.07068850482002925
0.046725991767326995	0.8743547834493738	0.4830324379769942	0.15966914636613558
0.45775023180169633	-0.44854220837444136	0.767642208664272	0.005211306096320999
0.0	0.0	0.0	1.0
2	12	31
0.8347255460005844	0.21507981728228037	-0.5069260206161228	0.09662824385961465
0.06728645197370606	0.8738327540137685	0.48154844065474867	0.1721888185878253
0.5465398624692916	-0.4360700923967146	0.7149384562038095	0.0036448800394625774
0.0	0.0	0.0	1.0
3	4	32
0.9999492501490276	0.007037018460583942	-0.007219686422424629	-0.011621041543550049
-0.006519321467935948	0.997568554034585	0.06938816673511554	0.01746748045044683
0.007690422288617834	-0.0693375392014517	0.9975636781245284	0.01669695931314889
0.0	0.0	0.0	1.0
3	5	33
0.9999177877473131	0.012611078652045134	-0.0022910862788741854	-0.023028323153264054
-0.012253374982866246	0.9929599559064235	0.11781515792678829	0.02880618216429511
0.003760848226176563	-0.11777738840102664	0.9930328539944451	0.031811463533799975
0.0	0.0	0.0	1.0
3	6	34
0.9995925389957856	0.020882053233986703	-0.01945999054086641	-0.035563547083894344
-0.016994393592667474	0.9831435157582262	0.18204410226925882	0.04865585832279247
0.022933416448799204	-0.18163919486383104	0.9830977036237422	0.04908842130494419
0.0	0.0	0.0	1.0
3	7	35
0.998653152882136	0.004341549247005112	-0.05170249713963097	-0.052865856651013135
0.008421423417999408	0.9697157680982997	0.24409147223003483	0.06941936513204915
0.05119657186954895	-0.24419816613046982	0.9683731185556261	0.06132481051392948
0.0	0.0	0.0	1.0
3	8	36
0.9968556757533249	0.01226560281153621	-0.07828286254247459	-0.05721816170652669
0.012317323014084187	0.9519506055497713	0.30600351567940903	0.08921156976103084
0.0782747476448269	-0.3060056622301063	0.9488064011518454	0.06487498039177494
0.0	0.0	0.0	1.0
3	9	37
0.9818770170224316	0.03994723297551932	-0.1852611806004751	-0.030577994997626735
0.029760848367508738	0.9329051420129075	0.3588904523831187	0.10914462483905814
0.1871677299856313	-0.35789983952390825	0.9148091884438778	0.03839220959803976
0.0	0.0	0.0	1.0
3	10	38
0.9454267763445582	0.09986884578339052	-0.3101520488415985	0.02787006320265593
0.03945200143348605	0.9097810428473593	0.4132093683842964	0.13565633162658158
0.32343733492824017	-0.40289537215219856	0.8561912978801481	0.011341920874613538
0.0	0.0	0.0	1.0
3	11	39
0.8939690798971488	0.14443574538886114	-0.42421404802518686	0.08645477150535956
0.06564047497552485	0.8942193433111526	0.4427900667747508	0.14873152682775592
0.4432951806327885	-0.42368628352215687	0.7899235498358169	0.0054081382971451035
0.0	0.0	0.0	1.0
3	12	40
0.8419682104160667	0.17157528265228653	-0.5115187706329077	0.11248164402284608
0.08618884661426315	0.8931381143204165	0.44144744607726394	0.16155133676156247
0.5325983357272239	-0.41577195304588016	0.7372059339842616	0.005583740552800609
0.0	0.0	0.0	1.0
3	13	41
0.8143032406760905	0.1913899825432707	-0.5479779927793463	0.1040168344876712
0.12330754288593404	0.8654851006139435	0.4855210728607941	0.16815173296512076
0.5671907963767734	-0.46293131592837816	0.6811675763808883	-0.034058529494693006
0.0	0.0	0.0	1.0
4	5	42
0.9999721812453537	0.005902697259162215	0.0045298581517675225	-0.011586343840213155
-0.006115820417898147	0.9988002482837738	0.04858445282338739	0.010477372470564341
-0.004237537088447919	-0.048610826265078205	0.9988086958987052	0.01593425784624981
0.0	0.0	0.0	1.0
4	6	43
0.9998291065288092	0.012964361854369506	-0.013173205386133037	-0.02395099136825522
-0.011389389543224009	0.993495312318308	0.11330109400034342	0.029277855123774708
0.014556384586814642	-0.11313171379806751	0.993473218911883	0.03464572227459055
0.0	0.0	0.0	1.0
4	7	44
0.999006152528534	-0.0057670436853825445	-0.044197500733369845	-0.04041766101412381
0.013482679368891741	0.9842398742818274	0.17632379395958564	0.04943978098887546
0.042484177134865235	-0.17674452814273872	0.9833395514409342	0.04848701716128498
0.0	0.0	0.0	1.0
4	8	45
0.9974564308736544	0.00030509776256049614	-0.07127636222645126	-0.04444190541038266
0.016806380518694618	0.9707884728230582	0.2393467457724238	0.0684532790154428
0.06926729720937112	-0.23993595591879974	0.9683143308185749	0.05370310479528985
0.0	0.0	0.0	1.0
4	9	46
0.9834456818851173	0.020594040639589768	-0.18002860150949468	-0.01650312598995887
0.03373316679641494	0.9553453277444189	0.29355953990710987	0.0879476030474023
0.17803500405786513	-0.29477284926295805	0.9388355986655342	0.029934397972127456
0.0	0.0	0.0	1.0
4	10	47
0.948320641518205	0.07194162977452657	-0.309050315027037	0.042794094018991244
0.042868935305164585	0.9359833671972166	0.3494240080647507	0.11397091229342426
0.314404239924133	-0.3446147315935119	0.8845283781947401	0.006246241728617638
0.0	0.0	0.0	1.0
4	11	48
0.8980026761043729	0.10882107611960996	-0.42632029874107774	0.10210791036251478
0.0687330039091733	0.9223413279083302	0.38021304502118003	0.12707088235756223
0.43458811082878535	-0.370734667038064	0.8207854361229342	0.0032296839814716064
0.0	0.0	0.0	1.0
4	12	49
0.8468257487088496	0.1301757161471234	-0.5156940051554844	0.12865930840798095
0.08928241433509704	0.9210356056690319	0.3791066908607411	0.1401707769617236
0.5243230190583127	-0.3670797499698389	0.7683342822815106	0.005260031719714331
0.0	0.0	0.0	1.0
4	13	50
0.819564848472092	0.14759275170042022	-0.5536510542091667	0.12020723523951349
0.12588642762585422	0.8962660343500467	0.4252757850608423	0.14685832777103458
0.5589864352185993	-0.41823835039062546	0.7159684050368176	-0.03221144680691042
0.0	0.0	0.0	1.0
4	14	51
0.79946477199801	0.15683237179125686	-0.5798787371786289	0.10453251388248717
0.15190312289229807	0.8811650617349328	0.4477424497859257	0.13741037141576565
0.5811895521216335	-0.44603980266551696	0.6806372042749305	-0.07975413161103681
0.0	0.0	0.0	1.0
4	15	52
0.7290193579295972	0.1623504397584728	-0.6649606913449756	0.1341095584418516
0.18463892763584666	0.8888120225126667	0.4194297645325464	0.13712660918832417
0.6591197646688566	-0.428550145382947	0.6179850695516979	-0.11268963814907039
0.0	0.0	0.0	1.0
5	6	53
0.9998184213689482	0.0061939747577651125	-0.018024644720045807	-0.012144439818995524
-0.005011586909805401	0.9978779042203896	0.06491978302083182	0.017730203883035544
0.018388390912330806	-0.06481765456867764	0.9977276494306673	0.019639847541581667
0.0	0.0	0.0	1.0
5	7	54
0.9987443926540035	-0.014017227812501613	-0.04809795110500983	-0.027932598994034403
0.020090642330724086	0.9915433791770276	0.1282119330733864	0.03724083049806136
0.045894026569046883	-0.12901730434698627	0.9905799751340473	0.034586370203643545
0.0	0.0	0.0	1.0
5	8	55
0.9971078949917964	-0.009258504613402965	-0.07543316400982521	-0.03159009736538518
0.02362033111263084	0.9811497231444072	0.19179961825805433	0.055390902161520976
0.07223535106873878	-0.19302672591957087	0.9785309407066903	0.04097030109170638
0.0	0.0	0.0	1.0
5	9	56
0.982724670162323	0.0058081179223508465	-0.1849827598192051	-0.0022302311069763237
0.04070106596442962	0.96825548108813	0.24662681464552924	0.07434459844841386
0.180542847433393	-0.2498952578685957	0.9512920676848118	0.019486344030754183
0.0	0.0	0.0	1.0
5	10	57
0.9473192484289911	0.05104048096972386	-0.31619799865923987	0.05827367669602732
0.04997534787470239	0.9515750188984474	0.3033272301875643	0.09974665362783525
0.3163681295976836	-0.3031498569751279	0.898894502075501	-0.001235211272019937
0.0	0.0	0.0	1.0
5	11	58
0.8966891519961769	0.08248592594163634	-0.4349078144463891	0.11856296853671437
0.07589764644860507	0.9392870318741964	0.3346331427964459	0.11277687899274824
0.43610577367804604	-0.3330704067107722	0.8359878981023537	-0.001548588743526747
0.0	0.0	0.0	1.0
5	12	59
0.8452348427692444	0.09978576661732169	-0.5249962661738827	0.14577243772872403
0.09643377214774772	0.9378034467883063	0.33350449750945865	0.12614824174610062
0.5256221934861782	-0.33251699263243295	0.783041284739115	0.002356794068483293
0.0	0.0	0.0	1.0
5	13	60
0.8179055642468996	0.11550451035176441	-0.563639239568569	0.13745477327976519
0.13309970539273022	0.9150828236440848	0.38066755481982967	0.13274716144054757
0.5597454788635889	-0.38637039189011063	0.7330777500237823	-0.03335894994448873
0.0	0.0	0.0	1.0
5	14	61
0.7977417748628703	0.1235817182519853	-0.5901996516863804	0.12188501830832983
0.1591283165766411	0.9009323817872613	0.4037312810147926	0.12338153667744618
0.5816238402605298	-0.4159908344549049	0.6990459942122985	-0.07979553399292062
0.0	0.0	0.0	1.0
5	15	62
0.7269454723605596	0.1253903395474574	-0.6751499811966792	0.1519764664290061
0.19178010770296033	0.9069944048295899	0.3749418707641903	0.12387131319080552
0.6593713433730094	-0.4020426888812949	0.6352880562146909	-0.11096043883631915
0.0	0.0	0.0	1.0
5	16	63
0.5797586589966685	0.19224748940971823	-0.7917833240818899	0.2586466462972126
0.18998179878512225	0.9130850124243499	0.3608081432439866	0.1386367405551169
0.7923300418373338	-0.3596061145121952	0.4928454056741032	-0.07871929866631934
0.0	0.0	0.0	1.0
5	17	64
0.45371656816719963	0.20339022108496788	-0.8676252769131165	0.3387102666896425
0.19723005423053203	0.9265428150482964	0.32034135734107966	0.1692511842322074
0.8690463717849164	-0.316466013632963	0.38027307298469337	-0.005480210203237951
0.0	0.0	0.0	1.0
6	7	65
0.9993430360673422	-0.02211528220616593	-0.028714678420031142	-0.014840076226354344
0.02391762097507033	0.9976620280006576	0.06402051436034073	0.01858519100125693
0.027231820558145048	-0.06466528386454685	0.9975356258695292	0.016472165314217385
0.0	0.0	0.0	1.0
6	8	66
0.9982290154913191	-0.019133052073573246	-0.05632632021301482	-0.01802169064392439
0.026236152325182262	0.9914008375863048	0.12820230890940296	0.035613910259862214
0.053389064497027	-0.12945310338649335	0.9901472887647572	0.024467567781031978
0.0	0.0	0.0	1.0
6	9	67
0.9859163062470159	-0.011138255396659413	-0.16686805827905485	0.013217915978795408
0.04224568258053635	0.9820077264240363	0.1840547865397525	0.0538316396787515
0.1618156067435319	-0.18851208836302413	0.968648008232845	0.0057697620826822815
0.0	0.0	0.0	1.0
6	10	68
0.9531625786209863	0.02565709275567096	-0.3013680485705453	0.07531321404009937
0.05039296274553182	0.9689971615470353	0.24187809178157657	0.07842767635870272
0.2982307928356922	-0.2457360141372119	0.9223189669086953	-0.01137061882305271
0.0	0.0	0.0	1.0
6	11	69
0.9048761425954197	0.04958292913568725	-0.4227773548244234	0.13697634015584131
0.07567016535321591	0.9586377120604581	0.2743860196081667	0.09131010269281178
0.41889521490102216	-0.2802770276679188	0.8636964805370761	-0.008454838779524278
0.0	0.0	0.0	1.0
6	12	70
0.8551621394944406	0.06125540291010831	-0.5147286037329836	0.1651810118246817
0.09621371354759359	0.9569810853586931	0.27373373009424906	0.104973137570252
0.5093531346992249	-0.2836106896078363	0.8124803787119774	-0.0023859126918082513
0.0	0.0	0.0	1.0
6	13	71
0.8286317096608394	0.0745690595166416	-0.5548051663977889	0.15709219446811845
0.13188216165853883	0.9371867385840501	0.3229365492613313	0.11138985207403687
0.54403722259457	-0.3407644399131473	0.7667485025722619	-0.03576892082907641
0.0	0.0	0.0	1.0
6	14	72
0.8090003530436374	0.08100588317434831	-0.5821995535905335	0.14170792413673278
0.15740268310044092	0.9244331728566094	0.3473436940975866	0.10208093111643536
0.5663415468472136	-0.37264100426164376	0.735116314501535	-0.08074819886925763
0.0	0.0	0.0	1.0
6	15	73
0.7397593068454045	0.07765051130990096	-0.6683759212633499	0.17271045851871208
0.1906050047675122	0.9284496922676571	0.31882719284238714	0.10346277715941557
0.645310524012879	-0.36325124758722704	0.6720288264058303	-0.10988152133483252
0.0	0.0	0.0	1.0
6	16	74
0.5951156103199189	0.13753161165966785	-0.7917843105548491	0.27898603211306067
0.18909950143035928	0.9336188288648174	0.3042977339088339	0.11840362649574017
0.7810753756983827	-0.3308184072884975	0.5296041172584827	-0.07376943691904808
0.0	0.0	0.0	1.0
6	17	75
0.4705324552410686	0.14435872499681557	-0.8704939009936262	0.35896145252276246
0.19715919180298752	0.9443846525655661	0.26318388103577056	0.14973253795758426
0.8600740376149323	-0.2954624955748392	0.4159020382826282	0.0020352647062153017
0.0	0.0	0.0	1.0
6	18	76
0.3350249489193678	0.1440151444709773	-0.9311379907074498	0.38519997381924276
0.2068257568312537	0.9529053870807423	0.22179803811179236	0.17513070866499347
0.9192286947051492	-0.26689121724502474	0.2894610508421604	0.09267927689540513
0.0	0.0	0.0	1.0
7	8	77
0.9996136208515972	0.0011809003491822072	-0.027766766093789454	-0.002751917003423893
0.000612509620334757	0.9979178559381521	0.06449161396473811	0.01601419058752939
0.027785011217683214	-0.06448372069499438	0.9975316987061481	0.009646835359062383
0.0	0.0	0.0	1.0
7	9	78
0.9903063768624587	0.0017855718918311548	-0.13888831513192126	0.030168746303104253
0.015215459742847404	0.9925053228162604	0.12124979716466568	0.033614292916642925
0.1380637603960134	-0.12218770661865312	0.9828571121815227	-0.006100264582555452
0.0	0.0	0.0	1.0
7	10	79
0.9606225699233036	0.02910073364760917	-0.2763281001500889	0.09357981220663301
0.021984735072174764	0.9834219213872345	0.17999377113210213	0.05751196413141185
0.2769851607025714	-0.17898111700546596	0.9440574807300571	-0.01948441193211022
0.0	0.0	0.0	1.0
7	11	80
0.915324977616424	0.04404304206119817	-0.4003002402054812	0.15633510692203037
0.04654097234149796	0.9757724394480317	0.21377980862018156	0.0703444456847902
0.4000175113849431	-0.2143084054026893	0.8910989903840918	-0.013213916577024688
0.0	0.0	0.0	1.0
7	12	81
0.8680258610792955	0.04861241497718804	-0.49413344175381746	0.18529857146293213
0.06712638870170634	0.9745692789795095	0.2137956888039566	0.08433507007561275
0.49196037629214656	-0.21874961723180494	0.8426880242910322	-0.0049005765770541495
0.0	0.0	0.0	1.0
7	13	82
0.8423692186578638	0.058694674322687615	-0.5356946203777377	0.17732622890834693
0.1017963086933702	0.958824309881883	0.26512854796482455	0.09071334919715478
0.5291988253705829	-0.2778679506287328	0.8017092372910813	-0.035957230593718685
0.0	0.0	0.0	1.0
7	14	83
0.823395033302766	0.06289310899717933	-0.5639723179750334	0.16204814534968656
0.1268812636653791	0.9482735127049523	0.2909952118156965	0.08154669885947595
0.5531017640399638	-0.3111616253832954	0.7728237078487699	-0.07948721372850788
0.0	0.0	0.0	1.0
7	15	84
0.756748225157762	0.052372444693894744	-0.6516048483120968	0.19370066431638225
0.16079178711884023	0.9512491194553069	0.2631934264612178	0.08383443320011205
0.6336227379342204	-0.3039439687846221	0.7114349907703121	-0.10654853712829163
0.0	0.0	0.0	1.0
7	16	85
0.6144189303367557	0.10075332917328633	-0.7825201709781703	0.299121358564064
0.15959016639098747	0.955439977917934	0.248324519911844	0.09892448663128131
0.7726708132297911	-0.27745789683625016	0.5709611703915314	-0.0665513065906166
0.0	0.0	0.0	1.0
7	17	86
0.4920267826687159	0.09954571747107385	-0.8648698410526332	0.3786593968137158
0.16858704697442395	0.9637412669362585	0.20683531184766332	0.1309160507782232
0.8541005906238555	-0.24757446182711532	0.4574043218473335	0.011776962455619783
0.0	0.0	0.0	1.0
7	18	87
0.35835729699149865	0.09207945684459529	-0.9290323336033822	0.40410991159922277
0.17924720725293442	0.9698237358401448	0.16526372125776875	0.15704415117195422
0.9162152414713882	-0.22574996955130547	0.3310383082751565	0.10501867683330068
0.0	0.0	0.0	1.0
7	19	88
0.2545655115544221	0.11066140896367359	-0.9607028560946704	0.3982677851801231
0.17960686190411973	0.9707367785134814	0.15940911654400217	0.17064905199749236
0.9502303112389191	-0.2131289472859601	0.22724053202956132	0.1996461475532293
0.0	0.0	0.0	1.0
8	9	89
0.993782539422601	-0.0065686999787862065	-0.11114490085097523	0.0340809423439293
0.013014933733369238	0.9982681077350254	0.05737287188190758	0.017110186550239836
0.11057548604635233	-0.0584627018839939	0.9921467068397003	-0.014430813105029954
0.0	0.0	0.0	1.0
8	10	90
0.9679586966668514	0.011807698602963945	-0.25083164304046124	0.09847419503003017
0.018139743952562352	0.992996257586376	0.11674568537300177	0.0405336254738668
0.2504535101599299	-0.11755504355577183	0.9609650304807252	-0.026182907221770264
0.0	0.0	0.0	1.0
8	11	91
0.9261385351027068	0.018695987741243057	-0.3767199609219006	0.1622185176328831
0.04173933967436761	0.9875566582720046	0.15162390581113655	0.053181697485942155
0.3748671140506919	-0.156148810538179	0.9138337436783593	-0.018497320250691108
0.0	0.0	0.0	1.0
8	12	92
0.8814685148354156	0.017175418954770982	-0.47193044870941375	0.19200188456395803
0.062314945113414094	0.986369635567206	0.15228929942032746	0.06724153450045778
0.4681134413919593	-0.16364656318244544	0.8683832832846308	-0.00936885054876716
0.0	0.0	0.0	1.0
8	13	93
0.8569877015361627	0.024540625585926002	-0.5147520710787261	0.18425731816109325
0.09552754132507565	0.9739892200435527	0.20547407399815024	0.07339640950003003
0.5064055420604165	-0.22526180807782314	0.8323524757865504	-0.038985826339865796
0.0	0.0	0.0	1.0
8	14	94
0.8388109785854804	0.02689502283943628	-0.5437579115228355	0.16917132457035686
0.11987211903995153	0.9651439356522764	0.23265424355814576	0.06417620086897212
0.5310619888299813	-0.2603344085938491	0.8063492810283464	-0.08163544913183941
0.0	0.0	0.0	1.0
8	15	95
0.7746107460637699	0.010703870985656954	-0.6323475470966062	0.20176106764606874
0.15454502465360123	0.9663411358491661	0.20567140150674976	0.06680047901078964
0.613264952694845	-0.25704151618042026	0.7468839320756269	-0.10794963737340826
0.0	0.0	0.0	1.0
8	16	96
0.636028628053613	0.05045391482937152	-0.7700141942642241	0.3074918781085135
0.15376167694745266	0.9695636137388982	0.19053556131083563	0.08198278431738756
0.7561911014627464	-0.23958479989148881	0.6089123413745307	-0.06650765189866682
0.0	0.0	0.0	1.0
8	17	97
0.515968892739226	0.043862983537977795	-0.8554834389772409	0.387629578092988
0.16391690347907947	0.9751774249999077	0.14886342791689833	0.11431439837135124
0.8407778192331178	-0.21703716537824005	0.495971286544692	0.012781834419295274
0.0	0.0	0.0	1.0
8	18	98
0.38412378601564295	0.03219244565348125	-0.9227201524097464	0.41355278180999194
0.17573443469862687	0.9785727409501725	0.10729840755308719	0.14082161730159723
0.9064030201138122	-0.20336961206096735	0.37023567663422197	0.10719821982702105
0.0	0.0	0.0	1.0
8	19	99
0.28127340872650797	0.048629656388375964	-0.9583946148410285	0.40750853672898374
0.17625759155557683	0.9791065300952471	0.10140936836687231	0.15447622020173513
0.9433019775238414	-0.19744811825965491	0.26682533052470714	0.2028299880683015
0.0	0.0	0.0	1.0
8	20	100
0.15172649787451387	0.06807873072213565	-0.9860752269412864	0.3674964151188558
0.19509487286135682	0.9759363521633646	0.09739778155762095	0.1768091861988184
0.9689773415863441	-0.20715607502781427	0.1347936331212436	0.3447613835475815
0.0	0.0	0.0	1.0
9	10	101
0.989741471749559	0.009994243106747083	-0.14251957170173232	0.06251519632891465
-0.0014714071102270897	0.9982103691773869	0.05978143146041931	0.024366901446302547
0.1428621707124288	-0.05895846291863709	0.987984984339289	-0.015785567666119788
0.0	0.0	0.0	1.0
9	11	102
0.962127920196911	0.00910373980501626	-0.27244625664701466	0.12534090375995946
0.01814065369502911	0.9950884029848062	0.09731329736442136	0.03694160871113073
0.27199414005958655	-0.0985702010594286	0.957237225479729	-0.012266870829450927
0.0	0.0	0.0	1.0
9	12	103
0.928327781179436	0.0015419282761025771	-0.3717595511064357	0.1549724236948352
0.03852217182866776	0.9942094022592497	0.10031802055385147	0.05036522484642314
0.36976154100782627	-0.10744899410730234	0.9228927981707719	-0.006814106488664795
0.0	0.0	0.0	1.0
9	13	104
0.9087102013413814	0.006118961608562879	-0.4173824550280882	0.14715975340539134
0.06569837675830018	0.985334054521517	0.15748141683175715	0.056570682316287854
0.4122249297958862	-0.1705263338608834	0.8949813108491942	-0.037201794991521646
0.0	0.0	0.0	1.0
9	14	105
0.8938548773458656	0.0065685634182320604	-0.4483080517087023	0.13212606897855048
0.08692875725695208	0.9783803390227009	0.1876571685805362	0.04718136231470794
0.439848576779953	-0.20670915923907615	0.8739591631118849	-0.08047712949661602
0.0	0.0	0.0	1.0
9	15	106
0.84000644856384	-0.015512746968637622	-0.5423543706821673	0.16557166773856583
0.12437722315949973	0.9784786483679327	0.16465021189384427	0.04819567026593449
0.5281280790545564	-0.20576380127473187	0.8238579331386071	-0.11053914310255966
0.0	0.0	0.0	1.0
9	16	107
0.7173258028290637	0.014466475240436805	-0.6965875787290768	0.272744889530469
0.125259849266348	0.9808169626731157	0.14935822280872382	0.06308721001260745
0.6853857452970454	-0.19439297263669536	0.7017534306109042	-0.07641327133865795
0.0	0.0	0.0	1.0
9	17	108
0.6075553030384563	0.0014207739551089034	-0.7942759609128747	0.35543716318621393
0.13994670328195696	0.9841623698905818	0.10880807049466656	0.09427587003064938
0.781851251639207	-0.17726325474117507	0.5977343514861806	-0.0022055929394722952
0.0	0.0	0.0	1.0
9	18	109
0.4840796220108149	-0.01580306864918814	-0.8748812019437254	0.38470003846066975
0.15628819410370226	0.9853209047310061	0.06867769946872673	0.11962721892303026
0.8609535143458862	-0.16997907987564118	0.4794436692845452	0.08768324849594156
0.0	0.0	0.0	1.0
9	19	110
0.385725781932332	-0.0027796676150504845	-0.9226092040906567	0.38109619823260915
0.15745912833687792	0.9855227070641545	0.06286154974349958	0.13315453063583615
0.9090776830419205	-0.16952055326782722	0.38057936175484136	0.18024036189802434
0.0	0.0	0.0	1.0
9	20	111
0.2599331354041632	0.01336155628209475	-0.965534198351573	0.3444755866343545
0.17664597946479746	0.9823730302461843	0.06114974631086076	0.15486277950838684
0.9493318223886561	-0.18645256825074008	0.2529911574318849	0.31924836677916185
0.0	0.0	0.0	1.0
9	21	112
0.1845341177011862	0.02566517994622764	-0.9824908566181079	0.32355667439427366
0.08679926528102085	0.9953271201483261	0.0423033662231223	0.11201938700469766
0.9789857430668126	-0.09308590729370349	0.18144412715831856	0.47480648750716725
0.0	0.0	0.0	1.0
10	11	113
0.9911779405627055	-0.008615482632998304	-0.13225803758614213	0.061499384623319095
0.014030637352219074	0.9990984719968328	0.0400668042451538	0.012352023909715687
0.13179354994009643	-0.04156900428146398	0.9904051740269557	-0.0038589547568153473
0.0	0.0	0.0	1.0
10	12	114
0.9718030707976887	-0.022051119138109945	-0.2347610033422214	0.09105144567406906
0.03376605537521093	0.9983706810479198	0.045998994502145375	0.024653253513703233
0.23336403184370652	-0.05262892515894188	0.9709641216495591	-0.0047932810792351895
0.0	0.0	0.0	1.0
10	13	115
0.9589346460991831	-0.020180813700493273	-0.28290820860192467	0.08323764296626081
0.05242785885254397	0.992888538562798	0.10688129513967302	0.030786709177363245
0.2787393409158869	-0.11732445510798432	0.9531733387976445	-0.03672202394148149
0.0	0.0	0.0	1.0
10	14	116
0.9486437166863015	-0.021558934639900707	-0.31561100267533304	0.0683646463804682
0.06907031066712227	0.9877199780527713	0.14013747951509792	0.02100789258654285
0.3087140639572627	-0.15473990970580434	0.9384834256481241	-0.08119142406569037
0.0	0.0	0.0	1.0
10	15	117
0.9085304621523169	-0.049143719554324596	-0.4149183671147961	0.10342246573739114
0.10941454187311946	0.986387619778748	0.12275111826262843	0.019258084863923105
0.4032378188858144	-0.15692126404225482	0.9015402119363545	-0.11769262552245366
0.0	0.0	0.0	1.0
10	16	118
0.809389228462447	-0.028257914428954273	-0.5865923907351005	0.2135746269462178
0.11249089386518003	0.9878062736948444	0.10763109304417903	0.033684059480476175
0.5763982125090873	-0.15310176032653336	0.8026985348457755	-0.09604525121486342
0.0	0.0	0.0	1.0
10	17	119
0.7145369465478171	-0.04695870249607208	-0.6980199231795678	0.30089334303463106
0.13283971626831945	0.9886999369944168	0.06946910482627777	0.06297642441808946
0.6868701049536676	-0.1423630493195803	0.7127005599231704	-0.030426083096399475
0.0	0.0	0.0	1.0
10	18	120
0.6036436348051889	-0.06878873391040573	-0.7942811815040786	0.3361011270813758
0.15474451822954444	0.9874333019014491	0.03208717356350882	0.08639915928235826
0.7820924604679981	-0.14227989040913822	0.6067023859670733	0.051834646416689445
0.0	0.0	0.0	1.0
10	19	121
0.5132310947757469	-0.05849716714291736	-0.8562545962748208	0.3369203854183354
0.15673437361152254	0.9872853223494981	0.026496289039397658	0.09971742531248373
0.8438176497805856	-0.14780324621090699	0.5158740158078022	0.1392338071737792
0.0	0.0	0.0	1.0
10	20	122
0.3950078645944613	-0.04476585209776712	-0.9175864960721685	0.30638777381072657
0.17593688462775794	0.9840107159264816	0.027731824894476044	0.12032452108567543
0.9016734617393869	-0.17239159796492315	0.3965678585428194	0.2733407711369688
0.0	0.0	0.0	1.0
11	12	123
0.9944686475178155	-0.01780233378180263	-0.10351445211153305	0.02971267100979479
0.01878299948212978	0.9997874499261282	0.008506527764214197	0.011181537641121736
0.10334092975073929	-0.010403791254408693	0.9945915699159172	-0.007182092414419067
0.0	0.0	0.0	1.0
11	13	124
0.9880654885338229	-0.01804337196507451	-0.152973419164789	0.022104776564927535
0.02927522680882051	0.9970114467026001	0.07149207069889464	0.016947074995982754
0.15122628505882488	-0.07511717340497986	0.9856409893378295	-0.0412909514148539
0.0	0.0	0.0	1.0
11	14	125
0.982202425922016	-0.020874935789151255	-0.1866614292744127	0.007497330781489236
0.0414169900236315	0.9934135194601985	0.10683739048880139	0.006602385836596979
0.18320177563286408	-0.11266691131254188	0.9765978222058079	-0.08729790322428585
0.0	0.0	0.0	1.0
11	15	126
0.9558149041685171	-0.05297659814535331	-0.2891559617383654	0.04417896265763483
0.08371626107732964	0.9919518021080475	0.0949903438090419	0.002223537231223489
0.2817964532362417	-0.11500026602814217	0.9525573732125194	-0.129926563048542
0.0	0.0	0.0	1.0
11	16	127
0.8800736292683242	-0.04037906898899945	-0.4731171965093358	0.15812365462393554
0.08875299446137146	0.9928065290986731	0.080361863158704	0.016272746607484973
0.46646888828370153	-0.11271492326044623	0.8773267185570075	-0.11995497085242196
0.0	0.0	0.0	1.0
11	17	128
0.8009564465508845	-0.0648583842017977	-0.5951991595383808	0.25013928263634644
0.11396182382415086	0.9924558647333714	0.04521072620078225	0.04388346688691271
0.5877766088473184	-0.10404183247296563	0.8023053446424431	-0.06219279125454556
0.0	0.0	0.0	1.0
12	13	129
0.9987562643976647	-0.0007819817918695614	-0.04985067359566621	-0.007920228123937062
0.003963701061189868	0.9979574511968321	0.06375804922801455	0.006128520247293926
0.04969904554463369	-0.06387632853401669	0.996719612909856	-0.034894874861560794
0.0	0.0	0.0	1.0
12	14	130
0.9964632343943207	-0.004009637524855294	-0.08393292075753883	-0.022668233556008603
0.012443606271604481	0.9948890138880078	0.1002043809438015	-0.004172058775985889
0.08310223781600869	-0.10089441182892663	0.9914203938219711	-0.08151846512307767
0.0	0.0	0.0	1.0
12	15	131
0.9814028144062159	-0.0374719830722715	-0.18826605443260983	0.014085713892872342
0.05576126470688486	0.9941213369688344	0.09280786466760589	-0.009882529370433761
0.1836816199361052	-0.10157986814066722	0.9777231145383604	-0.12722631770872694
0.0	0.0	0.0	1.0
12	21	132
0.5365980940397648	-0.06593633363343843	-0.8412578244401555	0.23798722842060868
0.06638619239824513	0.9971510673934024	-0.035810393179806194	0.051265600732624574
0.8412225245903919	-0.03663212600366283	0.5394467251633159	0.3499610022003969
0.0	0.0	0.0	1.0
13	14	133
0.9994113700870169	-0.00540316914944652	-0.03387822893976665	-0.015901731756239025
0.006654883770266639	0.9992951876301662	0.03694421092879436	-0.00895438837839068
0.03365477238612151	-0.037147944458398835	0.9987428505198451	-0.046173246162924966
0.0	0.0	0.0	1.0
13	21	134
0.5779196992626745	-0.11731169038106809	-0.8076178728612723	0.21510172179351977
0.06730905757655248	0.9930943996140816	-0.09608795863822085	0.0423595303607171
0.813313287973568	0.0011710996606728282	0.5818248842222153	0.3766981847645844
0.0	0.0	0.0	1.0
14	21	135
0.605574058649242	-0.14321984119094577	-0.7827950426211218	0.18730478248362567
0.06515887337072708	0.9892924570866124	-0.13059329590764515	0.04622426639042513
0.7931169867476869	0.028077855460235408	0.6084218460682197	0.41765439179669767
0.0	0.0	0.0	1.0
15	21	136
0.687470102722471	-0.11370268300454907	-0.7172562732903158	0.13592619974274464
0.034528262867330066	0.9916675921241898	-0.12410921174321231	0.044789479215933604
0.7253915238447457	0.060555766317379196	0.6856678173428778	0.4275768531344741
0.0	0.0	0.0	1.0
15	22	137
0.6206157758632515	-0.12107093882526579	-0.7747115303605854	0.13216730626276654
0.02525847108023881	0.9905818907585012	-0.13457248579036707	0.04907097436769492
0.7837080279437427	0.06394979236464254	0.6178288667405564	0.5322026799657064
0.0	0.0	0.0	1.0
16	20	138
0.8592292937355369	-0.09854604817127025	-0.5020097758964669	0.07798197384977
0.09832805196261768	0.9947881747997565	-0.026983762507714122	0.06322397777020577
0.5020525031728322	-0.026176408014660514	0.8644408852613877	0.25002226473429573
0.0	0.0	0.0	1.0
16	21	139
0.8171334121360956	-0.09845552881790166	-0.5679783117022758	0.063497915946419
0.04719422988193897	0.9934247208723814	-0.10430710711804311	0.028504560712919236
0.5745134947574041	0.05842752158553148	0.8164070678395956	0.37680917331863706
0.0	0.0	0.0	1.0
16	22	140
0.7630684262293773	-0.10569980066880687	-0.6376159105722419	0.06454751007444263
0.04019290564677354	0.9923877107342499	-0.11641057442483534	0.03340564774294843
0.6450667871877125	0.06320160414389653	0.7615080946914492	0.475013743726155
0.0	0.0	0.0	1.0
16	24	141
0.548420619469622	-0.1179913859332772	-0.827836215280846	0.00311471435306375
-0.04153868639355517	0.984928564188773	-0.16790005724192866	-0.02490134658688629
0.8351703035310004	0.12646711630805113	0.535254017371534	0.636448729005342
0.0	0.0	0.0	1.0
16	25	142
0.4036295393032437	-0.13441660914433648	-0.9049946666928933	-0.12083022455492697
-0.06841735194723075	0.9819451647165284	-0.17636015049001635	-0.0465463594078606
0.9123608899622702	0.13310151362472059	0.38714559713740493	0.6761250032603663
0.0	0.0	0.0	1.0
17	20	143
0.9248435560608428	-0.055531194042421884	-0.3762724219078882	0.020157164512148978
0.06014817287088926	0.998189331438847	0.0005235418912093381	0.03937987061591369
0.37556197197466246	-0.02311626772471665	0.9265089729502729	0.1899824927605733
0.0	0.0	0.0	1.0
17	21	144
0.892520221949734	-0.05581929579315558	-0.4475397961620601	0.010597140678980148
0.020548947188795717	0.9963138693765116	-0.08328463741945989	0.01060347864211647
0.4505391253027979	0.06513677440151591	0.8903773319584319	0.3104911227842836
0.0	0.0	0.0	1.0
17	22	145
0.8491780102272523	-0.06383023106357708	-0.524235137812184	0.017756514005786084
0.015376108369673852	0.9952364194222354	-0.09627188911922904	0.01636598581883133
0.5278829258324701	0.07369129784216617	0.8461143227469021	0.40403996445110746
0.0	0.0	0.0	1.0
17	23	146
0.7773162549703805	-0.06837592290451332	-0.6253832518900785	0.026919281135734073
-0.014893143516732767	0.9917974784091511	-0.1269489441499297	0.00011261392150201773
0.6289337826360759	0.1079934263470727	0.7699219902748218	0.4781903881325753
0.0	0.0	0.0	1.0
17	24	147
0.6642405523811097	-0.08082331638605764	-0.7431367228222214	-0.021607584624737566
-0.057886284489774086	0.9855909588519776	-0.1589332498296178	-0.03395767365768879
0.7452742995128243	0.14858736770741823	0.6499909897335797	0.5538423375997956
0.0	0.0	0.0	1.0
17	25	148
0.532599473277938	-0.10138634390908724	-0.8402730230532722	-0.13166935663266044
-0.08315474107572877	0.9817277244802792	-0.17116096718483048	-0.05315686715250183
0.8422726995387334	0.16103293379553835	0.5144368353586699	0.5903588143479255
0.0	0.0	0.0	1.0
17	26	149
0.4381140954395727	-0.08874918540180267	-0.8945275633801306	-0.24420810617823357
-0.13936514877841294	0.9763762092848433	-0.1651267337124396	-0.07696523642699231
0.8880504372332712	0.19701036308170514	0.4153957090327244	0.5581836267584194
0.0	0.0	0.0	1.0
18	20	150
0.970344960939665	-0.012520770899237865	-0.24140006907676514	-0.006151589483398378
0.01648744044243409	0.9997600762503679	0.014418953481803361	0.027657240406750012
0.2411615308814137	-0.017971426810998725	0.9703185451917092	0.14354269621705545
0.0	0.0	0.0	1.0
18	21	151
0.9484864572796402	-0.013346272487395446	-0.3165362341346602	-0.011974598626150284
-0.010721896412972972	0.9971877066262361	-0.07417258649056362	0.0033570019770571653
0.31663606561504154	0.07374557627924486	0.9456760435987668	0.2612546368734791
0.0	0.0	0.0	1.0
18	22	152
0.916831563412423	-0.02228602597593803	-0.3986516738863373	-0.000359512836623884
