3	5	1
0.8614997753628123	0.29110918632917393	-0.4160210908011167	-0.04568727755253843
-0.12501650536124329	0.9157159656368502	0.38188363562404615	0.14266640552151527
0.4921269858215072	-0.2769831607202051	0.8252825596890803	-0.10835937531854092
0.0	0.0	0.0	1.0
4	5	2
0.9719330216740348	0.13100497882392861	-0.1954073775585307	-0.00822765926702067
-0.0832008403942159	0.96833980159726	0.23536317287913738	0.11844117773547831
0.2200544428747039	-0.21249914423101093	0.952061034654853	-0.06074413813756992
0.0	0.0	0.0	1.0
4	6	3
0.9850654595040268	0.15382185773576	-0.07736310094049417	0.06308901004976165
-0.11107825445085844	0.911041058571766	0.39707172591342454	0.1881650138674845
0.13155934925569632	-0.38254823558655954	0.9145212347759811	-0.16312527148485972
0.0	0.0	0.0	1.0
4	7	4
0.9902939002528051	-0.07979115940017373	0.11380443709732405	0.07586968928963737
0.0339031389660705	0.932740119884856	0.3589520234127288	0.15886008757290554
-0.1347912015246765	-0.35160965148265816	0.926391972973778	-0.29738697726610186
0.0	0.0	0.0	1.0
4	8	5
0.9779334081628054	-0.1621445983003095	0.1317404797808539	0.10107199388856726
0.13802834517130913	0.9748131195163332	0.17517896179375575	0.18225253068230107
-0.15682665985693145	-0.15312942923853567	0.9756827691371995	-0.43291789149778875
0.0	0.0	0.0	1.0
4	9	6
0.9347217124037921	-0.15180656835852227	0.32132545289983905	0.1401958558775418
0.10735741417132295	0.9825488555514785	0.15189604461163111	0.2161195655371795
-0.33877676944039065	-0.10748382051244207	0.9347072604594147	-0.5467555917649993
0.0	0.0	0.0	1.0
5	6	7
0.9926862555249406	0.04878512770408986	0.11042663308072143	0.07218609338263794
-0.0662004320148884	0.984895009016441	0.15999778720115357	0.08068713810892345
-0.10095301461116281	-0.16613789538475437	0.9809213686241931	-0.0846930831427321
0.0	0.0	0.0	1.0
5	7	8
0.9298079453947078	-0.1328728390668795	0.3432228926905841	0.12010622059650385
0.08500330567344862	0.9848725273732227	0.15099827458671644	0.05208226119306858
-0.35809439426633216	-0.11122432005586184	0.9270369894524877	-0.23084764197897267
0.0	0.0	0.0	1.0
5	8	9
0.9035008330544126	-0.2073690521536799	0.3750791527680274	0.15585057772910146
0.2276283928318975	0.9736967771979214	-0.009992146997216567	0.06819261872233386
-0.36314126910277866	0.094406549906031	0.9269389553916811	-0.39078118959207636
0.0	0.0	0.0	1.0
5	16	10
0.17426451844042046	-0.20167036272454425	0.9638262479050795	-0.32774069658477123
0.20455245875983263	0.9648652873105328	0.16490370294629694	0.029752535307995518
-0.9632186927151446	0.16841613081622323	0.20939392609894947	-0.7784066951023343
0.0	0.0	0.0	1.0
5	17	11
0.7679107267949961	-0.023306160494518207	0.6401327655314891	0.12643921728531968
0.06642948040758764	0.9968470105218449	-0.0433960477024391	0.14425093334330655
-0.6371030683275045	0.07584795264447733	0.7670377578777884	-1.1003814368298805
0.0	0.0	0.0	1.0
5	18	12
0.9568835410556578	-0.0025915334639127494	0.2904604032304483	0.5222189740985357
0.06858463559473808	0.973702319670298	-0.2172555050752792	0.2835471949881192
-0.2822588994212889	0.22780930502642313	0.9318974412827015	-1.2117600724322155
0.0	0.0	0.0	1.0
5	19	13
0.7972691669888273	-0.12967371375518405	0.5895308381485275	0.21549182380286136
0.3701855357507745	0.8764676484250975	-0.30784260938143093	0.5679274830706439
-0.47678558795716736	0.46366917797869167	0.7467839736806134	-1.275127248631671
0.0	0.0	0.0	1.0
5	21	14
0.788245053907265	-0.2822919575091241	0.546791642122824	0.3212627646496277
0.5272628895106901	0.7679712243242653	-0.36361247566101046	0.7024318412971153
-0.3172753589934847	0.574918590310321	0.754191577498988	-1.1268411452428253
0.0	0.0	0.0	1.0
5	22	15
0.9873672397382697	-0.15264155055334622	-0.04250442675141373	0.9459964863412159
0.13065190982722347	0.9360790453176452	-0.32662829452928016	0.30386972994474387
0.08964464886360292	0.3169487562360567	0.9441966343214659	-0.8288481338664536
0.0	0.0	0.0	1.0
5	23	16
0.9914581912523646	0.036596983426057335	-0.12518507343493204	0.9183660312455797
-0.04360340483914312	0.9976049716398344	-0.05369347601200392	0.011810346439974424
0.12292026851309061	0.0586933073915697	0.9906794656803758	-0.6363720762992265
0.0	0.0	0.0	1.0
5	24	17
0.9980785809719139	0.061712437099453024	0.005553126677752666	0.7703703106096712
-0.059571554535886764	0.9310630557241422	0.3599621310341265	-0.12492909280431813
0.017043876911935995	-0.3596012588095017	0.9329504000496749	-0.5469946176001008
0.0	0.0	0.0	1.0
5	25	18
0.9847058720671604	0.10910935950624503	0.1358291997615957	0.5612062777648648
-0.16558548093210554	0.8285560405493293	0.5348610484143894	-0.096269022559235
-0.05418376927821958	-0.5491721130961763	0.833950915423571	-0.474581643632746
0.0	0.0	0.0	1.0
5	28	19
0.8327406255474639	0.3960578310444666	-0.3868868913652346	0.15935951046042668
-0.1758705567048107	0.8518067014241351	0.4934522202548219	0.09992550606097488
0.5249884174994836	-0.3428756588867947	0.7789888590191636	-0.07543804692604511
0.0	0.0	0.0	1.0
5	29	20
0.9991947327846434	-0.021871902084641497	0.03363758405707951	0.19083478347878727
0.0029843436274308525	0.8765491048934934	0.4813032302924491	0.11156691390190303
-0.04001195918820667	-0.48081525609018416	0.8759085006612773	0.0021867720890093264
0.0	0.0	0.0	1.0
5	30	21
0.9870625862012701	-0.14741946956139992	0.06304777930118553	0.06244448644776561
0.10566910807909062	0.8938620448210592	0.4357118557694929	0.07848363235091715
-0.12058837666983097	-0.42341261827159893	0.8978754871479967	0.07777461661031958
0.0	0.0	0.0	1.0
7	24	22
0.9217274820033394	0.14645738063256405	-0.3591223020566558	0.5691347666195036
-0.05555585803074601	0.9662683681484813	0.25147358693086097	-0.1105298511602764
0.38383872766896165	-0.2118387307045023	0.8987725990648653	-0.37458347995539537
0.0	0.0	0.0	1.0
7	25	23
0.9477093992909463	0.21167204905869338	-0.238834564745859	0.3812217476123611
-0.0804787382288081	0.8827099200750719	0.46297561342286864	-0.02569972671981042
0.30882062226904144	-0.41954520668210193	0.853587526117333	-0.2927734053908653
0.0	0.0	0.0	1.0
7	28	24
0.5888751015743279	0.4024329538523005	-0.7009094526134568	-0.0941309696914257
-0.10734372380914789	0.8984819313589203	0.42568508782298653	0.1642915913702981
0.8010641085869538	-0.17543710802999754	0.5722921793699894	-0.030401369570056756
0.0	0.0	0.0	1.0
7	29	25
0.9435106073667084	0.06847303731354028	-0.3241900482904428	-0.0008914485242550737
0.051499584411506864	0.936218827806119	0.34762363313504335	0.13686920278113873
0.3273157184983973	-0.3446822378178136	0.8798059682689071	0.18392709090724854
0.0	0.0	0.0	1.0
7	30	26
0.9590061564870551	-0.05176570442515309	-0.27861731379021126	-0.11436019921896314
0.12902827391925017	0.9551141931948619	0.26666228636286426	0.07480039089281777
0.2523074435041881	-0.29168023793540065	0.9226395698682618	0.27565147236285054
0.0	0.0	0.0	1.0
17	22	27
0.7345588907609883	-0.08472547230642163	-0.6732346436328711	0.12452626534350834
-0.1305728794198168	0.955981053592763	-0.262775221491297	-0.10667487774363314
0.6658634208721314	0.2809300678783269	0.6911614068984282	-0.19302263576299136
0.0	0.0	0.0	1.0
17	23	28
0.6803633620801073	0.10777615567443363	-0.7249068107352961	0.0191206122177326
-0.09110481734367137	0.9938930138499034	0.062261252222738726	-0.051529303052194754
0.7271902518374328	0.023682220630738816	0.6860273409958676	0.02315812735882942
0.0	0.0	0.0	1.0
17	24	29
0.7685516898033186	0.1275786899362746	-0.6269386038910939	-0.03507971209818301
0.16297841002747632	0.9085491427735909	0.3846769596551439	0.14669637567955646
0.6186812117986352	-0.3978215443371742	0.6774743445241491	0.17764614483084348
0.0	0.0	0.0	1.0
18	22	30
0.9328451283754142	-0.07167490125194587	-0.3530761553661064	0.051326692575045664
0.027720193221606338	0.9913848293551932	-0.12801419546803128	-0.14683316655305922
0.35920978073842635	0.10963008716331195	0.9267952869718928	0.07553392709630406
0.0	0.0	0.0	1.0
18	23	31
0.9122538222872933	0.13083049673699942	-0.3881704411155629	-0.06549628943249612
-0.059904543337447394	0.9800449457607187	0.18953435610439107	-0.0051251949020469185
0.4052213719648341	-0.1496502944010693	0.9018871766943088	0.28731744067974113
0.0	0.0	0.0	1.0
19	22	32
0.7819333984258935	0.24480837540022113	-0.5732793478549151	-0.09254129440828159
-0.20977754922962263	0.9693586098123698	0.1278173168250431	-0.03846697723521918
0.5870039987342714	0.020316553691206097	0.8093290659067375	0.06511652296734098
0.0	0.0	0.0	1.0
20	22	33
0.5028253005423943	0.46463474619404727	-0.7288904906039729	-0.12647443175026582
-0.4364918899053642	0.8643201677144033	0.2498509091614046	0.07314780418535517
0.7460841130815115	0.19252346778129578	0.6374113143331912	-0.0479766752032897
0.0	0.0	0.0	1.0
21	22	34
0.7981356785730264	0.41883290449781724	-0.4330802484768782	-0.09262899980061806
-0.33985945492082653	0.906535821740644	0.2503763698376806	0.05840868688748288
0.4974686165729131	-0.05264780825020969	0.865882850124887	0.024027642417208228
0.0	0.0	0.0	1.0
21	23	35
0.7027307575624598	0.5963833793985965	-0.3879384894177169	-0.16345892174244941
-0.34534514773599095	0.762665111734256	0.5468808272341588	0.20328444230329207
0.6220178082354882	-0.2503373088927717	0.7419064001010914	0.1756523173495476
0.0	0.0	0.0	1.0
22	23	36
0.9786679050127101	0.20468256715678207	-0.017721136375464425	-0.08433533541248789
-0.19304634033407234	0.9456781054067765	0.26158367623903644	0.12388169749307504
0.07030003865600341	-0.25258261355907324	0.9650181615869673	0.173730047092069
0.0	0.0	0.0	1.0
22	24	37
0.9758140337847984	0.18635478761321733	0.11427523180356522	-0.11465710303159315
-0.21623793489346074	0.7461917074224699	0.629634087590337	0.37475719971506133
0.03206405834364906	-0.6391164203879518	0.7684413730126607	0.25380222794282514
0.0	0.0	0.0	1.0
22	29	38
0.9884808137826812	0.09908588310795723	0.1144005850971792	-0.6795530822456587
-0.1513087491052809	0.6637019467753625	0.7325336147775028	0.6601846471805347
-0.0033441637597371003	-0.7414052646756069	0.6710492271527886	0.7868388564701726
0.0	0.0	0.0	1.0
22	30	39
0.9944156430375504	-0.02962786139370429	0.10128986362283336	-0.7853122931445811
-0.0506260264378537	0.7082156222777553	0.7041788354588188	0.49482769927264836
-0.09259839193427458	-0.70537435767679	0.7027608424011365	0.9621962983767823
0.0	0.0	0.0	1.0
23	24	40
0.9911165150461532	0.01774684693536863	0.1318075268744099	-0.056168396676804615
-0.07005050401268484	0.9121031182774713	0.4039316997168449	0.18568151116861048
-0.11305351637473683	-0.409576526691212	0.9052435534972413	0.13773885192075694
0.0	0.0	0.0	1.0
23	25	41
0.9632839943947241	0.05861837992974096	0.26200745135758957	-0.15739909867823074
-0.2008050662579583	0.8050732446741868	0.5581527139253325	0.43382813671764786
-0.17821721112644567	-0.5902719760558321	0.787284942904087	0.19706445953512333
0.0	0.0	0.0	1.0
23	28	42
0.888554517377498	0.37957225559265123	-0.2576742366216204	-0.825118344014148
-0.2049676167697612	0.8309400684556975	0.5172302570931399	0.6074980053595117
0.410438061404943	-0.4067723695089914	0.8161353731671189	0.07179946411908161
0.0	0.0	0.0	1.0
23	29	43
0.9856484428798798	-0.06719393112827583	0.15486157364276382	-0.615008100448896
-0.02521408918078043	0.8484768534369883	0.5286316032641794	0.46110826229555374
-0.16691726360856665	-0.5249496171227258	0.8346055507636325	0.6927974210876436
0.0	0.0	0.0	1.0
23	30	44
0.9653435465159167	-0.1934909500553094	0.1751375559775273	-0.7103563898660472
0.08293452473788829	0.8637188823956626	0.49710335834396835	0.30846125907097344
-0.2474545896800161	-0.46535053294185735	0.8498324712031863	0.8513341112644038
0.0	0.0	0.0	1.0
24	25	45
0.9903014013415192	0.09182061280580618	0.10426919498311314	-0.13318675942862118
-0.11116494834850361	0.9738318964035517	0.19822678327424517	0.21945806113278823
-0.08333941466577822	-0.20789535907217918	0.9745943258996121	0.09674623429560948
0.0	0.0	0.0	1.0
24	26	46
0.9676945636150311	0.19374506237155856	-0.1613379433014546	-0.3532182369519169
-0.13742890317150852	0.9418269133069492	0.30671711179758343	0.3908110752989654
0.21137724225767396	-0.2746360289495286	0.9380269774999743	0.003649195751374081
0.0	0.0	0.0	1.0
24	28	47
0.8534337708266562	0.17988256952898557	-0.4891760915102832	-0.74320461438801
-0.12022535223398524	0.9811868179640307	0.15105813655390984	0.3977502947965721
0.5071457236748161	-0.07010677897565308	0.859004294428579	-0.005015706096049643
0.0	0.0	0.0	1.0
24	29	48
0.9961117676422142	-0.06777944758255317	0.05627746514230387	-0.5542242750226855
0.05974532208631984	0.9891957175259031	0.13387470379282168	0.2623489444552312
-0.0647433728866132	-0.12999190402664088	0.9893989986540834	0.5770192717993362
0.0	0.0	0.0	1.0
24	30	49
0.9764184020825507	-0.1733628733161628	0.12865600737040978	-0.6410431521331644
0.16304802545616204	0.9827868988564273	0.0868645996191033	0.12316941232321968
-0.1415005177334175	-0.06383907810322217	0.9878777135377775	0.7191708124888022
0.0	0.0	0.0	1.0
25	26	50
0.9592765241636964	0.04911991216669757	-0.27816478017710566	-0.20932368146012104
-0.017635744071222398	0.9932578481631839	0.1145765632571861	0.15939894306948407
0.281917309653717	-0.10500497216878953	0.9536752469530944	-0.028023454032372098
0.0	0.0	0.0	1.0
25	28	51
0.8106675947658069	-0.016664333563152594	-0.5852696005091782	-0.5749547009843402
-0.01321543714753161	0.9988195667498801	-0.04674425966877994	0.1813135081716199
0.5853576290624345	0.045628628062749275	0.8094903577185226	-0.015382535198206142
0.0	0.0	0.0	1.0
25	29	52
0.986095375575851	-0.16558277426062373	-0.014076590406565621	-0.3851891150118948
0.16395345908866824	0.9832062446624306	-0.08015478902314185	0.07616751602822662
0.027112502749124547	0.0767323193293901	0.9966830025282463	0.4673654682415008
0.0	0.0	0.0	1.0
25	30	53
0.9644451281926546	-0.25186669794694677	0.08005465815152098	-0.4650626636342647
0.2607641047220766	0.9561628338611425	-0.13324738617123555	-0.03904672235047926
-0.04298463797490684	0.14938518986521	0.987844394221762	0.5850918477655928
0.0	0.0	0.0	1.0
26	27	54
0.9077511837459292	0.043233291136316424	-0.4172754195760666	-0.2563698237137446
-0.005705092342855093	0.9958557770955412	0.09076831166097855	0.11204238352654677
0.41947037594512715	-0.0800144220606689	0.9042359175146464	-0.050686564814263736
0.0	0.0	0.0	1.0
26	28	55
0.9396373503284826	-0.09790690750843517	-0.32786606082770736	-0.371848089261777
0.04938725949800168	0.9869626780434987	-0.15318553739026283	0.03003784005800934
0.33858948404545963	0.1277463992986122	0.9322222491970779	0.061253717613138255
0.0	0.0	0.0	1.0
26	29	56
0.9417204917418455	-0.1834697870135245	0.2819599456772349	-0.15091835570004697
0.22786795618200342	0.9645020502774581	-0.13346186730159468	-0.03361499944519821
-0.24746463278280814	0.18993335610232365	0.9500982111608332	0.41191517939394384
0.0	0.0	0.0	1.0
26	30	57
0.8905296591408055	-0.258004919969342	0.3746872566974818	-0.22702800832331685
0.33417627105432657	0.929850471827769	-0.15396267132570804	-0.12162748154552566
-0.3086798935682638	0.26231991168778146	0.9142785327739809	0.5042856374609809
0.0	0.0	0.0	1.0
26	31	58
0.9368599493721786	-0.3496718078599958	-0.004786037187400486	-0.6259811165909396
0.33843370850722887	0.9100268873295945	-0.23940269168050662	-0.15412359145225127
0.08806786888271939	0.22266703638191013	0.9709085796704141	0.3172481305990095
0.0	0.0	0.0	1.0
26	34	59
0.7776474033361646	-0.4414925157673998	-0.44760339744492994	-1.0687752650500832
0.19398077979907052	0.845705504051185	-0.4971454955761339	-0.25495645747765755
0.5980267572340995	0.299777448178434	0.7433018513916981	0.02857323976706962
0.0	0.0	0.0	1.0
26	35	60
0.9485250210286884	-0.3004916732241254	0.1000255850384092	-0.7191134097457265
0.3102105330246901	0.8179061089250994	-0.48456072078064566	-0.3755950425637915
0.06379501482305303	0.49064690397934785	0.8690201348106145	0.6950211490772705
0.0	0.0	0.0	1.0
27	28	61
0.9855344128349484	-0.13262164123359044	0.10551567949365796	-0.09897931861394177
0.15142160066454732	0.9686861903152928	-0.19677059052614632	-0.0496497583681122
-0.0761155270107841	0.20990148053064706	0.9747552498767186	0.06762911619363648
0.0	0.0	0.0	1.0
27	29	62
0.7292608320800077	-0.1624889633381252	0.6646621778545101	0.08793719537761548
0.30423639527430457	0.9470906910805942	-0.10227123147971637	-0.06691603423150434
-0.6128774321968053	0.2767967436981485	0.7401112225589419	0.26129258948523726
0.0	0.0	0.0	1.0
27	30	63
0.640877069877745	-0.22800645318301513	0.7330003740090235	-2.6809452410254174e-05
0.4077942598084499	0.9101154065940295	-0.0734429898771799	-0.12277539293620951
-0.6503694673365933	0.34598124809555003	0.6762518440280217	0.33306280104257635
0.0	0.0	0.0	1.0
27	31	64
0.8373152401679586	-0.35400187994339155	0.4166359427237542	-0.35053764437896523
0.4464539309417009	0.8825944489717068	-0.14732886159410916	-0.14602183361940105
-0.31556590953074803	0.3093694569343196	0.8970554291972456	0.24715268373834387
0.0	0.0	0.0	1.0
27	34	65
0.8735969488310206	-0.4847274885842078	-0.04321324509431083	-0.7926915581439885
0.42009552866677874	0.7959688858347255	-0.43583615941154996	-0.2585298909951848
0.24565824963837418	0.36259149381634426	0.8989879379043405	0.09649358261482104
0.0	0.0	0.0	1.0
27	35	66
0.8062951333017722	-0.2955785491589036	0.5123683786337736	-0.4533160823629033
0.5191500346639518	0.7687639043401023	-0.37347728326739327	-0.34756500829760495
-0.28349840975896534	0.567128956251618	0.7733002699098781	0.5979940762713088
0.0	0.0	0.0	1.0
27	36	67
0.7120533640933324	-0.3162159714209371	0.6268871658942357	-0.3758274515892297
0.6141515302159448	0.7132299258111459	-0.3378182142437894	-0.4818554231325117
-0.34029112018580704	0.6255482024922494	0.702062213453963	0.6674339871711064
0.0	0.0	0.0	1.0
28	29	68
0.8103933733720822	-0.17776095499730366	0.5582681831028969	0.12156840091962945
0.16343941117400546	0.9836254982541437	0.07594923766927232	-0.0070385238330310145
-0.5626276351410338	0.02969424102142555	0.826176841033297	0.15120478427825898
0.0	0.0	0.0	1.0
28	30	69
0.7391879371687774	-0.2680569847759894	0.6178563546411113	0.018043464272009847
0.2734447911910797	0.9578163943757544	0.08840618680856778	-0.05413349085704548
-0.6154908510849839	0.10360085289883529	0.781305235855483	0.224446699501507
0.0	0.0	0.0	1.0
28	31	70
0.9161128083194854	-0.2981108371636484	0.2680798403734628	-0.29279254190422915
0.30739898083479583	0.951549694292526	0.007666253994845219	-0.06886993809556247
-0.25737671679594165	0.07538434184749217	0.9633660654162541	0.16026892245175292
0.0	0.0	0.0	1.0
28	35	71
0.8878945009555317	-0.2650514033601937	0.3760197915673246	-0.4040224937630793
0.3702776799588272	0.8967907292438678	-0.24219961157198544	-0.25000997465003344
-0.2730157044621887	0.35427946733753507	0.8943983503430257	0.528073661458357
0.0	0.0	0.0	1.0
29	30	72
0.991612872586525	-0.09592958839404829	0.08661125981181893	-0.11627657234360918
0.10068982987335282	0.9935388107635931	-0.05236682353621599	-0.05146303418204203
-0.08102812305601326	0.060648544051797156	0.9948650305662465	0.08429568695572885
0.0	0.0	0.0	1.0
30	31	73
0.9227252439059519	-0.01132927607908132	-0.38529146260556624	-0.22357759801064664
-0.023107319153225378	0.9961443431850524	-0.08463025957727034	0.004466751126180339
0.38476478885006793	0.08699350352445469	0.9189058241408957	-0.04820968462246503
0.0	0.0	0.0	1.0
31	32	74
0.8199148590939056	0.06770521633625932	-0.5684679572491536	-0.22808578751193329
-0.054937704641835484	0.9977046094576167	0.03958992787565746	0.0489814372700078
0.5698435881253836	-0.0012300047383359955	0.8217523609653036	-0.07403761885640686
0.0	0.0	0.0	1.0
31	33	75
0.584009329758732	0.028872113454542082	-0.8112335042543963	-0.3981140273641412
-0.1146683724921806	0.9922802094931291	-0.04723441196695294	0.05672179828609321
0.8036072205734812	0.12060814673377764	0.5828115300813924	-0.17924800571700059
0.0	0.0	0.0	1.0
31	34	76
0.8850666107562365	-0.0314305360865907	-0.4644021075863554	-0.372253729191029
-0.11160721921228559	0.9542823934502789	-0.27728859740197537	-0.08977374130198025
0.45188612796584604	0.29724948724100886	0.841095587833794	0.09042256931639255
0.0	0.0	0.0	1.0
31	35	77
0.9932299898603483	0.0236109151937653	0.11374061334738346	-0.12981517659030628
0.0069442320793798975	0.9653074307802662	-0.26102384251843314	-0.13966209627850068
-0.11595765079695142	0.2600465146814266	0.958608268838811	0.35839643503591107
0.0	0.0	0.0	1.0
32	33	78
0.9419528123498365	-0.03539491796933859	-0.33387458798527603	-0.20625356389714908
1.5539083799173494e-05	0.9944321514506853	-0.10537855412690669	0.00021464925861099416
0.33574550390628694	0.0992564130555423	0.9367086401848768	-0.03817927254316009
0.0	0.0	0.0	1.0
32	34	79
0.9875487716941026	-0.09836753019217964	0.12276458646204755	-0.13310050922168232
0.13073119134882608	0.9472455659564823	-0.2926349824677496	-0.12801926113499942
-0.08750242852174211	0.30504047202355344	0.9483109118612354	0.12573387010232215
0.0	0.0	0.0	1.0
33	34	80
0.8927179365918708	-0.11074125518063929	0.4367960845272401	0.06772607404057412
0.18731828348278068	0.9728109787281581	-0.13620110661677293	-0.09479306990913318
-0.4098369345431719	0.2034090923361659	0.8891897592422617	0.07510849828594164
0.0	0.0	0.0	1.0
33	35	81
0.48846685906660425	-0.09583586931696725	0.8673036103746995	0.2255487572654017
0.24367721322239572	0.9693885503196862	-0.030123331267629908	-0.1030357884130191
-0.8378671908055034	0.22605637901085593	0.4968672662247964	0.10106989555336628
0.0	0.0	0.0	1.0
33	36	82
0.37000200682090256	-0.17561712626726164	0.9122813639246721	0.21765807597074616
0.32225604673235536	0.9452635415150166	0.05126602756330682	-0.14808368952125536
-0.8713492759295587	0.27501962896471843	0.40634305435258106	0.11611090788642023
0.0	0.0	0.0	1.0
33	37	83
0.5147385018704201	-0.15129422616842703	0.8438922232795834	0.12266046302075723
0.47626707544397506	0.8689188032536335	-0.13472175184951962	-0.22690781151036896
-0.7128911872643833	0.4712646526913305	0.519322446777171	0.08840454223543243
0.0	0.0	0.0	1.0
34	35	84
0.8255111029066201	-0.11985910129250014	0.5515118067431362	0.11685509542912288
0.09702600842267574	0.9927797736389641	0.07052914330216443	-0.020795674595201607
-0.5559833313480316	-0.004711617894612282	0.8311801538050136	0.07584914193572596
0.0	0.0	0.0	1.0
34	36	85
0.7482365629125818	-0.2257878313540234	0.6238286087842668	0.09872499943529599
0.20539695351430134	0.9729446356299865	0.10578796884059163	-0.07771158541602018
-0.6308362763641023	0.048978054946538355	0.7743687193570351	0.10531608080298052
0.0	0.0	0.0	1.0
34	37	86
0.8448798008047015	-0.16569977881944642	0.5086468174532209	0.01152918174167689
0.27010116547923035	0.9528564667627722	-0.138239084356755	-0.14449358334438775
-0.4617613194711983	0.25418153408673255	0.849804871770469	0.07994490372254875
0.0	0.0	0.0	1.0
34	38	87
0.5109621741813953	-0.17043013136177088	0.8425385867698167	0.265342820674337
0.48887614214578	0.8638157873843332	-0.12174751294677999	-0.21742179561080527
-0.7070486085570419	0.4741053563789792	0.5246963729750823	0.13555499333364662
0.0	0.0	0.0	1.0
35	36	88
0.9887891051319069	-0.10756108754570932	0.10357072878629273	-0.026912602087973646
0.1112844919541359	0.993309649951292	-0.030852542504737335	-0.06771906221492173
-0.09955930474480505	0.042032474380380117	0.9941434876702543	0.0424192560186594
0.0	0.0	0.0	1.0
35	37	89
0.9978429498593608	-0.046653657820267265	-0.046181213514206135	-0.10254124025551753
0.032522487679516425	0.9624334937885703	-0.269562776581218	-0.10783344268792269
0.05702236145541305	0.26747943180084355	0.9618748322413907	0.005886584782643196
0.0	0.0	0.0	1.0
35	38	90
0.9069024824997095	-0.06019943958450243	0.4170178672108246	0.12648430918070475
0.23289127963281583	0.8964257088725476	-0.37707101065617493	-0.19739403836931418
-0.35112604643579604	0.4390864712469125	0.8269905596760665	0.12299043603238251
0.0	0.0	0.0	1.0
36	37	91
0.986891150524604	0.06612770690753282	-0.14721621489635575	-0.06525851628345627
-0.09928132513017418	0.9679302508803854	-0.23076852689880897	-0.03516899986637002
0.12723481140056905	0.2423592756105176	0.9618072660623714	-0.015075999655067283
0.0	0.0	0.0	1.0
36	38	92
0.9464011029837018	0.028261424419638005	0.3217547124896521	0.1402196530931854
0.09480627574384508	0.927978928753159	-0.3603701687220147	-0.11671404586447606
-0.30876611735098364	0.3715591184534166	0.8755609685776478	0.10270171628070618
0.0	0.0	0.0	1.0
43	45	93
0.8793061358184909	-0.23627602708855974	0.41351446279956994	0.21622153214026113
0.2930274713504705	0.952863768706889	-0.07864789756959487	-0.0703903030496852
-0.37544036663673636	0.19032667367834089	0.9070944520160176	-0.11033306019744202
0.0	0.0	0.0	1.0
