3	5	1
0.8614997753628124	0.2911091863291741	-0.41602109080111693	-0.045687277552536654
-0.12501650536124329	0.91571596563685	0.3818836356240461	0.14266640552151483
0.4921269858215071	-0.2769831607202051	0.82528255968908	-0.10835937531854004
0.0	0.0	0.0	1.0
4	5	2
0.971933021674035	0.1310049788239287	-0.1954073775585309	-0.008227659267018893
-0.08320084039421591	0.9683398015972597	0.23536317287913736	0.11844117773547831
0.22005444287470385	-0.2124991442310109	0.9520610346548529	-0.06074413813756903
0.0	0.0	0.0	1.0
4	6	3
0.9850654595040269	0.1538218577357601	-0.07736310094049434	0.06308901004976343
-0.11107825445085846	0.9110410585717661	0.39707172591342466	0.18816501386748405
0.13155934925569643	-0.3825482355865596	0.9145212347759811	-0.16312527148486106
0.0	0.0	0.0	1.0
4	7	4
0.9902939002528051	-0.07979115940017381	0.11380443709732427	0.07586968928963737
0.0339031389660705	0.932740119884856	0.3589520234127289	0.15886008757290532
-0.13479120152467644	-0.3516096514826581	0.9263919729737778	-0.2973869772661023
0.0	0.0	0.0	1.0
4	8	5
0.9779334081628055	-0.16214459830030964	0.13174047978085407	0.10107199388856726
0.13802834517130913	0.974813119516333	0.17517896179375567	0.18225253068230055
-0.15682665985693156	-0.15312942923853567	0.9756827691371994	-0.432917891497787
0.0	0.0	0.0	1.0
4	9	6
0.934721712403792	-0.15180656835852227	0.3213254528998391	0.1401958558775418
0.107357414171323	0.9825488555514784	0.15189604461163098	0.2161195655371789
-0.33877676944039065	-0.10748382051244214	0.9347072604594148	-0.546755591765002
0.0	0.0	0.0	1.0
5	6	7
0.9926862555249408	0.04878512770408989	0.11042663308072126	0.07218609338263972
-0.06620043201488844	0.9848950090164411	0.15999778720115362	0.08068713810892389
-0.10095301461116273	-0.1661378953847544	0.9809213686241931	-0.08469308314273344
0.0	0.0	0.0	1.0
5	7	8
0.9298079453947078	-0.13287283906687952	0.3432228926905843	0.12010622059650385
0.08500330567344862	0.9848725273732227	0.15099827458671647	0.05208226119306836
-0.35809439426633205	-0.11122432005586183	0.9270369894524877	-0.23084764197897312
0.0	0.0	0.0	1.0
5	8	9
0.9035008330544128	-0.20736905215367998	0.37507915276802767	0.15585057772910146
0.2276283928318975	0.9736967771979211	-0.009992146997216601	0.06819261872233331
-0.3631412691027788	0.09440654990603099	0.9269389553916811	-0.39078118959207503
0.0	0.0	0.0	1.0
5	16	10
0.1742645184404204	-0.20167036272454425	0.9638262479050796	-0.32774069658476945
0.20455245875983266	0.9648652873105329	0.16490370294629697	0.029752535307995518
-0.9632186927151445	0.16841613081622325	0.20939392609894955	-0.7784066951023378
0.0	0.0	0.0	1.0
5	17	11
0.7679107267949958	-0.023306160494518165	0.6401327655314892	0.12643921728532323
0.06642948040758768	0.9968470105218451	-0.04339604770243914	0.14425093334330744
-0.6371030683275043	0.07584795264447738	0.767037757877788	-1.1003814368298805
0.0	0.0	0.0	1.0
5	18	12
0.9568835410556579	-0.002591533463912889	0.2904604032304481	0.5222189740985375
0.06858463559473806	0.9737023196702979	-0.21725550507527913	0.2835471949881183
-0.282258899421289	0.22780930502642313	0.9318974412827016	-1.2117600724322137
0.0	0.0	0.0	1.0
5	19	13
0.7972691669888272	-0.12967371375518402	0.5895308381485274	0.21549182380286136
0.3701855357507745	0.8764676484250975	-0.30784260938143093	0.5679274830706441
-0.4767855879571674	0.4636691779786918	0.7467839736806137	-1.2751272486316727
0.0	0.0	0.0	1.0
5	21	14
0.788245053907265	-0.28229195750912384	0.5467916421228242	0.32126276464963127
0.5272628895106899	0.7679712243242653	-0.36361247566101024	0.7024318412971171
-0.3172753589934847	0.5749185903103209	0.754191577498988	-1.1268411452428257
0.0	0.0	0.0	1.0
5	22	15
0.9873672397382695	-0.1526415505533462	-0.042504426751413873	0.9459964863412159
0.1306519098272235	0.9360790453176451	-0.32662829452928016	0.3038697299447434
0.089644648863603	0.3169487562360566	0.944196634321466	-0.8288481338664545
0.0	0.0	0.0	1.0
5	23	16
0.9914581912523649	0.03659698342605734	-0.1251850734349322	0.9183660312455815
-0.043603404839143184	0.9976049716398345	-0.05369347601200389	0.011810346439974424
0.1229202685130907	0.058693307391569687	0.9906794656803759	-0.6363720762992257
0.0	0.0	0.0	1.0
5	24	17
0.9980785809719139	0.06171243709945312	0.0055531266777522235	0.7703703106096712
-0.05957155453588678	0.9310630557241422	0.3599621310341264	-0.12492909280431813
0.017043876911935967	-0.3596012588095017	0.9329504000496748	-0.5469946176001008
0.0	0.0	0.0	1.0
5	25	18
0.9847058720671605	0.10910935950624519	0.13582919976159566	0.5612062777648665
-0.16558548093210554	0.8285560405493293	0.5348610484143892	-0.09626902255923545
-0.054183769278219523	-0.5491721130961763	0.8339509154235709	-0.4745816436327456
0.0	0.0	0.0	1.0
5	28	19
0.8327406255474639	0.3960578310444666	-0.3868868913652345	0.15935951046042846
-0.17587055670481064	0.8518067014241352	0.4934522202548218	0.09992550606097265
0.5249884174994839	-0.3428756588867949	0.7789888590191637	-0.07543804692604511
0.0	0.0	0.0	1.0
5	29	20
0.9991947327846434	-0.021871902084641442	0.033637584057079804	0.19083478347879082
0.002984343627430866	0.8765491048934931	0.4813032302924491	0.11156691390190325
-0.04001195918820667	-0.4808152560901843	0.8759085006612777	0.0021867720890093264
0.0	0.0	0.0	1.0
5	30	21
0.9870625862012702	-0.1474194695614	0.06304777930118544	0.062444486447767386
0.10566910807909055	0.8938620448210591	0.43571185576949284	0.07848363235091733
-0.12058837666983097	-0.42341261827159893	0.8978754871479966	0.07777461661031913
0.0	0.0	0.0	1.0
7	24	22
0.9217274820033392	0.14645738063256408	-0.35912230205665624	0.5691347666195018
-0.055555858030746065	0.9662683681484813	0.2514735869308609	-0.11052985116027596
0.3838387276689616	-0.21183873070450226	0.8987725990648652	-0.3745834799553945
0.0	0.0	0.0	1.0
7	25	23
0.9477093992909466	0.21167204905869355	-0.23883456474585907	0.3812217476123629
-0.0804787382288082	0.8827099200750719	0.4629756134228685	-0.025699726719810863
0.3088206222690415	-0.41954520668210193	0.8535875261173329	-0.292773405390864
0.0	0.0	0.0	1.0
7	28	24
0.5888751015743279	0.4024329538523005	-0.7009094526134567	-0.09413096969142393
-0.10734372380914786	0.8984819313589203	0.4256850878229865	0.16429159137029678
0.8010641085869542	-0.1754371080299976	0.5722921793699894	-0.030401369570056756
0.0	0.0	0.0	1.0
7	29	25
0.9435106073667084	0.06847303731354036	-0.3241900482904425	-0.0008914485242532973
0.05149958441150695	0.9362188278061188	0.3476236331350434	0.13686920278113807
0.3273157184983974	-0.34468223781781365	0.8798059682689073	0.18392709090724943
0.0	0.0	0.0	1.0
7	30	26
0.9590061564870553	-0.05176570442515315	-0.27861731379021143	-0.11436019921896136
0.12902827391925012	0.9551141931948618	0.26666228636286426	0.0748003908928184
0.2523074435041881	-0.29168023793540065	0.9226395698682617	0.2756514723628501
0.0	0.0	0.0	1.0
17	22	27
0.7345588907609881	-0.08472547230642162	-0.6732346436328711	0.12452626534350834
-0.1305728794198168	0.9559810535927629	-0.262775221491297	-0.10667487774363336
0.6658634208721315	0.28093006787832686	0.6911614068984282	-0.19302263576299314
0.0	0.0	0.0	1.0
17	23	28
0.6803633620801074	0.10777615567443365	-0.7249068107352964	0.0191206122177326
-0.09110481734367139	0.9938930138499035	0.062261252222738796	-0.051529303052194754
0.7271902518374329	0.023682220630738805	0.6860273409958676	0.02315812735883031
0.0	0.0	0.0	1.0
17	24	29
0.7685516898033182	0.12757868993627472	-0.6269386038910942	-0.03507971209818656
0.16297841002747626	0.908549142773591	0.38467695965514387	0.14669637567955646
0.6186812117986351	-0.3978215443371742	0.677474344524149	0.17764614483084393
0.0	0.0	0.0	1.0
18	22	30
0.9328451283754141	-0.07167490125194582	-0.35307615536610654	0.05132669257504744
0.027720193221606338	0.9913848293551931	-0.1280141954680313	-0.14683316655305945
0.3592097807384264	0.10963008716331187	0.926795286971893	0.07553392709630317
0.0	0.0	0.0	1.0
18	23	31
0.9122538222872937	0.13083049673699945	-0.38817044111556315	-0.06549628943249435
-0.059904543337447436	0.9800449457607188	0.18953435610439118	-0.0051251949020469185
0.4052213719648342	-0.14965029440106933	0.901887176694309	0.28731744067974246
0.0	0.0	0.0	1.0
19	22	32
0.7819333984258933	0.24480837540022113	-0.5732793478549151	-0.09254129440827981
-0.2097775492296226	0.9693586098123697	0.12781731682504305	-0.0384669772352194
0.5870039987342716	0.020316553691206052	0.8093290659067375	0.06511652296734009
0.0	0.0	0.0	1.0
20	22	33
0.502825300542394	0.4646347461940472	-0.7288904906039728	-0.12647443175026582
-0.43649188990536414	0.8643201677144032	0.2498509091614045	0.07314780418535473
0.7460841130815116	0.19252346778129575	0.6374113143331912	-0.04797667520329059
0.0	0.0	0.0	1.0
21	22	34
0.7981356785730261	0.41883290449781724	-0.43308024847687826	-0.09262899980061629
-0.3398594549208265	0.9065358217406438	0.2503763698376805	0.058408686887482436
0.4974686165729132	-0.052647808250209725	0.865882850124887	0.02402764241720734
0.0	0.0	0.0	1.0
21	23	35
0.7027307575624601	0.5963833793985968	-0.38793848941771714	-0.16345892174244764
-0.345345147735991	0.762665111734256	0.5468808272341589	0.20328444230329207
0.6220178082354884	-0.2503373088927717	0.7419064001010914	0.17565231734954892
0.0	0.0	0.0	1.0
22	23	36
0.9786679050127104	0.20468256715678215	-0.01772113637546452	-0.08433533541248611
-0.19304634033407242	0.9456781054067765	0.26158367623903644	0.12388169749307504
0.0703000386560035	-0.2525826135590733	0.9650181615869674	0.17373004709207032
0.0	0.0	0.0	1.0
22	24	37
0.9758140337847984	0.1863547876132175	0.11427523180356479	-0.11465710303159493
-0.21623793489346074	0.7461917074224699	0.629634087590337	0.37475719971506133
0.03206405834364903	-0.6391164203879517	0.7684413730126606	0.2538022279428256
0.0	0.0	0.0	1.0
22	29	38
0.9884808137826812	0.09908588310795714	0.11440058509717943	-0.6795530822456569
-0.15130874910528078	0.6637019467753623	0.7325336147775027	0.660184647180534
-0.0033441637597371064	-0.7414052646756071	0.6710492271527887	0.7868388564701739
0.0	0.0	0.0	1.0
22	30	39
0.9944156430375506	-0.02962786139370426	0.10128986362283332	-0.7853122931445793
-0.050626026437853744	0.7082156222777551	0.7041788354588188	0.4948276992726489
-0.09259839193427447	-0.7053743576767899	0.7027608424011363	0.9621962983767819
0.0	0.0	0.0	1.0
23	24	40
0.9911165150461533	0.017746846935368776	0.13180752687440944	-0.05616839667680817
-0.07005050401268484	0.9121031182774713	0.40393169971684484	0.18568151116861004
-0.1130535163747369	-0.4095765266912119	0.9052435534972411	0.13773885192075783
0.0	0.0	0.0	1.0
23	25	41
0.9632839943947242	0.05861837992974108	0.2620074513575896	-0.15739909867822896
-0.20080506625795827	0.8050732446741868	0.5581527139253323	0.4338281367176474
-0.17821721112644556	-0.5902719760558323	0.7872849429040869	0.19706445953512378
0.0	0.0	0.0	1.0
23	28	42
0.8885545173774981	0.3795722555926512	-0.2576742366216203	-0.8251183440141462
-0.2049676167697612	0.8309400684556975	0.5172302570931399	0.6074980053595095
0.4104380614049433	-0.40677236950899154	0.816135373167119	0.07179946411908161
0.0	0.0	0.0	1.0
23	29	43
0.9856484428798797	-0.06719393112827579	0.154861573642764	-0.6150081004488924
-0.025214089180780424	0.8484768534369881	0.5286316032641794	0.46110826229555285
-0.1669172636085666	-0.5249496171227258	0.8346055507636329	0.692797421087645
0.0	0.0	0.0	1.0
23	30	44
0.965343546515917	-0.19349095005530947	0.17513755597752728	-0.7103563898660454
0.08293452473788823	0.8637188823956625	0.4971033583439683	0.3084612590709736
-0.247454589680016	-0.46535053294185735	0.8498324712031863	0.8513341112644034
0.0	0.0	0.0	1.0
24	25	45
0.9903014013415193	0.0918206128058063	0.10426919498311304	-0.1331867594286194
-0.11116494834850367	0.9738318964035517	0.19822678327424498	0.2194580611327878
-0.08333941466577822	-0.20789535907217924	0.974594325899612	0.09674623429560993
0.0	0.0	0.0	1.0
24	26	46
0.9676945636150308	0.19374506237155864	-0.1613379433014543	-0.35321823695191157
-0.1374289031715086	0.9418269133069492	0.30671711179758354	0.3908110752989672
0.21137724225767376	-0.2746360289495285	0.9380269774999747	0.0036491957513767456
0.0	0.0	0.0	1.0
24	28	47
0.8534337708266561	0.17988256952898563	-0.4891760915102831	-0.7432046143880082
-0.12022535223398524	0.9811868179640307	0.1510581365539098	0.39775029479657076
0.5071457236748166	-0.07010677897565316	0.8590042944285791	-0.005015706096049643
0.0	0.0	0.0	1.0
24	29	48
0.9961117676422141	-0.06777944758255304	0.05627746514230411	-0.5542242750226819
0.059745322086319864	0.9891957175259029	0.13387470379282176	0.26234894445523144
-0.06474337288661326	-0.12999190402664088	0.9893989986540838	0.5770192717993371
0.0	0.0	0.0	1.0
24	30	49
0.9764184020825509	-0.17336287331616293	0.1286560073704097	-0.6410431521331609
0.16304802545616195	0.9827868988564272	0.0868645996191033	0.1231694123232203
-0.1415005177334174	-0.0638390781032222	0.9878777135377774	0.7191708124888018
0.0	0.0	0.0	1.0
25	26	50
0.9592765241636962	0.0491199121666978	-0.2781647801771053	-0.20932368146011748
-0.017635744071222474	0.9932578481631839	0.11457656325718614	0.15939894306948496
0.2819173096537168	-0.10500497216878928	0.9536752469530946	-0.028023454032368545
0.0	0.0	0.0	1.0
25	28	51
0.8106675947658069	-0.016664333563152587	-0.585269600509178	-0.5749547009843384
-0.013215437147531582	0.9988195667498801	-0.04674425966877999	0.18131350817161856
0.5853576290624348	0.04562862806274918	0.8094903577185227	-0.015382535198207918
0.0	0.0	0.0	1.0
25	29	52
0.986095375575851	-0.16558277426062354	-0.014076590406565446	-0.385189115011893
0.16395345908866824	0.9832062446624303	-0.08015478902314174	0.07616751602822684
0.027112502749124558	0.07673231932939019	0.9966830025282467	0.46736546824150127
0.0	0.0	0.0	1.0
25	30	53
0.9644451281926548	-0.25186669794694694	0.08005465815152098	-0.46506266363426113
0.2607641047220765	0.9561628338611424	-0.13324738617123552	-0.039046722350479075
-0.04298463797490673	0.14938518986520993	0.9878443942217618	0.5850918477655932
0.0	0.0	0.0	1.0
26	27	54
0.9077511837459293	0.04323329113631637	-0.4172754195760666	-0.2563698237137446
-0.005705092342855284	0.9958557770955412	0.0907683116609786	0.11204238352654633
0.4194703759451271	-0.08001442206066857	0.9042359175146463	-0.050686564814263736
0.0	0.0	0.0	1.0
26	28	55
0.9396373503284826	-0.09790690750843511	-0.3278660608277073	-0.37184808926177343
0.04938725949800173	0.9869626780434987	-0.15318553739026286	0.03003784005800712
0.33858948404545997	0.1277463992986121	0.9322222491970781	0.061253717613138255
0.0	0.0	0.0	1.0
26	29	56
0.9417204917418455	-0.1834697870135243	0.2819599456772351	-0.1509183557000452
0.22786795618200337	0.964502050277458	-0.13346186730159454	-0.03361499944519843
-0.24746463278280822	0.18993335610232376	0.9500982111608335	0.4119151793939443
0.0	0.0	0.0	1.0
26	30	57
0.8905296591408058	-0.2580049199693421	0.3746872566974818	-0.2270280083233133
0.33417627105432646	0.9298504718277689	-0.153962671325708	-0.12162748154552504
-0.3086798935682637	0.2623199116877814	0.9142785327739807	0.5042856374609804
0.0	0.0	0.0	1.0
26	31	58
0.9368599493721784	-0.3496718078599958	-0.004786037187400654	-0.6259811165909431
0.3384337085072288	0.9100268873295946	-0.23940269168050662	-0.15412359145225116
0.08806786888271914	0.22266703638191018	0.970908579670414	0.31724813059900864
0.0	0.0	0.0	1.0
26	34	59
0.7776474033361643	-0.4414925157673997	-0.44760339744492983	-1.0687752650500824
0.19398077979907066	0.8457055040511852	-0.4971454955761339	-0.254956457477658
0.5980267572340989	0.2997774481784341	0.743301851391698	0.028573239767071396
0.0	0.0	0.0	1.0
26	35	60
0.9485250210286884	-0.30049167322412573	0.10002558503840879	-0.71911340974573
0.31021053302469004	0.8179061089250994	-0.48456072078064555	-0.37559504256379017
0.06379501482305316	0.4906469039793476	0.8690201348106141	0.6950211490772679
0.0	0.0	0.0	1.0
27	28	61
0.9855344128349482	-0.13262164123359035	0.10551567949365805	-0.09897931861393999
0.15142160066454738	0.9686861903152927	-0.19677059052614632	-0.04964975836811442
-0.0761155270107839	0.209901480530647	0.9747552498767189	0.06762911619363648
0.0	0.0	0.0	1.0
27	29	62
0.7292608320800077	-0.16248896333812496	0.6646621778545102	0.08793719537761548
0.30423639527430446	0.9470906910805941	-0.10227123147971627	-0.06691603423150456
-0.6128774321968055	0.2767967436981486	0.7401112225589421	0.2612925894852386
0.0	0.0	0.0	1.0
27	30	63
0.6408770698777452	-0.22800645318301532	0.7330003740090236	-2.6809452408477824e-05
0.4077942598084498	0.9101154065940293	-0.0734429898771799	-0.1227753929362089
-0.6503694673365933	0.34598124809555	0.6762518440280217	0.3330628010425768
0.0	0.0	0.0	1.0
27	31	64
0.8373152401679587	-0.35400187994339155	0.41663594272375404	-0.3505376443789688
0.4464539309417008	0.8825944489717069	-0.14732886159410916	-0.14602183361940094
-0.3155659095307482	0.3093694569343196	0.8970554291972455	0.24715268373834298
0.0	0.0	0.0	1.0
27	34	65
0.8735969488310203	-0.48472748858420767	-0.04321324509431086	-0.7926915581439876
0.42009552866677885	0.7959688858347256	-0.43583615941154996	-0.2585298909951857
0.24565824963837377	0.36259149381634437	0.8989879379043402	0.09649358261482459
0.0	0.0	0.0	1.0
27	35	66
0.8062951333017723	-0.29557854915890386	0.5123683786337733	-0.4533160823629069
0.5191500346639516	0.7687639043401023	-0.37347728326739316	-0.3475650082976032
-0.2834984097589651	0.5671289562516176	0.7733002699098779	0.5979940762713062
0.0	0.0	0.0	1.0
27	36	67
0.7120533640933326	-0.3162159714209372	0.6268871658942358	-0.3758274515892315
0.6141515302159448	0.713229925811146	-0.3378182142437894	-0.481855423132511
-0.34029112018580704	0.6255482024922494	0.702062213453963	0.6674339871711072
0.0	0.0	0.0	1.0
28	29	68
0.810393373372082	-0.17776095499730352	0.558268183102897	0.12156840091963123
0.1634394111740054	0.9836254982541435	0.07594923766927243	-0.0070385238330312365
-0.562627635141034	0.029694241021425573	0.8261768410332974	0.15120478427825987
0.0	0.0	0.0	1.0
28	30	69
0.7391879371687775	-0.26805698477598955	0.6178563546411114	0.018043464272011624
0.2734447911910796	0.9578163943757543	0.08840618680856775	-0.0541334908570453
-0.6154908510849838	0.10360085289883524	0.781305235855483	0.22444669950150656
0.0	0.0	0.0	1.0
28	31	70
0.9161128083194853	-0.2981108371636484	0.26807984037346255	-0.29279254190423093
0.3073989808347958	0.9515496942925261	0.007666253994845247	-0.06886993809556236
-0.2573767167959418	0.0753843418474922	0.9633660654162539	0.16026892245175203
0.0	0.0	0.0	1.0
28	35	71
0.8878945009555319	-0.2650514033601939	0.37601979156732424	-0.4040224937630811
0.37027767995882716	0.8967907292438677	-0.24219961157198536	-0.25000997465003166
-0.2730157044621884	0.35427946733753496	0.8943983503430254	0.5280736614583543
0.0	0.0	0.0	1.0
29	30	72
0.9916128725865252	-0.09592958839404843	0.08661125981181889	-0.1162765723436074
0.10068982987335275	0.993538810763593	-0.05236682353621596	-0.0514630341820414
-0.08102812305601315	0.06064854405179713	0.9948650305662464	0.08429568695572841
0.0	0.0	0.0	1.0
30	31	73
0.9227252439059517	-0.011329276079081322	-0.38529146260556635	-0.22357759801064842
-0.02310731915322546	0.9961443431850525	-0.08463025957727029	0.00446675112618045
0.3847647888500677	0.08699350352445467	0.9189058241408957	-0.048209684622465915
0.0	0.0	0.0	1.0
31	32	74
0.8199148590939056	0.06770521633625935	-0.5684679572491536	-0.22808578751193329
-0.05493770464183546	0.997704609457617	0.03958992787565748	0.04898143727000846
0.5698435881253836	-0.0012300047383359736	0.8217523609653037	-0.07403761885640509
0.0	0.0	0.0	1.0
31	33	75
0.5840093297587318	0.02887211345454205	-0.811233504254396	-0.39811402736414175
-0.11466837249218063	0.992280209493129	-0.04723441196695288	0.05672179828609321
0.8036072205734816	0.1206081467337776	0.5828115300813924	-0.17924800571700236
0.0	0.0	0.0	1.0
31	34	76
0.8850666107562363	-0.0314305360865907	-0.46440210758635536	-0.3722537291910281
-0.11160721921228552	0.9542823934502791	-0.2772885974019754	-0.08977374130198114
0.45188612796584554	0.2972494872410088	0.8410955878337939	0.0904225693163961
0.0	0.0	0.0	1.0
31	35	77
0.9932299898603485	0.023610915193765177	0.11374061334738302	-0.12981517659030806
0.006944232079379846	0.965307430780266	-0.261023842518433	-0.13966209627849935
-0.1159576507969512	0.2600465146814265	0.9586082688388107	0.3583964350359084
0.0	0.0	0.0	1.0
32	33	78
0.9419528123498363	-0.0353949179693386	-0.333874587985276	-0.2062535638971496
1.5539083799096732e-05	0.9944321514506852	-0.10537855412690669	0.00021464925861055007
0.3357455039062872	0.09925641305554224	0.9367086401848769	-0.03817927254316186
0.0	0.0	0.0	1.0
32	34	79
0.9875487716941024	-0.09836753019217964	0.12276458646204746	-0.13310050922168232
0.13073119134882616	0.9472455659564826	-0.2926349824677496	-0.12801926113499942
-0.0875024285217425	0.30504047202355344	0.9483109118612351	0.12573387010232392
0.0	0.0	0.0	1.0
33	34	80
0.8927179365918706	-0.11074125518063925	0.43679608452723995	0.06772607404057412
0.18731828348278076	0.9728109787281581	-0.13620110661677287	-0.09479306990913407
-0.40983693454317216	0.20340909233616591	0.8891897592422613	0.0751084982859452
0.0	0.0	0.0	1.0
33	35	81
0.4884668590666047	-0.09583586931696733	0.8673036103746993	0.22554875726539814
0.24367721322239558	0.9693885503196861	-0.030123331267629894	-0.10303578841301732
-0.837867190805503	0.22605637901085587	0.49686726622479627	0.10106989555336361
0.0	0.0	0.0	1.0
33	36	82
0.37000200682090273	-0.17561712626726167	0.9122813639246723	0.21765807597074616
0.3222560467323553	0.9452635415150167	0.05126602756330682	-0.1480836895212547
-0.8713492759295587	0.2750196289647185	0.40634305435258106	0.11611090788642112
0.0	0.0	0.0	1.0
33	37	83
0.5147385018704203	-0.15129422616842694	0.8438922232795832	0.122660463020759
0.47626707544397495	0.8689188032536336	-0.1347217518495197	-0.22690781151036807
-0.712891187264383	0.47126465269133055	0.5193224467771711	0.08840454223543065
0.0	0.0	0.0	1.0
34	35	84
0.8255111029066204	-0.11985910129250013	0.5515118067431358	0.11685509542911933
0.09702600842267566	0.992779773638964	0.07052914330216448	-0.02079567459520072
-0.5559833313480314	-0.004711617894612301	0.8311801538050134	0.0758491419357233
0.0	0.0	0.0	1.0
34	36	85
0.748236562912582	-0.22578783135402342	0.6238286087842669	0.09872499943529421
0.20539695351430132	0.9729446356299866	0.10578796884059168	-0.07771158541601973
-0.6308362763641023	0.04897805494653837	0.7743687193570351	0.10531608080298141
0.0	0.0	0.0	1.0
34	37	86
0.8448798008047015	-0.16569977881944636	0.5086468174532208	0.011529181741678666
0.2701011654792302	0.9528564667627724	-0.138239084356755	-0.14449358334438642
-0.4617613194711981	0.25418153408673266	0.849804871770469	0.07994490372254787
0.0	0.0	0.0	1.0
34	38	87
0.5109621741813953	-0.1704301313617708	0.8425385867698167	0.2653428206743388
0.48887614214578007	0.8638157873843332	-0.12174751294678002	-0.21742179561080616
-0.7070486085570418	0.4741053563789791	0.5246963729750823	0.1355549933336456
0.0	0.0	0.0	1.0
35	36	88
0.9887891051319071	-0.10756108754570931	0.10357072878629264	-0.026912602087975423
0.11128449195413585	0.9933096499512921	-0.03085254250473727	-0.06771906221492106
-0.09955930474480505	0.04203247438038013	0.9941434876702543	0.04241925601866029
0.0	0.0	0.0	1.0
35	37	89
0.9978429498593608	-0.04665365782026719	-0.04618121351420622	-0.10254124025551575
0.032522487679516265	0.9624334937885705	-0.2695627765812179	-0.10783344268792136
0.057022361455413215	0.26747943180084366	0.9618748322413906	0.005886584782642308
0.0	0.0	0.0	1.0
35	38	90
0.9069024824997095	-0.06019943958450234	0.4170178672108246	0.1264843091807083
0.23289127963281586	0.8964257088725476	-0.377071010656175	-0.1973940383693153
-0.3511260464357959	0.4390864712469124	0.8269905596760665	0.12299043603238237
0.0	0.0	0.0	1.0
36	37	91
0.9868911505246039	0.06612770690753289	-0.14721621489635583	-0.06525851628345272
-0.09928132513017432	0.9679302508803855	-0.2307685268988089	-0.035168999866368685
0.12723481140056916	0.24235927561051773	0.9618072660623712	-0.015075999655068171
0.0	0.0	0.0	1.0
36	38	92
0.9464011029837018	0.02826142441963808	0.32175471248965215	0.14021965309318896
0.09480627574384506	0.927978928753159	-0.3603701687220148	-0.11671404586447695
-0.3087661173509835	0.37155911845341655	0.8755609685776478	0.10270171628070604
0.0	0.0	0.0	1.0
43	45	93
0.879306135818491	-0.23627602708855974	0.41351446279957016	0.21622153214026157
0.29302747135047064	0.952863768706889	-0.07864789756959482	-0.07039030304968587
-0.3754403666367367	0.190326673678341	0.9070944520160173	-0.11033306019744202
0.0	0.0	0.0	1.0
