0	9	1
0.9982422082138841	0.051671464492647576	0.029026900037360952	0.007919581029606042
-0.05872742917674654	0.7965064027797726	0.6017710817734668	0.2506681123482223
0.007974345234709548	-0.602418110509059	0.7981409310508477	0.026620261383728153
0.0	0.0	0.0	1.0
1	9	2
0.9987036883411088	0.045005273825857256	0.023779261738065112	0.005131553610764368
-0.05010300312042462	0.7867714293368097	0.6152076597353368	0.24843617699964313
0.008978804346188217	-0.6156016417034256	0.7880063624300859	0.032857504350962595
0.0	0.0	0.0	1.0
2	9	3
0.9988907256355986	0.03519955202720952	0.03127879927798803	0.008997460227796713
-0.046970363021872484	0.7919171926448081	0.6088191581155546	0.24642038618522585
-0.003340030012592607	-0.6096130847121535	0.7926921114126527	0.03457048533565201
0.0	0.0	0.0	1.0
3	9	4
0.9995709831214036	0.018212937714262512	0.02294043991306188	0.018107377196422223
-0.028561137225329134	0.7797983478624048	0.6253788407467061	0.2500767668742839
-0.006498895042724602	-0.6257658588845542	0.7799839438202393	0.03451833122162986
0.0	0.0	0.0	1.0
6	10	5
0.9941677851261727	0.0664511896433142	-0.08493953313681478	0.07138814955321153
-0.006603085884179469	0.8236386335738929	0.5670764879452186	0.23980464605536245
0.10764241638372501	-0.5632084171673525	0.8192737263195962	0.06440941167059182
0.0	0.0	0.0	1.0
6	11	6
0.9529706125090142	0.19156669121583936	-0.23483876613523313	0.048249330513551326
0.00598941305629051	0.7628288188669454	0.6465726604349371	0.2969213650248552
0.30300358910482295	-0.6175714300137708	0.7258059898616885	0.07744492006355375
0.0	0.0	0.0	1.0
6	12	7
0.8013419793603439	0.3325811785738171	-0.4972329572318547	-0.04595930307131563
0.05715604982510884	0.7848363715729707	0.6170614648675686	0.28299361534519807
0.5954696782833058	-0.5228972677455733	0.6099133057845826	0.08608459846841851
0.0	0.0	0.0	1.0
6	27	8
0.7436168861226122	-0.2703814864748267	0.6114962761773733	-0.6845512863109318
-0.09193950557913802	0.8645447230896997	0.4940742373496548	0.28345165667983757
-0.6622545636702626	-0.4236226891901777	0.6180313110039481	0.23856092792970093
0.0	0.0	0.0	1.0
6	28	9
0.8506858926042198	-0.20403277897661157	0.4844626207283453	-0.8778165309401653
-0.1300109380213277	0.811310050926893	0.5699763236890172	0.33458396805822344
-0.5093433564563931	-0.5478564146730804	0.6636435560294535	0.0977970103674117
0.0	0.0	0.0	1.0
6	29	10
0.974970584413926	-0.06854288892094361	0.2115052343075426	-1.1584029455982803
-0.06573250578703797	0.8199050831676519	0.568713324727994	0.2756522666413923
-0.2123954910526981	-0.5683815511778895	0.7948776499519095	-0.20885484530399565
0.0	0.0	0.0	1.0
6	30	11
0.9923188433189535	0.11931156485674622	-0.0326816562851019	-1.2343417421164746
-0.08023633799559958	0.8218324000232734	0.564050882969276	0.29300074324602615
0.09415663833765796	-0.5570962249337236	0.8250929387166114	-0.6417902008775268
0.0	0.0	0.0	1.0
6	41	12
0.8340978336942358	-0.1714892355955489	0.5242825252068983	-3.146451459674623
0.21070396672256916	0.9774268776671631	-0.015506034821072129	0.4221195828646356
-0.5097889176936573	0.12340197036094738	0.8514030119275617	-0.22455039445345362
0.0	0.0	0.0	1.0
7	10	13
0.9931306583850149	0.06251759043114279	-0.09890957881663157	0.05046736117233401
-0.010501051812195298	0.8895112571184357	0.4567926528556904	0.18484464079968815
0.11653879119311557	-0.4526161969243205	0.8840573270640285	0.06686723586596303
0.0	0.0	0.0	1.0
7	11	14
0.9501238391368636	0.1670529478022223	-0.263359112230898	0.026252412706943763
0.0030056506203688244	0.8394998001750851	0.5433517042387666	0.24245247787253313
0.3118584348392216	-0.5170430765881846	0.797126571672534	0.08113250790154736
0.0	0.0	0.0	1.0
7	12	15
0.7959778535410378	0.27208826253824775	-0.5407282536793281	-0.06448896680325439
0.053834943531813284	0.8579254942060652	0.5109457711973807	0.22724324665154572
0.602926999661188	-0.4358116843910944	0.6682418372587059	0.0824971269321538
0.0	0.0	0.0	1.0
7	27	16
0.7489819748866463	-0.18406701845457876	0.6365102336753141	-0.7033016929118596
-0.09654965441729507	0.9200673193417229	0.3796764636786085	0.23024630401289975
-0.6555182747103447	-0.3458257346433177	0.6713421911544754	0.25535183903158226
0.0	0.0	0.0	1.0
7	28	17
0.8548395625970984	-0.1337568896345476	0.5013564890072354	-0.8984365002557615
-0.1337858314065069	0.8767241285074813	0.4620131261043049	0.28262615988792067
-0.5013488298013996	-0.46202162540592373	0.7315636980954392	0.1162232215619596
0.0	0.0	0.0	1.0
7	29	18
0.9765849643441152	-0.03346998445296088	0.21251306349134927	-1.180566604137939
-0.06958824332668437	0.8855717173182124	0.45926059288377247	0.2220195348800129
-0.20356699680799506	-0.4632954085101179	0.86250667453041	-0.19902504917393435
0.0	0.0	0.0	1.0
7	30	19
0.9911135705373249	0.12163002420457271	-0.05385210631254532	-1.259195341636661
-0.08413144804656268	0.886775255775681	0.4544793006490925	0.239695619709147
0.10303305014206982	-0.44591005546097817	0.8891279247611491	-0.6395132970262635
0.0	0.0	0.0	1.0
7	31	20
0.987066627267047	0.1472633787840014	-0.06334998037541549	-1.3708414355623495
-0.12334526866422751	0.9500618359151106	0.2866507052038049	0.34588706013705145
0.10239955204825273	-0.2751294312090073	0.9559384257883891	-0.7403975273121464
0.0	0.0	0.0	1.0
7	41	21
0.8381882290897971	-0.09649993830804904	0.5367757446384619	-3.169390377885851
0.20251099029263436	0.9689247885776547	-0.1420353235244898	0.37133668988294577
-0.506389059782755	0.22775536432756152	0.8316835492405789	-0.2435036480637184
0.0	0.0	0.0	1.0
8	10	22
0.9919062113049203	0.04934581269758284	-0.116991422980833	0.028046169503081517
-0.010404646434633149	0.9498821084801561	0.3124352916680937	0.1288044862140181
0.12654550832921801	-0.308689305889383	0.9427073767224233	0.061620240874488405
0.0	0.0	0.0	1.0
8	11	23
0.9469471176531299	0.12679361301892922	-0.2953208762944435	0.004288492844965442
0.004107461032675748	0.9140389675461839	0.40560564100363544	0.1861302166941207
0.32136303355418205	-0.38530021776182694	0.8650257378087495	0.07711645508040255
0.0	0.0	0.0	1.0
8	12	24
0.7898346594561662	0.18676645445277149	-0.5841910491699175	-0.08037876530836935
0.05455885257813154	0.927334873229922	0.370234138736113	0.1697954374432864
0.6108881585761363	-0.32429663042103685	0.7222515356471857	0.07163421959918467
0.0	0.0	0.0	1.0
8	27	25
0.7555118633285326	-0.08014731376384888	0.6502139313307765	-0.7288351476451891
-0.09728192911975478	0.9677609001263197	0.23232519319160663	0.17679152705040163
-0.6478718855938803	-0.23877855451529395	0.7233579280279729	0.2680549383303596
0.0	0.0	0.0	1.0
8	28	26
0.8599187042291486	-0.05123074606858971	0.5078534273745805	-0.9250014871890375
-0.13357831065061873	0.9376898699516182	0.32077176534676505	0.22981274103406849
-0.49264238378959757	-0.34367595685779445	0.7994937759107719	0.12948156480200665
0.0	0.0	0.0	1.0
8	29	27
0.9786016570615221	0.0031041965544884955	0.205740875123835	-1.2066535498649245
-0.06944878477481284	0.9461955093525936	0.31605540184280756	0.16741983856191003
-0.19368993046412566	-0.3235808169150541	0.9261638809027429	-0.1960110406634031
0.0	0.0	0.0	1.0
8	30	28
0.9900280806063828	0.11476131861639202	-0.0816954086438361	-1.2857232004668087
-0.084039776928544	0.9465933617664336	0.31128479306386353	0.18549524111878204
0.11305583717699856	-0.3013151049117927	0.9467986167001536	-0.6449290873434629
0.0	0.0	0.0	1.0
8	31	29
0.985779888955365	0.1385850632331792	-0.09503850651259173	-1.3982657946912964
-0.12505007153371678	0.9827824261150785	0.1360196805754565	0.29417012878847176
0.11225251681459275	-0.12220089131642747	0.9861371386576223	-0.7560181423715233
0.0	0.0	0.0	1.0
8	40	30
0.879524608670131	0.02011999270876002	0.4754278064686343	-3.062268875593881
0.15787408410798218	0.9301786654659147	-0.3314264365615481	0.3682439627393942
-0.4489011029078068	0.36655556896982894	0.8149385868201807	-0.27310219516172934
0.0	0.0	0.0	1.0
8	41	31
0.8434190028287177	-0.00895209257995081	0.5371816784829907	-3.198397581379876
0.1968411760341243	0.9354841953406254	-0.2934668742608333	0.32344609382809697
-0.49989790135648055	0.3532550887862339	0.7907672182298481	-0.26665126524143534
0.0	0.0	0.0	1.0
9	24	32
0.9976638059155608	0.06711474588371083	-0.012751408576532598	-0.9476341654906396
-0.06754152800750224	0.9410144893809551	-0.33155675652279815	0.05618286255976613
-0.010253138395800832	0.3316435205527087	0.9433491275008945	-0.2918839301894282
0.0	0.0	0.0	1.0
9	27	33
0.7485138412117381	0.014926245583281223	0.6629511097884958	-0.7670336674701566
-0.06589626724098643	0.9964723777165547	0.051965662045145286	0.1003935807222384
-0.6598368794777036	-0.08258302334941041	0.7468570041334124	0.25574601960575566
0.0	0.0	0.0	1.0
9	28	34
0.8546782208007218	0.014155178844736506	0.5189649805681495	-0.9592388254337045
-0.10371046573469235	0.9841344514915323	0.14395671563209406	0.15139180772529318
-0.508693628729775	-0.17685881239020562	0.8425864338717945	0.11829028133134353
0.0	0.0	0.0	1.0
9	29	35
0.9769139338846864	0.008917145331674236	0.21344749055851092	-1.2306228836435014
-0.039303374139401936	0.9895761748360129	0.13854371278103236	0.0878012118210313
-0.2099871438477846	-0.14373448777554945	0.9670810781884777	-0.21911145057642165
0.0	0.0	0.0	1.0
9	30	36
0.9938064692413168	0.06613193136105125	-0.08930424791649554	-1.3026314681035973
-0.053844123445840546	0.9895706971688064	0.13360603807965982	0.10629151396347533
0.09720845642157974	-0.12797004296735168	0.9870026957241477	-0.6747311450633559
0.0	0.0	0.0	1.0
9	31	37
0.990444726621535	0.08726276332974536	-0.10679261059697946	-1.4160483249837295
-0.09257096069775989	0.9946526341360545	-0.045792293616839334	0.22208404569246093
0.10222554954343208	0.05524065810456429	0.993226393231602	-0.8000029442889474
0.0	0.0	0.0	1.0
9	32	38
0.9749534405738216	0.023206739154214253	-0.22119513329796595	-1.4317531454282644
-0.08220902960212469	0.9617093262119071	-0.2614517171175819	0.2871580129086108
0.2066579343154136	0.2730875110620809	0.9395295399718403	-1.1025999262475514
0.0	0.0	0.0	1.0
9	35	39
0.9818156096139963	0.08652471272351338	0.1689722852462388	-2.1928388724886174
0.03112708123408378	0.8046692227627803	-0.5929068285563592	0.2721980791958002
-0.18726788445113088	0.5873848350338164	0.7873435910195565	-0.430575953027282
0.0	0.0	0.0	1.0
9	37	40
0.9381742024742953	0.039987506480737206	0.3438459589770766	-2.4725735738276176
0.16879631909050816	0.8143655584220263	-0.5552626046697432	0.11454957662349922
-0.3022199052711463	0.5789730160349185	0.757267122774976	-0.3358255650563441
0.0	0.0	0.0	1.0
10	19	41
0.9797971628409541	-0.03679129255851144	0.19658054537617933	-0.31182319145209514
0.14320897308285704	0.815186276964478	-0.5612149830502834	-0.24418196068215142
-0.13960195511187312	0.5780290894994864	0.8039860865323202	-0.1783307541977526
0.0	0.0	0.0	1.0
19	28	42
0.8899320732936883	-0.14296762862835222	0.4331062687979827	-0.6775571610489228
-0.15854105943923905	0.793415939953239	0.5876698775623046	0.3548152352757269
-0.4276511874660895	-0.5916516090723211	0.6834200941170828	-0.0495860985164156
0.0	0.0	0.0	1.0
19	29	43
0.987821360352234	0.004277992074839909	0.1555340115420073	-0.9232712659496629
-0.09527717323931542	0.8069200280556642	0.5829257602773855	0.3119604174236552
-0.12300975129073835	-0.5906454217867957	0.7975002523953432	-0.28388629169263835
0.0	0.0	0.0	1.0
19	30	44
0.9769208832362715	0.19526421001481636	-0.08658776597779955	-0.9870444346650962
-0.11012744016254264	0.8077760159447153	0.5791111951465937	0.32584585274578654
0.1830232008508317	-0.556210333735715	0.810637256738806	-0.6414321256525657
0.0	0.0	0.0	1.0
20	27	45
0.9078507841061259	-0.12393628108864378	0.40055812029263527	-0.4804748376940622
-0.09176888797189763	0.8734235443831749	0.47823603074497456	0.284026631493801
-0.409127642875155	-0.4709258080267539	0.7815647341540488	0.1118578992607657
0.0	0.0	0.0	1.0
20	28	46
0.9673529171041775	-0.05166886272915352	0.24811013072377103	-0.6545215363384855
-0.10053946908566816	0.8204249175302086	0.5628452167528726	0.32979240426392264
-0.2326372154657477	-0.5694149678489671	0.7884457111119578	0.009380004624192273
0.0	0.0	0.0	1.0
20	29	47
0.9953173653972268	0.0818766240120248	-0.05137865499839593	-0.9187276274912071
-0.04081376686010504	0.8377971355875221	0.544454110371785	0.2859377130489227
0.08762301793516535	-0.5398076809908816	0.8372155775332881	-0.2211490813062674
0.0	0.0	0.0	1.0
21	31	48
0.8890734872231184	0.30419642302401345	-0.3420717375134666	-1.0257691568480345
-0.11625544291090836	0.8728100947516312	0.4740118485474113	0.40301759825320566
0.44275641818048395	-0.3816637432057451	0.8113567841976184	-0.6000097590668678
0.0	0.0	0.0	1.0
23	26	49
0.7596266820042652	-0.3374281445266882	0.5559762316525783	0.09297686576714316
0.06652925307298886	0.8907076807722988	0.44968182779220667	0.22494918144065865
-0.6469476159488919	-0.304601664618803	0.6990541371762872	-0.08437243730279113
0.0	0.0	0.0	1.0
23	28	50
0.8313738889578678	-0.2722120982130751	0.48447697489000463	-0.057837962281655816
-0.1105542333471434	0.7733673564268798	0.6242439469407228	0.31427117210989947
-0.5446055140350003	-0.5725412357674595	0.6128632767829324	-0.145715992895225
0.0	0.0	0.0	1.0
23	29	51
0.9667390432391155	-0.12281807054061178	0.22434695516579853	-0.30397205302450103
-0.04597696512888442	0.7794204900706138	0.6248117597129994	0.3076028924637291
-0.2515987670236179	-0.614344701586972	0.7478492784144702	-0.17717949070364777
0.0	0.0	0.0	1.0
24	25	52
0.9575656417313472	-0.09603040084455434	0.27174684427944623	0.06998171844702451
0.03825684961749065	0.9768666995051761	0.21039957337052756	0.1027349228109745
-0.2856651185243119	-0.1910753347282187	0.9390878514929415	-0.022412989362298727
0.0	0.0	0.0	1.0
24	26	53
0.7770468173623394	-0.26248429100135034	0.5721016008528365	0.14760271100227867
0.13169468543157942	0.9565819924232851	0.2600145560818052	0.1160521031191179
-0.6155117692342393	-0.12670080670807388	0.7778767605575206	-0.12087558450431327
0.0	0.0	0.0	1.0
24	27	54
0.7393133705271657	-0.2563159500372379	0.6226699049999577	0.1297128443203088
0.00047302704134433583	0.9249160689741309	0.3801708776062409	0.15984317482459803
-0.6733613135523345	-0.2807709601077989	0.6839240862550439	-0.16695320032624664
0.0	0.0	0.0	1.0
24	28	55
0.847013992216806	-0.21647245578359967	0.4854964968803415	-0.002708759926538764
-0.039253895427509344	0.8853596686589245	0.4632464699762128	0.1996656350123999
-0.5301191456809793	-0.4114340367466019	0.7414147243206367	-0.1445461473226999
0.0	0.0	0.0	1.0
24	29	56
0.9725083455359501	-0.12836109685040542	0.19429641427311822	-0.24511705430674044
0.025436968049688403	0.8879249721177922	0.4592844590765178	0.1960777381297112
-0.2314748592567219	-0.4417157194744529	0.8667794272466115	-0.1606490962704251
0.0	0.0	0.0	1.0
24	30	57
0.9970618662853994	0.024717305450652167	-0.07250244163515576	-0.38033256509147395
0.010992783987295054	0.8905390421628568	0.4547737793245638	0.19941677709010622
0.07580705418212844	-0.45423476548156533	0.8876509369552066	-0.31828253702143916
0.0	0.0	0.0	1.0
25	28	58
0.9637914084269179	-0.0769123227610559	0.25532386838075105	-0.05653237831017009
0.0032761475795071568	0.9608434222303193	0.2770722043558529	0.10693419115666225
-0.2666366554357705	-0.26620344637015975	0.9263046946754346	-0.07777679730272148
0.0	0.0	0.0	1.0
25	29	59
0.9963664453195821	-0.04730665840127072	-0.07082374895752223	-0.3115717727657853
0.06389887838805844	0.9649906445081989	0.25438144070409885	0.09816918021719433
0.05631022706821865	-0.2579827299740275	0.9645069474849568	-0.11646844661692556
0.0	0.0	0.0	1.0
25	30	60
0.932676166488087	0.04703546945435128	-0.3576347929381634	-0.4584506319272749
0.04859083311894894	0.9660426076833956	0.2537722332052052	0.10245777437438726
0.35742676902795717	-0.2540651703890439	0.898719478190768	-0.29705147917651287
0.0	0.0	0.0	1.0
25	33	61
0.9035236323499948	0.06043836755452072	-0.42425492036890095	-0.8185832287430197
-0.21132339744071554	0.9240999771584947	-0.31840430520015434	0.23894054876828766
0.37281016942677975	0.37734108932981425	0.8477182102904619	-0.6493887051890459
0.0	0.0	0.0	1.0
25	34	62
0.9667767094566292	0.005344019116748502	-0.2555659160831961	-1.112990774817202
-0.12743597547749094	0.8767569873463937	-0.4637423804008513	0.16002139871108598
0.22159093876340147	0.48090380163086	0.8483092782884455	-0.5216933531035993
0.0	0.0	0.0	1.0
25	35	63
0.9937617009508564	0.035100569422274026	-0.10585612310909631	-1.2824104274276782
-0.08226142109057293	0.8716133551085432	-0.48324211541449164	0.12642416342229626
0.07530351723337861	0.48893552310629934	0.8690633917638773	-0.35868582656439146
0.0	0.0	0.0	1.0
25	36	64
0.9993751427130353	0.019025185438996752	0.02978402841713548	-1.409037614323215
-0.0019453648105151207	0.8710771057834298	-0.4911422514320921	0.08463702664888044
-0.03528838962006853	0.4907775502305411	0.8705698389029186	-0.2847905461110653
0.0	0.0	0.0	1.0
25	37	65
0.9971907269643016	-0.031753014302704476	0.06783875767011191	-1.5486269850035228
0.06077715949483476	0.8723631691608329	-0.4850653846470639	0.10056767586493862
-0.043777812789746136	0.48782587756670687	0.8718423926994525	-0.37357867183934007
0.0	0.0	0.0	1.0
25	38	66
0.9952933204112423	-0.013456968511823323	0.09596798099943948	-1.7456722407906546
0.057030812653203256	0.8819946821451594	-0.4677956635179328	0.19793841231460635
-0.07834821031925364	0.4710672217321942	0.8786108226706946	-0.4427638238036363
0.0	0.0	0.0	1.0
26	29	67
0.9005346001940003	0.05580618777785339	-0.43118821678451813	-0.43663493837520967
0.04945678532404269	0.9721434507405307	0.2291091780396312	0.10365219221126475
0.4319624734652397	-0.2276459261114809	0.8726887002048541	-0.09250237948574164
0.0	0.0	0.0	1.0
27	29	68
0.8728720011151674	-0.044397367206346794	-0.48592545921859853	-0.43236995870737877
0.07719923444821908	0.9958748359435845	0.04768395993845804	0.0348412000608881
0.4818038161248104	-0.07913508535105736	0.8726985314220073	-0.06479622364090551
0.0	0.0	0.0	1.0
27	30	69
0.6856606832664861	-0.004230256601590779	-0.7279089942688897	-0.5901221210505059
0.06304176281765878	0.9965709694129851	0.053591197558083094	0.04089160497670061
0.7251863503771938	-0.08263405827949087	0.6835762812139221	-0.285014783151316
0.0	0.0	0.0	1.0
28	29	70
0.9458451787635733	-0.06181335139392356	-0.3186789822573616	-0.27627680384950487
0.0523152150603403	0.9978964581615137	-0.03828681206718212	-0.008560393685207985
0.32037520714508855	0.01954163360745215	0.9470890861353667	-0.026784990859021942
0.0	0.0	0.0	1.0
28	30	71
0.8039751843486552	-0.05084139161143247	-0.5924855112973287	-0.4536450085917172
0.03732499366745271	0.9986882841622061	-0.03504947465889564	-0.004952115427107969
0.5934904019236504	0.006064411218162442	0.8048182605850382	-0.20155238965825037
0.0	0.0	0.0	1.0
28	31	72
0.7923252376674272	-0.03221473169065856	-0.6092480421725649	-0.5790740258669492
-0.08880351891505245	0.9818803766681913	-0.16740674386281953	0.008054208148514251
0.603601662131185	0.18674398843936435	0.7751076813947293	-0.3409640105623318
0.0	0.0	0.0	1.0
29	31	73
0.9455625909233469	0.03262988809409955	-0.32380039864530225	-0.32623068143686257
-0.09133862818512767	0.9815785424710708	-0.16781201903339746	-0.013272680753809675
0.3123598156603663	0.188252299941263	0.9311244136230018	-0.22811456633351918
0.0	0.0	0.0	1.0
36	45	74
-0.044743557350907105	-0.5355756418988721	0.8433010525078043	-1.2597514082585264
0.6241678056481593	0.6441138563489116	0.44218986459262843	-0.3503327098981833
-0.7800080755656957	0.5461465342088387	0.3054691729625991	0.8903735350926084
0.0	0.0	0.0	1.0
36	46	75
-0.37844452160684283	-0.4824651421240465	0.7899411747024918	-0.8963042071725688
0.539962030208155	0.5780917915034508	0.6117604927498805	-0.48829397382893625
-0.7518117033903703	0.6580556870170047	0.04173719486656223	1.2527440544012887
0.0	0.0	0.0	1.0
37	45	76
-0.003968964311898089	-0.534198581065264	0.8453496413990546	-1.1188184695915961
0.5860472694415356	0.683727334806822	0.4348166691467286	-0.2999782493424116
-0.8102671753919077	0.4971406334830369	0.31035203267675726	0.7598067301512176
0.0	0.0	0.0	1.0
37	46	77
-0.34078100513069093	-0.5023775100785698	0.7946603659340149	-0.8092153805893859
0.5075701662362737	0.6131696042147812	0.6053061870957727	-0.42391511450126407
-0.7913538673528207	0.6096227727605321	0.046035359736277585	1.0862620477261427
0.0	0.0	0.0	1.0
38	46	78
-0.3150472041831362	-0.4854689382945081	0.8155152844329272	-0.7216593239088643
0.52893055863271	0.6236456390157089	0.5755853316537013	-0.3196720545154445
-0.788021437076772	0.6126874873208148	0.06030154054302268	0.88568225908399
0.0	0.0	0.0	1.0
43	49	79
0.20094388521358947	-0.5358920080695446	0.8200252421529959	-0.15708761999394585
0.03618299957444245	0.8405887776922072	0.5404639003068373	0.2739313001114276
-0.9789343106100791	-0.07893193194703316	0.18830136458491248	0.19881625992889154
0.0	0.0	0.0	1.0
44	49	80
0.5947319045127509	-0.42117365745365476	0.6847676993700469	-0.14979478718063946
0.0305752310063929	0.8630153569160836	0.5042516175670377	0.2391576728934565
-0.803342390244751	-0.27895762777178534	0.5261402239692401	0.14643819631133673
0.0	0.0	0.0	1.0
