0	9	1
0.9982422082138841	0.05167146449264749	0.02902690003736099	0.00791958102960693
-0.05872742917674654	0.7965064027797726	0.6017710817734668	0.25066811234822184
0.007974345234709603	-0.602418110509059	0.7981409310508478	0.02662026138372993
0.0	0.0	0.0	1.0
1	9	2
0.9987036883411088	0.04500527382585717	0.023779261738065206	0.0051315536107650345
-0.050103003120424636	0.7867714293368097	0.6152076597353366	0.24843617699964268
0.00897880434618827	-0.6156016417034256	0.788006362430086	0.03285750435096348
0.0	0.0	0.0	1.0
2	9	3
0.9988907256355986	0.03519955202720944	0.03127879927798812	0.008997460227797379
-0.04697036302187249	0.7919171926448082	0.6088191581155546	0.2464203861852254
-0.0033400300125925536	-0.6096130847121536	0.7926921114126528	0.03457048533565379
0.0	0.0	0.0	1.0
3	9	4
0.9995709831214036	0.018212937714262425	0.022940439913061973	0.01810737719642311
-0.02856113722532914	0.7797983478624048	0.6253788407467061	0.25007676687428343
-0.006498895042724548	-0.6257658588845542	0.7799839438202393	0.034518331221631636
0.0	0.0	0.0	1.0
6	10	5
0.9941677851261725	0.06645118964331417	-0.08493953313681472	0.07138814955321197
-0.006603085884179469	0.8236386335738928	0.5670764879452185	0.23980464605536245
0.10764241638372496	-0.5632084171673525	0.8192737263195962	0.0644094116705927
0.0	0.0	0.0	1.0
6	11	6
0.9529706125090142	0.19156669121583939	-0.23483876613523316	0.04824933051355116
0.005989413056290496	0.7628288188669455	0.6465726604349371	0.2969213650248551
0.30300358910482295	-0.6175714300137709	0.7258059898616885	0.07744492006355375
0.0	0.0	0.0	1.0
6	12	7
0.801341979360344	0.3325811785738171	-0.4972329572318547	-0.04595930307131563
0.057156049825108836	0.7848363715729707	0.6170614648675686	0.282993615345198
0.5954696782833058	-0.5228972677455733	0.6099133057845827	0.08608459846841851
0.0	0.0	0.0	1.0
6	27	8
0.7436168861226123	-0.2703814864748267	0.6114962761773733	-0.6845512863109318
-0.091939505579138	0.8645447230896997	0.4940742373496548	0.28345165667983757
-0.6622545636702627	-0.42362268919017776	0.6180313110039483	0.2385609279297016
0.0	0.0	0.0	1.0
6	28	9
0.8506858926042196	-0.2040327789766116	0.4844626207283453	-0.8778165309401649
-0.13001093802132768	0.8113100509268928	0.5699763236890171	0.3345839680582233
-0.5093433564563931	-0.5478564146730802	0.6636435560294532	0.0977970103674117
0.0	0.0	0.0	1.0
6	29	10
0.974970584413926	-0.06854288892094361	0.2115052343075426	-1.1584029455982803
-0.06573250578703799	0.8199050831676519	0.568713324727994	0.2756522666413923
-0.2123954910526981	-0.5683815511778895	0.7948776499519095	-0.20885484530399565
0.0	0.0	0.0	1.0
6	30	11
0.9923188433189535	0.11931156485674628	-0.03268165628510198	-1.2343417421164744
-0.08023633799559958	0.8218324000232733	0.564050882969276	0.29300074324602615
0.0941566383376579	-0.5570962249337235	0.8250929387166114	-0.6417902008775259
0.0	0.0	0.0	1.0
6	41	12
0.8340978336942361	-0.17148923559554896	0.5242825252068984	-3.146451459674622
0.21070396672256908	0.9774268776671632	-0.015506034821072144	0.4221195828646356
-0.5097889176936571	0.12340197036094754	0.851403011927562	-0.2245503944534534
0.0	0.0	0.0	1.0
7	10	13
0.9931306583850148	0.06251759043114279	-0.09890957881663151	0.050467361172334455
-0.010501051812195305	0.8895112571184356	0.4567926528556904	0.1848446407996881
0.11653879119311551	-0.4526161969243205	0.8840573270640285	0.06686723586596392
0.0	0.0	0.0	1.0
7	11	14
0.9501238391368636	0.16705294780222227	-0.263359112230898	0.02625241270694354
0.0030056506203688105	0.8394998001750852	0.5433517042387666	0.24245247787253293
0.3118584348392216	-0.5170430765881847	0.797126571672534	0.08113250790154736
0.0	0.0	0.0	1.0
7	12	15
0.7959778535410378	0.27208826253824775	-0.5407282536793282	-0.06448896680325439
0.05383494353181328	0.8579254942060652	0.5109457711973807	0.22724324665154563
0.602926999661188	-0.43581168439109436	0.6682418372587059	0.0824971269321538
0.0	0.0	0.0	1.0
7	27	16
0.7489819748866463	-0.18406701845457876	0.6365102336753141	-0.7033016929118596
-0.09654965441729506	0.9200673193417229	0.37967646367860847	0.23024630401289975
-0.6555182747103449	-0.34582573464331773	0.6713421911544755	0.25535183903158293
0.0	0.0	0.0	1.0
7	28	17
0.854839562597098	-0.1337568896345476	0.5013564890072354	-0.898436500255761
-0.1337858314065069	0.876724128507481	0.46201312610430484	0.2826261598879206
-0.5013488298013996	-0.4620216254059236	0.7315636980954391	0.1162232215619596
0.0	0.0	0.0	1.0
7	29	18
0.9765849643441152	-0.03346998445296088	0.21251306349134927	-1.180566604137939
-0.06958824332668438	0.8855717173182124	0.45926059288377247	0.22201953488001291
-0.20356699680799506	-0.4632954085101179	0.86250667453041	-0.19902504917393435
0.0	0.0	0.0	1.0
7	30	19
0.9911135705373249	0.12163002420457275	-0.05385210631254541	-1.2591953416366608
-0.08413144804656268	0.8867752557756808	0.4544793006490924	0.23969561970914707
0.10303305014206977	-0.4459100554609781	0.889127924761149	-0.6395132970262635
0.0	0.0	0.0	1.0
7	31	20
0.987066627267047	0.14726337878400136	-0.06334998037541553	-1.370841435562349
-0.12334526866422753	0.9500618359151106	0.28665070520380487	0.34588706013705145
0.10239955204825273	-0.2751294312090073	0.9559384257883891	-0.7403975273121464
0.0	0.0	0.0	1.0
7	41	21
0.8381882290897973	-0.09649993830804908	0.5367757446384619	-3.1693903778858497
0.20251099029263428	0.9689247885776547	-0.14203532352448986	0.3713366898829462
-0.5063890597827547	0.2277553643275617	0.831683549240579	-0.2435036480637182
0.0	0.0	0.0	1.0
8	10	22
0.9919062113049202	0.04934581269758284	-0.11699142298083294	0.02804616950308196
-0.010404646434633149	0.949882108480156	0.31243529166809364	0.12880448621401805
0.12654550832921796	-0.308689305889383	0.9427073767224233	0.06162024087448929
0.0	0.0	0.0	1.0
8	11	23
0.9469471176531299	0.12679361301892922	-0.2953208762944435	0.00428849284496522
0.004107461032675734	0.914038967546184	0.40560564100363544	0.18613021669412055
0.32136303355418205	-0.385300217761827	0.8650257378087494	0.07711645508040255
0.0	0.0	0.0	1.0
8	12	24
0.7898346594561663	0.18676645445277149	-0.5841910491699175	-0.08037876530836935
0.054558852578131534	0.927334873229922	0.370234138736113	0.16979543744328626
0.6108881585761363	-0.3242966304210368	0.7222515356471857	0.07163421959918467
0.0	0.0	0.0	1.0
8	27	25
0.7555118633285326	-0.08014731376384888	0.6502139313307764	-0.7288351476451891
-0.09728192911975476	0.9677609001263195	0.23232519319160663	0.17679152705040163
-0.6478718855938803	-0.23877855451529398	0.723357928027973	0.26805493833036026
0.0	0.0	0.0	1.0
8	28	26
0.8599187042291483	-0.05123074606858973	0.5078534273745805	-0.9250014871890371
-0.1335783106506187	0.937689869951618	0.320771765346765	0.22981274103406849
-0.49264238378959757	-0.34367595685779434	0.7994937759107716	0.12948156480200665
0.0	0.0	0.0	1.0
8	29	27
0.9786016570615221	0.0031041965544884955	0.205740875123835	-1.2066535498649245
-0.06944878477481285	0.9461955093525936	0.3160554018428075	0.16741983856191006
-0.19368993046412566	-0.3235808169150541	0.9261638809027429	-0.1960110406634031
0.0	0.0	0.0	1.0
8	30	28
0.9900280806063827	0.11476131861639205	-0.0816954086438362	-1.2857232004668082
-0.084039776928544	0.9465933617664335	0.31128479306386353	0.18549524111878216
0.1130558371769985	-0.30131510491179264	0.9467986167001535	-0.6449290873434629
0.0	0.0	0.0	1.0
8	31	29
0.985779888955365	0.1385850632331792	-0.09503850651259178	-1.3982657946912962
-0.12505007153371678	0.9827824261150785	0.1360196805754565	0.29417012878847154
0.11225251681459275	-0.12220089131642747	0.9861371386576223	-0.7560181423715233
0.0	0.0	0.0	1.0
8	40	30
0.8795246086701312	0.02011999270875948	0.4754278064686341	-3.0622688755938814
0.1578740841079821	0.9301786654659151	-0.3314264365615479	0.3682439627393942
-0.4489011029078067	0.3665555689698287	0.8149385868201805	-0.27310219516172934
0.0	0.0	0.0	1.0
8	41	31
0.8434190028287178	-0.008952092579950858	0.5371816784829907	-3.198397581379875
0.1968411760341242	0.9354841953406254	-0.29346687426083334	0.3234460938280974
-0.4998979013564803	0.35325508878623413	0.7907672182298482	-0.2666512652414351
0.0	0.0	0.0	1.0
9	24	32
0.9976638059155607	0.06711474588371087	-0.012751408576532494	-0.9476341654906394
-0.06754152800750225	0.9410144893809551	-0.33155675652279826	0.056182862559765685
-0.010253138395800889	0.33164352055270874	0.9433491275008946	-0.29188393018942776
0.0	0.0	0.0	1.0
9	27	33
0.7485138412117383	0.014926245583281223	0.6629511097884957	-0.7670336674701566
-0.0658962672409864	0.9964723777165547	0.05196566204514529	0.1003935807222384
-0.6598368794777038	-0.08258302334941042	0.7468570041334125	0.2557460196057559
0.0	0.0	0.0	1.0
9	28	34
0.8546782208007215	0.014155178844736509	0.5189649805681495	-0.9592388254337041
-0.10371046573469235	0.9841344514915321	0.14395671563209403	0.15139180772529312
-0.508693628729775	-0.17685881239020557	0.8425864338717943	0.11829028133134309
0.0	0.0	0.0	1.0
9	29	35
0.9769139338846864	0.00891714533167423	0.21344749055851092	-1.230622883643501
-0.03930337413940195	0.9895761748360129	0.13854371278103234	0.08780121182103136
-0.2099871438477846	-0.14373448777554945	0.9670810781884777	-0.21911145057642165
0.0	0.0	0.0	1.0
9	30	36
0.9938064692413168	0.06613193136105125	-0.08930424791649563	-1.302631468103597
-0.05384412344584055	0.9895706971688063	0.13360603807965982	0.10629151396347539
0.09720845642157969	-0.12797004296735168	0.9870026957241476	-0.6747311450633559
0.0	0.0	0.0	1.0
9	31	37
0.990444726621535	0.08726276332974535	-0.1067926105969795	-1.4160483249837292
-0.0925709606977599	0.9946526341360545	-0.04579229361683934	0.22208404569246093
0.10222554954343208	0.05524065810456429	0.993226393231602	-0.8000029442889474
0.0	0.0	0.0	1.0
9	32	38
0.9749534405738215	0.023206739154214225	-0.221195133297966	-1.4317531454282644
-0.08220902960212466	0.9617093262119071	-0.26145171711758186	0.28715801290861126
0.20665793431541354	0.27308751106208085	0.9395295399718402	-1.1025999262475505
0.0	0.0	0.0	1.0
9	35	39
0.9818156096139958	0.08652471272351324	0.16897228524623856	-2.1928388724886148
0.031127081234084055	0.8046692227627804	-0.5929068285563591	0.27219807919579797
-0.1872678844511312	0.5873848350338163	0.7873435910195565	-0.43057595302728024
0.0	0.0	0.0	1.0
9	37	50
0.93817420	0.03998751	0.34384596	-2.47257357
0.16879632	0.81436556	-0.55526260	0.11454958
-0.30221991	0.57897302	0.75726712	-0.33582557
-0.00000000	-0.00000000	0.00000000	1.00000000
10	19	40
0.9797971628409543	-0.03679129255851149	0.19658054537617953	-0.31182319145209425
0.14320897308285707	0.815186276964478	-0.5612149830502835	-0.2441819606821523
-0.13960195511187312	0.5780290894994864	0.8039860865323203	-0.17833075419775216
0.0	0.0	0.0	1.0
19	28	41
0.8899320732936881	-0.14296762862835224	0.43310626879798275	-0.6775571610489228
-0.15854105943923902	0.7934159399532389	0.5876698775623045	0.3548152352757268
-0.4276511874660895	-0.591651609072321	0.6834200941170826	-0.0495860985164156
0.0	0.0	0.0	1.0
19	29	42
0.987821360352234	0.004277992074839909	0.1555340115420073	-0.9232712659496629
-0.09527717323931544	0.8069200280556642	0.5829257602773855	0.3119604174236552
-0.12300975129073835	-0.5906454217867957	0.7975002523953432	-0.28388629169263835
0.0	0.0	0.0	1.0
19	30	43
0.9769208832362715	0.19526421001481642	-0.08658776597779963	-0.9870444346650957
-0.11012744016254264	0.8077760159447152	0.5791111951465936	0.3258458527457866
0.18302320085083162	-0.556210333735715	0.8106372567388059	-0.6414321256525657
0.0	0.0	0.0	1.0
20	27	44
0.907850784106126	-0.12393628108864378	0.40055812029263527	-0.4804748376940622
-0.0917688879718976	0.8734235443831749	0.47823603074497456	0.284026631493801
-0.40912764287515496	-0.4709258080267539	0.781564734154049	0.11185789926076592
0.0	0.0	0.0	1.0
20	28	45
0.9673529171041773	-0.05166886272915354	0.24811013072377106	-0.6545215363384846
-0.10053946908566813	0.8204249175302084	0.5628452167528725	0.32979240426392264
-0.23263721546574775	-0.5694149678489668	0.7884457111119576	0.009380004624192273
0.0	0.0	0.0	1.0
20	29	46
0.9953173653972268	0.0818766240120248	-0.05137865499839593	-0.9187276274912071
-0.04081376686010506	0.8377971355875222	0.544454110371785	0.2859377130489227
0.08762301793516535	-0.5398076809908816	0.8372155775332881	-0.2211490813062674
0.0	0.0	0.0	1.0
21	31	47
0.8890734872231184	0.30419642302401345	-0.3420717375134666	-1.0257691568480343
-0.11625544291090836	0.8728100947516312	0.4740118485474113	0.40301759825320566
0.44275641818048395	-0.3816637432057451	0.8113567841976184	-0.6000097590668678
0.0	0.0	0.0	1.0
23	26	48
0.7596266820042652	-0.33742814452668823	0.5559762316525784	0.09297686576714316
0.06652925307298883	0.8907076807722987	0.44968182779220656	0.2249491814406583
-0.6469476159488918	-0.304601664618803	0.6990541371762872	-0.08437243730279025
0.0	0.0	0.0	1.0
23	28	49
0.8313738889578675	-0.2722120982130751	0.48447697489000463	-0.05783796228165493
-0.11055423334714339	0.7733673564268796	0.6242439469407227	0.3142711721098994
-0.5446055140350002	-0.5725412357674594	0.6128632767829323	-0.14571599289522544
0.0	0.0	0.0	1.0
23	29	50
0.9667390432391155	-0.1228180705406118	0.22434695516579853	-0.30397205302450103
-0.045976965128884426	0.7794204900706138	0.6248117597129994	0.3076028924637291
-0.2515987670236179	-0.614344701586972	0.7478492784144702	-0.17717949070364777
0.0	0.0	0.0	1.0
24	25	51
0.9575656417313473	-0.09603040084455426	0.2717468442794463	0.06998171844702496
0.03825684961749068	0.9768666995051764	0.21039957337052761	0.1027349228109745
-0.2856651185243119	-0.1910753347282187	0.9390878514929415	-0.022412989362298727
0.0	0.0	0.0	1.0
24	26	52
0.7770468173623394	-0.2624842910013504	0.5721016008528366	0.14760271100227956
0.1316946854315794	0.956581992423285	0.2600145560818052	0.11605210311911757
-0.6155117692342393	-0.12670080670807388	0.7778767605575206	-0.12087558450431238
0.0	0.0	0.0	1.0
24	27	53
0.7393133705271658	-0.2563159500372379	0.6226699049999576	0.1297128443203088
0.00047302704134435133	0.9249160689741309	0.3801708776062409	0.15984317482459803
-0.6733613135523346	-0.2807709601077989	0.683924086255044	-0.1669532003262462
0.0	0.0	0.0	1.0
24	28	54
0.8470139922168057	-0.21647245578359967	0.4854964968803415	-0.002708759926538764
-0.03925389542750934	0.8853596686589242	0.4632464699762127	0.1996656350123999
-0.5301191456809793	-0.4114340367466018	0.7414147243206365	-0.1445461473226999
0.0	0.0	0.0	1.0
24	29	55
0.9725083455359501	-0.12836109685040542	0.19429641427311822	-0.24511705430674044
0.025436968049688393	0.8879249721177922	0.45928445907651777	0.1960777381297112
-0.2314748592567219	-0.4417157194744529	0.8667794272466115	-0.1606490962704251
0.0	0.0	0.0	1.0
24	30	56
0.9970618662853994	0.02471730545065221	-0.07250244163515586	-0.38033256509147395
0.010992783987295042	0.8905390421628567	0.45477377932456375	0.19941677709010616
0.07580705418212838	-0.4542347654815653	0.8876509369552065	-0.31828253702143916
0.0	0.0	0.0	1.0
25	28	57
0.9637914084269177	-0.0769123227610559	0.25532386838075116	-0.05653237831017009
0.003276147579507145	0.960843422230319	0.27707220435585284	0.10693419115666225
-0.26663665543577053	-0.26620344637015964	0.9263046946754344	-0.07777679730272193
0.0	0.0	0.0	1.0
25	29	58
0.9963664453195821	-0.047306658401270726	-0.07082374895752223	-0.3115717727657853
0.06389887838805841	0.9649906445081989	0.25438144070409885	0.09816918021719433
0.05631022706821865	-0.2579827299740275	0.9645069474849568	-0.11646844661692556
0.0	0.0	0.0	1.0
25	30	59
0.9326761664880869	0.0470354694543513	-0.35763479293816347	-0.4584506319272745
0.04859083311894892	0.9660426076833954	0.2537722332052052	0.10245777437438737
0.3574267690279571	-0.25406517038904386	0.8987194781907679	-0.297051479176512
0.0	0.0	0.0	1.0
25	33	50
0.90352363	0.06043837	-0.42425492	-0.81858323
-0.21132340	0.92409998	-0.31840431	0.23894055
0.37281017	0.37734109	0.84771821	-0.64938871
-0.00000000	0.00000000	0.00000000	0.99999986
25	34	60
0.9667767094566292	0.0053440191167484705	-0.2555659160831959	-1.1129907748172012
-0.1274359754774909	0.8767569873463937	-0.4637423804008515	0.16002139871108553
0.22159093876340144	0.48090380163086	0.8483092782884456	-0.5216933531035989
0.0	0.0	0.0	1.0
25	35	61
0.9937617009508558	0.03510056942227396	-0.10585612310909652	-1.2824104274276764
-0.0822614210905726	0.8716133551085433	-0.48324211541449164	0.12642416342229448
0.07530351723337829	0.4889355231062993	0.8690633917638773	-0.35868582656439013
0.0	0.0	0.0	1.0
25	36	62
0.9993751427130347	0.01902518543899648	0.02978402841713566	-1.4090376143232146
-0.0019453648105149314	0.8710771057834297	-0.4911422514320921	0.08463702664888
-0.035288389620068826	0.490777550230541	0.8705698389029186	-0.2847905461110644
0.0	0.0	0.0	1.0
25	37	63
0.9971907269643014	-0.03175301430270473	0.06783875767011119	-1.548626985003521
0.060777159494834844	0.8723631691608329	-0.4850653846470636	0.10056767586493817
-0.04377781278974622	0.48782587756670676	0.8718423926994523	-0.3735786718393396
0.0	0.0	0.0	1.0
25	38	64
0.9952933204112416	-0.01345696851182385	0.09596798099944015	-1.7456722407906546
0.05703081265320362	0.8819946821451596	-0.4677956635179332	0.19793841231460635
-0.07834821031925393	0.4710672217321939	0.8786108226706948	-0.4427638238036359
0.0	0.0	0.0	1.0
26	29	65
0.9005346001940003	0.05580618777785339	-0.43118821678451813	-0.43663493837520967
0.049456785324042664	0.9721434507405307	0.22910917803963118	0.10365219221126475
0.4319624734652397	-0.2276459261114809	0.8726887002048541	-0.09250237948574164
0.0	0.0	0.0	1.0
27	29	66
0.8728720011151674	-0.0443973672063468	-0.48592545921859853	-0.43236995870737877
0.07719923444821905	0.9958748359435845	0.04768395993845803	0.0348412000608881
0.4818038161248104	-0.07913508535105736	0.8726985314220073	-0.06479622364090551
0.0	0.0	0.0	1.0
27	30	67
0.685660683266486	-0.004230256601590776	-0.7279089942688898	-0.5901221210505054
0.06304176281765878	0.996570969412985	0.0535911975580831	0.04089160497670066
0.7251863503771937	-0.08263405827949086	0.6835762812139221	-0.285014783151316
0.0	0.0	0.0	1.0
28	29	68
0.9458451787635733	-0.06181335139392356	-0.3186789822573616	-0.27627680384950487
0.05231521506034027	0.9978964581615137	-0.03828681206718213	-0.008560393685207985
0.32037520714508855	0.01954163360745215	0.9470890861353667	-0.026784990859021942
0.0	0.0	0.0	1.0
28	30	69
0.8039751843486551	-0.05084139161143247	-0.5924855112973287	-0.4536450085917172
0.0373249936674527	0.998688284162206	-0.03504947465889562	-0.004952115427108024
0.5934904019236503	0.006064411218162448	0.8048182605850382	-0.20155238965825037
0.0	0.0	0.0	1.0
28	31	70
0.7923252376674271	-0.03221473169065858	-0.6092480421725649	-0.5790740258669492
-0.08880351891505246	0.9818803766681913	-0.16740674386281953	0.008054208148514251
0.603601662131185	0.18674398843936435	0.7751076813947293	-0.3409640105623318
0.0	0.0	0.0	1.0
29	31	71
0.9455625909233468	0.03262988809409953	-0.3238003986453023	-0.32623068143686257
-0.09133862818512768	0.9815785424710708	-0.16781201903339746	-0.013272680753809675
0.3123598156603663	0.188252299941263	0.9311244136230018	-0.22811456633351918
0.0	0.0	0.0	1.0
36	45	72
-0.044743557350907376	-0.5355756418988719	0.8433010525078044	-1.2597514082585255
0.6241678056481591	0.6441138563489116	0.4421898645926285	-0.3503327098981833
-0.7800080755656956	0.5461465342088386	0.30546917296259907	0.8903735350926075
0.0	0.0	0.0	1.0
36	46	73
-0.37844452160684294	-0.48246514212404656	0.7899411747024918	-0.896304207172569
0.539962030208155	0.5780917915034507	0.6117604927498804	-0.48829397382893625
-0.7518117033903703	0.6580556870170047	0.041737194866562286	1.2527440544012887
0.0	0.0	0.0	1.0
37	45	74
-0.003968964311898312	-0.5341985810652637	0.8453496413990546	-1.1188184695915948
0.5860472694415355	0.6837273348068221	0.43481666914672873	-0.2999782493424116
-0.8102671753919076	0.4971406334830368	0.3103520326767572	0.7598067301512167
0.0	0.0	0.0	1.0
37	46	75
-0.34078100513069104	-0.5023775100785698	0.7946603659340149	-0.8092153805893861
0.5075701662362737	0.6131696042147811	0.6053061870957726	-0.42391511450126407
-0.7913538673528207	0.6096227727605321	0.04603535973627764	1.0862620477261427
0.0	0.0	0.0	1.0
38	46	76
-0.3150472041831363	-0.4854689382945082	0.8155152844329272	-0.7216593239088646
0.52893055863271	0.6236456390157088	0.5755853316537012	-0.31967205451544406
-0.788021437076772	0.6126874873208148	0.06030154054302274	0.88568225908399
0.0	0.0	0.0	1.0
43	49	77
0.20094388521358944	-0.5358920080695446	0.8200252421529958	-0.15708761999394563
0.03618299957444245	0.8405887776922072	0.5404639003068372	0.27393130011142713
-0.9789343106100791	-0.07893193194703313	0.18830136458491248	0.19881625992888977
0.0	0.0	0.0	1.0
44	49	78
0.5947319045127509	-0.4211736574536547	0.6847676993700468	-0.14979478718063924
0.030575231006392888	0.8630153569160836	0.5042516175670377	0.23915767289345605
-0.803342390244751	-0.27895762777178534	0.5261402239692401	0.14643819631133495
0.0	0.0	0.0	1.0
