0	 6	 38	
 5.00000000e+03	  0.00000000e+00	  0.00000000e+00	  0.00000000e+00	  1.62034150e+04	  1.24697083e+03	
 0.00000000e+00	  5.00000000e+03	  0.00000000e+00	 -1.62034150e+04	  0.00000000e+00	 -6.48911914e+03	
 0.00000000e+00	  0.00000000e+00	  5.00000000e+03	 -1.24697083e+03	  6.48911914e+03	  0.00000000e+00	
 0.00000000e+00	 -1.62034150e+04	 -1.24697083e+03	  5.40533750e+04	 -1.91458228e+03	  2.10471484e+04	
 1.62034150e+04	  0.00000000e+00	  6.48911914e+03	 -1.91458228e+03	  6.12755391e+04	  4.06876245e+03	
 1.24697083e+03	 -6.48911914e+03	  0.00000000e+00	  2.10471484e+04	  4.06876245e+03	  1.00561230e+04	
0	 8	 38	
 5.00000000e+03	  0.00000000e+00	  0.00000000e+00	  0.00000000e+00	  1.52071299e+04	  9.28996155e+02	
 0.00000000e+00	  5.00000000e+03	  0.00000000e+00	 -1.52071299e+04	  0.00000000e+00	 -5.37085791e+03	
 0.00000000e+00	  0.00000000e+00	  5.00000000e+03	 -9.28996155e+02	  5.37085791e+03	  0.00000000e+00	
 0.00000000e+00	 -1.52071299e+04	 -9.28996155e+02	  5.07029766e+04	 -2.63411353e+03	  1.66546016e+04	
 1.52071299e+04	  0.00000000e+00	  5.37085791e+03	 -2.63411353e+03	  5.36705820e+04	  3.66774414e+03	
 9.28996155e+02	 -5.37085791e+03	  0.00000000e+00	  1.66546016e+04	  3.66774414e+03	  1.04509512e+04	
1	 6	 38	
 5.00000000e+03	  0.00000000e+00	  0.00000000e+00	  0.00000000e+00	  1.47563193e+04	  1.35873560e+03	
 0.00000000e+00	  5.00000000e+03	  0.00000000e+00	 -1.47563193e+04	  0.00000000e+00	 -4.20584912e+03	
 0.00000000e+00	  0.00000000e+00	  5.00000000e+03	 -1.35873560e+03	  4.20584912e+03	  0.00000000e+00	
 0.00000000e+00	 -1.47563193e+04	 -1.35873560e+03	  4.56715352e+04	 -2.06357446e+03	  1.21866914e+04	
 1.47563193e+04	  0.00000000e+00	  4.20584912e+03	 -2.06357446e+03	  4.82227852e+04	  3.81647412e+03	
 1.35873560e+03	 -4.20584912e+03	  0.00000000e+00	  1.21866914e+04	  3.81647412e+03	  6.33162939e+03	
1	 8	 38	
 5.00000000e+03	  0.00000000e+00	  0.00000000e+00	  0.00000000e+00	  1.48766123e+04	  1.09480017e+03	
 0.00000000e+00	  5.00000000e+03	  0.00000000e+00	 -1.48766123e+04	  0.00000000e+00	 -4.14580615e+03	
 0.00000000e+00	  0.00000000e+00	  5.00000000e+03	 -1.09480017e+03	  4.14580615e+03	  0.00000000e+00	
 0.00000000e+00	 -1.48766123e+04	 -1.09480017e+03	  4.78908164e+04	 -1.97658936e+03	  1.27212832e+04	
 1.48766123e+04	  0.00000000e+00	  4.14580615e+03	 -1.97658936e+03	  4.96554453e+04	  4.17559814e+03	
 1.09480017e+03	 -4.14580615e+03	  0.00000000e+00	  1.27212832e+04	  4.17559814e+03	  6.72528955e+03	
6	 8	 38	
 5.00000000e+03	  0.00000000e+00	  0.00000000e+00	  0.00000000e+00	  1.11616318e+04	  1.06513696e+03	
 0.00000000e+00	  5.00000000e+03	  0.00000000e+00	 -1.11616318e+04	  0.00000000e+00	 -4.20345557e+03	
 0.00000000e+00	  0.00000000e+00	  5.00000000e+03	 -1.06513696e+03	  4.20345557e+03	  0.00000000e+00	
 0.00000000e+00	 -1.11616318e+04	 -1.06513696e+03	  2.78053613e+04	 -1.36600012e+03	  9.27711816e+03	
 1.11616318e+04	  0.00000000e+00	  4.20345557e+03	 -1.36600012e+03	  3.00189375e+04	  2.21301367e+03	
 1.06513696e+03	 -4.20345557e+03	  0.00000000e+00	  9.27711816e+03	  2.21301367e+03	  6.97689014e+03	
7	 8	 38	
 5.00000000e+03	  0.00000000e+00	  0.00000000e+00	  0.00000000e+00	  1.37226992e+04	  6.39405823e+02	
 0.00000000e+00	  5.00000000e+03	  0.00000000e+00	 -1.37226992e+04	  0.00000000e+00	 -2.01255774e+03	
 0.00000000e+00	  0.00000000e+00	  5.00000000e+03	 -6.39405823e+02	  2.01255774e+03	  0.00000000e+00	
 0.00000000e+00	 -1.37226992e+04	 -6.39405823e+02	  4.14540977e+04	 -4.93919647e+02	  5.63723145e+03	
 1.37226992e+04	  0.00000000e+00	  2.01255774e+03	 -4.93919647e+02	  4.13787109e+04	  1.97713538e+03	
 6.39405823e+02	 -2.01255774e+03	  0.00000000e+00	  5.63723145e+03	  1.97713538e+03	  6.47119385e+03	
14	 15	 38	
 5.00000000e+03	  0.00000000e+00	  0.00000000e+00	  0.00000000e+00	  1.48763096e+04	 -1.22634338e+03	
 0.00000000e+00	  5.00000000e+03	  0.00000000e+00	 -1.48763096e+04	  0.00000000e+00	 -5.60357788e+02	
 0.00000000e+00	  0.00000000e+00	  5.00000000e+03	  1.22634338e+03	  5.60357788e+02	  0.00000000e+00	
 0.00000000e+00	 -1.48763096e+04	  1.22634338e+03	  4.70803945e+04	  2.69503693e+02	  2.26322192e+03	
 1.48763096e+04	  0.00000000e+00	  5.60357788e+02	  2.69503693e+02	  4.74191992e+04	 -3.62271729e+03	
-1.22634338e+03	 -5.60357788e+02	  0.00000000e+00	  2.26322192e+03	 -3.62271729e+03	  5.24816650e+03	
14	 17	 38	
 5.00000000e+03	  0.00000000e+00	  0.00000000e+00	  0.00000000e+00	  1.55404287e+04	 -1.33599258e+02	
 0.00000000e+00	  5.00000000e+03	  0.00000000e+00	 -1.55404287e+04	  0.00000000e+00	 -2.46024805e+03	
 0.00000000e+00	  0.00000000e+00	  5.00000000e+03	  1.33599258e+02	  2.46024805e+03	  0.00000000e+00	
 0.00000000e+00	 -1.55404287e+04	  1.33599258e+02	  5.04833906e+04	  5.42848267e+02	  8.13472607e+03	
 1.55404287e+04	  0.00000000e+00	  2.46024805e+03	  5.42848267e+02	  5.16426797e+04	 -6.03831238e+02	
-1.33599258e+02	 -2.46024805e+03	  0.00000000e+00	  8.13472607e+03	 -6.03831238e+02	  5.11474902e+03	
15	 17	 38	
 5.00000000e+03	  0.00000000e+00	  0.00000000e+00	  0.00000000e+00	  1.53718330e+04	 -2.56286478e+00	
 0.00000000e+00	  5.00000000e+03	  0.00000000e+00	 -1.53718330e+04	  0.00000000e+00	 -2.37859155e+03	
 0.00000000e+00	  0.00000000e+00	  5.00000000e+03	  2.56286478e+00	  2.37859155e+03	  0.00000000e+00	
 0.00000000e+00	 -1.53718330e+04	  2.56286478e+00	  4.95520430e+04	  4.27092529e+02	  7.91844336e+03	
 1.53718330e+04	  0.00000000e+00	  2.37859155e+03	  4.27092529e+02	  5.03959219e+04	 -2.53859802e+02	
-2.56286478e+00	 -2.37859155e+03	  0.00000000e+00	  7.91844336e+03	 -2.53859802e+02	  4.77596094e+03	
16	 17	 38	
 5.00000000e+03	  0.00000000e+00	  0.00000000e+00	  0.00000000e+00	  1.47478506e+04	  3.77076538e+02	
 0.00000000e+00	  5.00000000e+03	  0.00000000e+00	 -1.47478506e+04	  0.00000000e+00	 -1.69632068e+03	
 0.00000000e+00	  0.00000000e+00	  5.00000000e+03	 -3.77076538e+02	  1.69632068e+03	  0.00000000e+00	
 0.00000000e+00	 -1.47478506e+04	 -3.77076538e+02	  4.61220039e+04	  3.44272430e+02	  5.51520361e+03	
 1.47478506e+04	  0.00000000e+00	  1.69632068e+03	  3.44272430e+02	  4.62617461e+04	  9.90300903e+02	
 3.77076538e+02	 -1.69632068e+03	  0.00000000e+00	  5.51520361e+03	  9.90300903e+02	  4.77109814e+03	
19	 21	 38	
 5.00000000e+03	  0.00000000e+00	  0.00000000e+00	  0.00000000e+00	  1.22927871e+04	 -8.65219482e+02	
 0.00000000e+00	  5.00000000e+03	  0.00000000e+00	 -1.22927871e+04	  0.00000000e+00	 -5.58102441e+03	
 0.00000000e+00	  0.00000000e+00	  5.00000000e+03	  8.65219482e+02	  5.58102441e+03	  0.00000000e+00	
 0.00000000e+00	 -1.22927871e+04	  8.65219482e+02	  3.28537422e+04	  8.47713623e+02	  1.37208936e+04	
 1.22927871e+04	  0.00000000e+00	  5.58102441e+03	  8.47713623e+02	  3.69226953e+04	 -2.00248340e+03	
-8.65219482e+02	 -5.58102441e+03	  0.00000000e+00	  1.37208936e+04	 -2.00248340e+03	  9.10972363e+03	
20	 21	 38	
 5.00000000e+03	  0.00000000e+00	  0.00000000e+00	  0.00000000e+00	  1.29382109e+04	 -1.25443860e+03	
 0.00000000e+00	  5.00000000e+03	  0.00000000e+00	 -1.29382109e+04	  0.00000000e+00	 -3.93798584e+03	
 0.00000000e+00	  0.00000000e+00	  5.00000000e+03	  1.25443860e+03	  3.93798584e+03	  0.00000000e+00	
 0.00000000e+00	 -1.29382109e+04	  1.25443860e+03	  3.73192930e+04	  8.18789734e+02	  1.02903262e+04	
 1.29382109e+04	  0.00000000e+00	  3.93798584e+03	  8.18789734e+02	  3.80531367e+04	 -2.79349316e+03	
-1.25443860e+03	 -3.93798584e+03	  0.00000000e+00	  1.02903262e+04	 -2.79349316e+03	  7.72491064e+03	
22	 24	 38	
 5.00000000e+03	  0.00000000e+00	  0.00000000e+00	  0.00000000e+00	  1.24235830e+04	 -3.33045386e+03	
 0.00000000e+00	  5.00000000e+03	  0.00000000e+00	 -1.24235830e+04	  0.00000000e+00	 -1.77984412e+03	
 0.00000000e+00	  0.00000000e+00	  5.00000000e+03	  3.33045386e+03	  1.77984412e+03	  0.00000000e+00	
 0.00000000e+00	 -1.24235830e+04	  3.33045386e+03	  3.48061133e+04	  1.12797949e+03	  3.97266187e+03	
 1.24235830e+04	  0.00000000e+00	  1.77984412e+03	  1.12797949e+03	  3.38867812e+04	 -8.49329590e+03	
-3.33045386e+03	 -1.77984412e+03	  0.00000000e+00	  3.97266187e+03	 -8.49329590e+03	  4.01886987e+03	
23	 24	 38	
 5.00000000e+03	  0.00000000e+00	  0.00000000e+00	  0.00000000e+00	  1.29785361e+04	 -1.74689697e+03	
 0.00000000e+00	  5.00000000e+03	  0.00000000e+00	 -1.29785361e+04	  0.00000000e+00	 -1.68089441e+03	
 0.00000000e+00	  0.00000000e+00	  5.00000000e+03	  1.74689697e+03	  1.68089441e+03	  0.00000000e+00	
 0.00000000e+00	 -1.29785361e+04	  1.74689697e+03	  3.57345938e+04	  6.38549805e+02	  4.28625391e+03	
 1.29785361e+04	  0.00000000e+00	  1.68089441e+03	  6.38549805e+02	  3.73825664e+04	 -4.61607520e+03	
-1.74689697e+03	 -1.68089441e+03	  0.00000000e+00	  4.28625391e+03	 -4.61607520e+03	  3.25191406e+03	
23	 25	 38	
 5.00000000e+03	  0.00000000e+00	  0.00000000e+00	  0.00000000e+00	  1.31526289e+04	 -1.69422583e+03	
 0.00000000e+00	  5.00000000e+03	  0.00000000e+00	 -1.31526289e+04	  0.00000000e+00	 -3.02343652e+03	
 0.00000000e+00	  0.00000000e+00	  5.00000000e+03	  1.69422583e+03	  3.02343652e+03	  0.00000000e+00	
 0.00000000e+00	 -1.31526289e+04	  1.69422583e+03	  3.65214883e+04	  1.19712659e+03	  8.05732764e+03	
 1.31526289e+04	  0.00000000e+00	  3.02343652e+03	  1.19712659e+03	  3.91731133e+04	 -4.61868750e+03	
-1.69422583e+03	 -3.02343652e+03	  0.00000000e+00	  8.05732764e+03	 -4.61868750e+03	  4.20859912e+03	
24	 25	 38	
 5.00000000e+03	  0.00000000e+00	  0.00000000e+00	  0.00000000e+00	  1.29366621e+04	 -1.25068066e+03	
 0.00000000e+00	  5.00000000e+03	  0.00000000e+00	 -1.29366621e+04	  0.00000000e+00	  4.64111725e+02	
 0.00000000e+00	  0.00000000e+00	  5.00000000e+03	  1.25068066e+03	 -4.64111725e+02	  0.00000000e+00	
 0.00000000e+00	 -1.29366621e+04	  1.25068066e+03	  3.62688711e+04	  5.30785461e+02	 -2.06388647e+03	
 1.29366621e+04	  0.00000000e+00	 -4.64111725e+02	  5.30785461e+02	  3.78552656e+04	 -2.79849683e+03	
-1.25068066e+03	  4.64111725e+02	  0.00000000e+00	 -2.06388647e+03	 -2.79849683e+03	  3.79055200e+03	
25	 26	 38	
 5.00000000e+03	  0.00000000e+00	  0.00000000e+00	  0.00000000e+00	  9.84828027e+03	 -1.95903333e+03	
 0.00000000e+00	  5.00000000e+03	  0.00000000e+00	 -9.84828027e+03	  0.00000000e+00	 -3.18656470e+03	
 0.00000000e+00	  0.00000000e+00	  5.00000000e+03	  1.95903333e+03	  3.18656470e+03	  0.00000000e+00	
 0.00000000e+00	 -9.84828027e+03	  1.95903333e+03	  2.16983477e+04	  1.51785095e+03	  6.49859961e+03	
 9.84828027e+03	  0.00000000e+00	  3.18656470e+03	  1.51785095e+03	  2.34831113e+04	 -4.14860010e+03	
-1.95903333e+03	 -3.18656470e+03	  0.00000000e+00	  6.49859961e+03	 -4.14860010e+03	  3.89728613e+03	
27	 28	 38	
 5.00000000e+03	  0.00000000e+00	  0.00000000e+00	  0.00000000e+00	  1.38765781e+04	 -1.92751135e+03	
 0.00000000e+00	  5.00000000e+03	  0.00000000e+00	 -1.38765781e+04	  0.00000000e+00	  1.35674023e+03	
 0.00000000e+00	  0.00000000e+00	  5.00000000e+03	  1.92751135e+03	 -1.35674023e+03	  0.00000000e+00	
 0.00000000e+00	 -1.38765781e+04	  1.92751135e+03	  4.01173711e+04	 -6.77369080e+02	 -3.12987500e+03	
 1.38765781e+04	  0.00000000e+00	 -1.35674023e+03	 -6.77369080e+02	  4.14279219e+04	 -5.15033057e+03	
-1.92751135e+03	  1.35674023e+03	  0.00000000e+00	 -3.12987500e+03	 -5.15033057e+03	  3.08078027e+03	
