0	6	1
0.519693635676	0.12559354659700003	-0.845073080344	1.149594628379
0.048206018527	0.983249708148	0.175775674595	0.029219973534999992
0.852992627782	-0.132088301151	0.504933786182	3.1989382120010004
0.0	0.0	0.0	1.0
0	8	2
0.056632204420000005	-0.0020037885510000106	-0.9983941157890001	1.87387106946
0.060149862703999996	0.9981882789509999	0.001410262399000004	-0.03897589352799998
0.9965829448579999	-0.060134337961000005	0.056651002021	3.2183690210640004
0.0	0.0	0.0	1.0
1	6	3
0.556158477874	0.11142919566700002	-0.823574043278	1.354500337199
0.010157698775999998	0.989985990603	0.140805868218	-0.128837440053
0.8310166274290001	-0.08667624507400001	0.549457992525	2.667966013486
0.0	0.0	0.0	1.0
1	8	4
0.099752004366	-0.013012516587000004	-0.994927852833	2.0794787750920003
0.009842113011	0.9998788179309999	-0.012088445000999995	-0.19023663343199998
0.994966900762	-0.008586431584999998	0.09986908665500001	2.652453819583
0.0	0.0	0.0	1.0
6	8	5
0.88240862328	-0.004215421763000006	-0.470466416727	0.389687342839
-0.065380715841	0.9891597703999999	-0.13148827311	0.02134445193400002
0.465923269728	0.14678684571899997	0.872566041231	-0.614240362439
0.0	0.0	0.0	1.0
7	8	6
0.9861978977489999	0.011942384048999999	-0.16514859927900002	0.003538134873000004
-0.022137673162999992	0.997951183872	-0.060030577852	0.02285999912899998
0.164096116139	0.06286050500099999	0.984440741239	-0.323852836709
0.0	0.0	0.0	1.0
14	15	7
0.995372348462	0.031796571216	-0.090687181348	0.14421592224399993
-0.029061104927999997	0.999088402973	0.03132348734300001	-0.032391292012
0.09159873914999997	-0.028542994445	0.995388937723	0.12543906951400005
0.0	0.0	0.0	1.0
14	17	8
0.9282069153040001	0.09683601721	-0.35924520570000007	0.23894542283599995
-0.085535653256	0.995216172305	0.04725571378800001	-0.082051564337
0.36209998301799995	-0.013134614590999997	0.9320486403399999	0.692583042871
0.0	0.0	0.0	1.0
15	17	9
0.959564461036	0.066262634019	-0.27358015515399997	0.14768447090200001
-0.066279270077	0.9977616923479999	0.009186241554000012	-0.062790933406
0.273574793699	0.009317686582999996	0.961806534962	0.5543808914249999
0.0	0.0	0.0	1.0
16	17	10
0.966259021727	0.103435922538	-0.235893393046	0.17478796624800003
-0.109472049911	0.99391281689	-0.012604998977999984	-0.08801294150400002
0.23315212759999998	0.03800275478499999	0.971699184488	0.491090699421
0.0	0.0	0.0	1.0
19	21	11
0.722289329139	0.127891884082	-0.67966367632	0.4641728628519999
-0.086889822436	0.9917481781840001	0.094276486146	-0.07948109308799997
0.686111974171	-0.009040667534000004	0.7274421509470002	-0.11617439796400009
0.0	0.0	0.0	1.0
20	21	12
0.923381565124	0.062796421352	-0.378713225892	0.13292054055399968
-0.039203847204999996	0.996798471034	0.06969812893199999	0.0006538325599999692
0.38187786105399996	-0.04951131125999998	0.9228884257009999	-0.2976463215469999
0.0	0.0	0.0	1.0
22	24	13
0.923999624302	0.099488295076	-0.36922922859599994	0.24811536761799985
-0.044442585832	0.9869576334260001	0.15472140691800002	-0.04587280093900002
0.379807634896	-0.12655434133	0.9163691494539999	0.5272069236480003
0.0	0.0	0.0	1.0
23	24	14
0.96070897171	0.04851814480200001	-0.27329528563	0.3315543374119999
-0.040024233518000024	0.9985280065509999	0.03657554579100001	-0.13489426823099998
0.274667467823	-0.024200699361999988	0.961236189114	0.47290604446500006
0.0	0.0	0.0	1.0
23	25	15
0.888015887184	0.10507451947999999	-0.44765236725599994	0.6245972081439999
-0.09109073522300001	0.994445062478	0.05272413092199999	-0.253165655526
0.450705617516	-0.006043086763000004	0.892654833936	0.8908796947890001
0.0	0.0	0.0	1.0
24	25	16
0.98056125547	0.05948423212599997	-0.18699005177599995	0.401064900668
-0.058779073306999975	0.998226606762	0.009324348109999993	-0.11399471890499999
0.18721181600099998	0.001847136278000039	0.982319739574	0.3173576111469999
0.0	0.0	0.0	1.0
25	26	17
0.9265278610400001	0.095902419829	-0.363802529571	0.38256506723300004
-0.10072575946400002	0.994895781791	0.005739506482000035	-0.08950639960299997
0.362496444556	0.03132636561400002	0.931461360058	0.416181316166
0.0	0.0	0.0	1.0
27	28	18
0.9973631741910001	-0.008364522479000006	0.07209480644900002	0.18871143525500003
0.010847666160999987	0.999356210657	-0.03411659891100001	-0.10892671474800002
-0.07176282400199999	0.034808367395999976	0.996817697548	0.38823441508900003
0.0	0.0	0.0	1.0
