0	1	116270
0.99613434	 -0.01232172	 0.08697458	 -0.12727791
0.01868794	 0.99717391	 -0.07276601	 -0.36265779
-0.08583219	 0.07411008	 0.99354953	 0.62280619
0.00000000	 0.00000000	 0.00000000	 1.00000000
1	2	97271
0.95820403	 -0.10760657	 0.26507717	 -0.08561277
0.12655276	 0.99041092	 -0.05541272	 -0.51312888
-0.25657257	 0.08664295	 0.96263349	 0.91596788
0.00000000	 0.00000000	 0.00000000	 1.00000000
2	3	57840
0.88019156	 -0.15040898	 0.45015538	 0.30401596
0.15278348	 0.98776394	 0.03129990	 -0.30185401
-0.44935495	 0.04122638	 0.89240140	 1.00323045
0.00000000	 0.00000000	 0.00000000	 1.00000000
3	4	97333
0.93615121	 -0.19261205	 0.29414538	 0.58273709
0.11062749	 0.95546788	 0.27357408	 0.22953942
-0.33374009	 -0.22356616	 0.91577053	 0.73271191
0.00000000	 0.00000000	 0.00000000	 1.00000000
4	5	64301
0.52475101	 0.38647041	 -0.75847012	 -0.41935706
-0.45992470	 0.87847620	 0.12941732	 0.92828250
0.71631396	 0.28092727	 0.63872850	 -1.71683300
0.00000000	 0.00000000	 0.00000000	 1.00000000
5	6	46840
0.62660027	 0.46889350	 -0.62250388	 -0.54295915
-0.33692196	 0.88323832	 0.32614964	 0.90327102
0.70274884	 0.00536978	 0.71141779	 -0.98086399
0.00000000	 0.00000000	 0.00000000	 1.00000000
6	7	58269
0.99485624	 0.08301336	 -0.05804991	 -0.51577336
-0.07985786	 0.99530333	 0.05471818	 0.56932753
0.06231960	 -0.04980097	 0.99681288	 -0.57662594
0.00000000	 0.00000000	 0.00000000	 1.00000000
7	8	74692
0.99383670	 -0.10959687	 -0.01664806	 -0.01759919
0.07817050	 0.79935527	 -0.59575206	 -0.26626962
0.07860028	 0.59077877	 0.80299580	 -1.92282581
0.00000000	 0.00000000	 0.00000000	 1.00000000
8	9	110788
0.99625731	 0.01729724	 -0.08468828	 -0.02465441
-0.03850774	 0.96598947	 -0.25569847	 -0.21074463
0.07738511	 0.25800264	 0.96304011	 -0.50752389
0.00000000	 0.00000000	 0.00000000	 1.00000000
9	10	67185
0.98727208	 -0.02442334	 -0.15715373	 0.23663440
0.03101042	 0.99873418	 0.03960008	 0.03385057
0.15598768	 -0.04396947	 0.98677993	 0.10325066
0.00000000	 0.00000000	 0.00000000	 1.00000000
10	11	83919
0.99714124	 0.00197166	 0.07553349	 0.07314595
0.01139477	 0.98430276	 -0.17611934	 -0.17338173
-0.07469508	 0.17647661	 0.98146659	 -0.00995774
0.00000000	 0.00000000	 0.00000000	 1.00000000
11	12	86784
0.65588391	 0.32362953	 0.68196791	 -0.60804605
-0.21199961	 0.94604594	 -0.24505743	 0.64365631
-0.72448063	 0.01615234	 0.68910581	 1.66159916
0.00000000	 0.00000000	 0.00000000	 1.00000000
12	13	45018
0.95346516	 0.16867189	 0.24990757	 -0.87667042
-0.20605871	 0.96963251	 0.13172923	 0.84575498
-0.22009951	 -0.17709488	 0.95926720	 0.60763210
0.00000000	 0.00000000	 0.00000000	 1.00000000
13	14	40302
0.97464645	 0.05704380	 -0.21635696	 -0.18754578
0.10579209	 0.73456150	 0.67024451	 0.93577904
0.19716072	 -0.67614031	 0.70990276	 0.34775022
0.00000000	 0.00000000	 0.00000000	 1.00000000
14	15	68405
0.82724315	 0.32499695	 -0.45830756	 -0.40285099
-0.23781645	 0.94158769	 0.23844489	 0.62103629
0.50903058	 -0.08825880	 0.85621154	 -0.59933513
0.00000000	 0.00000000	 0.00000000	 1.00000000
15	16	68552
0.66728324	 0.21541107	 -0.71297336	 0.24943680
-0.38931629	 0.91695517	 -0.08732717	 0.76537693
0.63495338	 0.33584410	 0.69573194	 -2.26019216
0.00000000	 0.00000000	 0.00000000	 1.00000000
16	17	69874
0.99449462	 -0.05623047	 -0.08842211	 0.08232949
-0.00741270	 0.80396068	 -0.59463614	 -0.08733479
0.10452459	 0.59201795	 0.79911786	 -1.63549209
0.00000000	 0.00000000	 0.00000000	 1.00000000
17	18	51822
0.89615631	 -0.07610057	 -0.43716437	 0.02038139
0.11061342	 0.99239576	 0.05399577	 -0.11156745
0.42973098	 -0.09674490	 0.89775920	 -0.77127719
0.00000000	 0.00000000	 0.00000000	 1.00000000
18	19	57888
0.98961836	 -0.06813958	 0.12654042	 0.24467704
-0.03390536	 0.74492437	 0.66628683	 1.11679375
-0.13966358	 -0.66366011	 0.73488045	 1.56472325
0.00000000	 0.00000000	 0.00000000	 1.00000000
19	20	93323
0.99955791	 0.00674754	 0.02895564	 0.10633410
-0.01278368	 0.97682279	 0.21366781	 0.42222542
-0.02684281	 -0.21394353	 0.97647715	 0.32800275
0.00000000	 0.00000000	 0.00000000	 1.00000000
20	21	57588
0.99825776	 0.00791229	 -0.05847148	 -0.85249186
-0.01727569	 0.98673522	 -0.16141619	 -0.30465570
0.05641871	 0.16214508	 0.98515284	 -0.34190777
0.00000000	 0.00000000	 0.00000000	 1.00000000
21	22	93238
0.88089329	 0.19294433	 -0.43220285	 0.24727984
-0.26624295	 0.95696932	 -0.11543151	 0.68707043
0.39133301	 0.21675381	 0.89435810	 -1.62076807
0.00000000	 0.00000000	 0.00000000	 1.00000000
22	23	104414
0.89170069	 0.18341294	 -0.41379899	 -0.12457409
-0.09568658	 0.96994424	 0.22372356	 0.34045660
0.44239578	 -0.15989940	 0.88245010	 -0.13406222
0.00000000	 0.00000000	 0.00000000	 1.00000000
23	24	85234
0.93506134	 -0.21092053	 0.28490850	 0.24960376
0.22785465	 0.97331357	 -0.02725893	 -0.45261243
-0.27155584	 0.09040650	 0.95816696	 0.51304728
0.00000000	 0.00000000	 0.00000000	 1.00000000
24	25	108313
0.98027009	 -0.08031650	 0.18060972	 -0.07124031
0.06639125	 0.99442881	 0.08187640	 0.10982563
-0.18617949	 -0.06827008	 0.98014098	 0.26509988
0.00000000	 0.00000000	 0.00000000	 1.00000000
25	26	87028
0.80618542	 0.44056469	 -0.39492762	 -0.63011640
-0.37371641	 0.89665246	 0.23738210	 0.90420675
0.45869502	 -0.04378308	 0.88751447	 -0.55689061
0.00000000	 0.00000000	 0.00000000	 1.00000000
26	27	105235
0.56323504	 0.45092395	 -0.69241160	 -0.12691598
-0.51894033	 0.84513402	 0.12825584	 1.13585639
0.64301413	 0.28708208	 0.71001172	 -1.72978926
0.00000000	 0.00000000	 0.00000000	 1.00000000
27	28	81752
0.69304830	 0.47369352	 -0.54341394	 -0.39443171
-0.42197090	 0.87774080	 0.22696139	 1.24071157
0.58448672	 0.07200968	 0.80820167	 -1.45749021
0.00000000	 0.00000000	 0.00000000	 1.00000000
28	29	103121
0.88119209	 0.31564304	 -0.35195172	 -0.73662668
-0.31267649	 0.94750118	 0.06689581	 0.71898693
0.35458979	 0.05109896	 0.93362457	 -0.80442858
0.00000000	 0.00000000	 0.00000000	 1.00000000
29	30	126667
0.70389068	 0.38317493	 -0.59809279	 -0.37820366
-0.40422007	 0.90846437	 0.10629466	 0.85464591
0.58407539	 0.16694127	 0.79434663	 -1.42558098
0.00000000	 0.00000000	 0.00000000	 1.00000000
30	31	111351
0.96875292	 -0.16178684	 0.18799664	 0.77059275
0.17601793	 0.98246169	 -0.06153582	 -0.66892630
-0.17474383	 0.09270380	 0.98024011	 0.48813826
0.00000000	 0.00000000	 0.00000000	 1.00000000
31	32	55101
0.87722969	 -0.24684373	 0.41174796	 1.05433953
0.28059942	 0.95955980	 -0.02255953	 -0.95684958
-0.38952801	 0.13532610	 0.91101855	 1.05123711
0.00000000	 0.00000000	 0.00000000	 1.00000000
32	33	57306
0.96657526	 -0.07565360	 0.24496678	 0.83874595
0.08363856	 0.99624550	 -0.02234353	 -0.33247706
-0.24235670	 0.04208537	 0.96927392	 0.49818009
0.00000000	 0.00000000	 0.00000000	 1.00000000
33	34	117240
0.73756796	 -0.40777037	 0.53825331	 1.76993871
0.34565133	 0.91273159	 0.21782228	 -0.54593611
-0.58010197	 0.02538924	 0.81414795	 1.37145543
0.00000000	 0.00000000	 0.00000000	 1.00000000
34	35	109197
0.99941438	 -0.02282425	 0.02549520	 -0.04796307
0.02141456	 0.99829715	 0.05425979	 -0.53044993
-0.02669023	 -0.05368204	 0.99820131	 0.87896299
0.00000000	 0.00000000	 0.00000000	 1.00000000
35	36	127840
0.91956204	 -0.21119887	 0.33136195	 0.10158322
0.24604170	 0.96697730	 -0.06647150	 -0.91038656
-0.30638078	 0.14265354	 0.94115931	 0.74299556
0.00000000	 0.00000000	 0.00000000	 1.00000000
36	37	141732
0.91312820	 0.18023376	 -0.36566743	 -0.56458056
-0.21156140	 0.97622776	 -0.04712883	 0.03176146
0.34848049	 0.12039576	 0.92955166	 -0.55133498
0.00000000	 0.00000000	 0.00000000	 1.00000000
37	38	115912
0.97239852	 0.07440964	 -0.22114322	 0.11008189
-0.13671450	 0.94974667	 -0.28158537	 0.07078861
0.18907738	 0.30404672	 0.93370515	 -1.00593150
0.00000000	 0.00000000	 0.00000000	 1.00000000
38	39	111831
0.99318480	 -0.02011164	 0.11480168	 -0.06315462
0.05142536	 0.95955122	 -0.27679679	 -0.23614788
-0.10459126	 0.28081411	 0.95404613	 -0.30809832
0.00000000	 0.00000000	 0.00000000	 1.00000000
39	40	98101
0.91985506	 0.00782523	 0.39218023	 -0.13686675
-0.01182824	 0.99989969	 0.00779187	 0.13275105
-0.39207995	 -0.01180619	 0.91985548	 0.89247912
0.00000000	 0.00000000	 0.00000000	 1.00000000
40	41	85054
0.98174113	 -0.09734469	 0.16342688	 -0.10447358
0.01701535	 0.90063417	 0.43424481	 0.46762529
-0.18945925	 -0.42353529	 0.88584596	 1.47919834
0.00000000	 0.00000000	 0.00000000	 1.00000000
41	42	52977
0.36813295	 0.58103073	 -0.72586602	 0.44741321
-0.39128554	 0.80500770	 0.44593513	 1.51946044
0.84342968	 0.11985745	 0.52369887	 -2.21944475
0.00000000	 0.00000000	 0.00000000	 1.00000000
42	43	90257
0.85453200	 0.23004940	 -0.46567404	 -0.34561047
-0.29181665	 0.95432764	 -0.06404507	 0.70274270
0.42967206	 0.19061998	 0.88263583	 -1.35115910
0.00000000	 0.00000000	 0.00000000	 1.00000000
43	44	67830
0.89825237	 -0.23846123	 0.36915979	 -0.14010558
0.19786772	 0.96947753	 0.14478196	 -0.26229385
-0.39241695	 -0.05700593	 0.91801929	 1.17935586
0.00000000	 0.00000000	 0.00000000	 1.00000000
44	45	74678
0.68186355	 0.37838361	 -0.62600935	 -0.53144825
-0.41598517	 0.90453786	 0.09363623	 0.63425022
0.60167956	 0.19656350	 0.77417344	 -1.51004624
0.00000000	 0.00000000	 0.00000000	 1.00000000
45	46	68438
0.99831098	 -0.03604444	 0.04556064	 -0.13627408
0.03553575	 0.99929726	 0.01192660	 0.11854575
-0.04595850	 -0.01028743	 0.99889034	 0.18078721
0.00000000	 0.00000000	 0.00000000	 1.00000000
46	47	57009
0.99940312	 0.02373825	 0.02510197	 -0.42305744
-0.02279594	 0.99904847	 -0.03718154	 -0.05508943
-0.02596071	 0.03658712	 0.99899310	 0.20740783
0.00000000	 0.00000000	 0.00000000	 1.00000000
47	48	38749
0.22578445	 0.56725717	 -0.79198527	 0.63315582
-0.56414467	 0.73892254	 0.36842096	 1.87701535
0.79420537	 0.36361057	 0.48685238	 -2.65457344
0.00000000	 0.00000000	 0.00000000	 1.00000000
48	49	56781
0.84419626	 0.26966986	 -0.46326110	 -0.94558406
-0.26831886	 0.96076041	 0.07031546	 0.83430558
0.46404493	 0.06494163	 0.88342792	 -1.38998497
0.00000000	 0.00000000	 0.00000000	 1.00000000
49	50	134547
0.83691162	 -0.33391905	 0.43367806	 0.33025515
0.32089075	 0.94122642	 0.10546101	 -0.97975874
-0.44340470	 0.05090172	 0.89487499	 1.33153462
0.00000000	 0.00000000	 0.00000000	 1.00000000
50	51	138897
0.66779381	 0.36795524	 -0.64703971	 -0.45942041
-0.41096628	 0.90703118	 0.09165768	 0.89181364
0.62061119	 0.20470312	 0.75692695	 -1.62640798
0.00000000	 0.00000000	 0.00000000	 1.00000000
51	52	96413
0.97751260	 0.14103255	 -0.15677725	 0.01372018
-0.14177334	 0.98987770	 0.00650443	 -0.04661069
0.15610760	 0.01586867	 0.98761261	 0.04465995
0.00000000	 0.00000000	 0.00000000	 1.00000000
52	53	65653
0.85967159	 0.26131764	 -0.43895087	 -0.25272983
-0.25784263	 0.96373725	 0.06875835	 0.42083025
0.44100118	 0.05407067	 0.89587629	 -0.59210491
0.00000000	 0.00000000	 0.00000000	 1.00000000
53	54	61983
0.99816048	 0.03691015	 -0.04809806	 -0.69220686
-0.03086103	 0.99217933	 0.12094513	 0.32233083
0.05218599	 -0.11923830	 0.99149305	 -0.02854352
0.00000000	 0.00000000	 0.00000000	 1.00000000
54	55	77249
0.98374897	 0.11253949	 -0.13990462	 -0.79131770
-0.10188098	 0.99147952	 0.08116494	 -0.01103743
0.14784689	 -0.06559227	 0.98683280	 0.12446278
0.00000000	 0.00000000	 0.00000000	 1.00000000
55	56	146181
0.86884594	 -0.31333661	 0.38331047	 0.74707222
0.36305419	 0.92963570	 -0.06300170	 -1.18102026
-0.33659837	 0.19390124	 0.92146820	 0.65793806
0.00000000	 0.00000000	 0.00000000	 1.00000000
56	57	144196
0.42448300	 -0.54498494	 0.72305304	 1.76206386
0.59263027	 0.77098012	 0.23319304	 -0.71515328
-0.68454623	 0.32951668	 0.65024257	 0.82325476
0.00000000	 0.00000000	 0.00000000	 1.00000000
57	58	136448
0.99469787	 -0.02091573	 0.10069106	 0.42501283
0.02275422	 0.99959409	 -0.01714485	 -0.31335741
-0.10029161	 0.01934508	 0.99477005	 0.38348532
0.00000000	 0.00000000	 0.00000000	 1.00000000
58	59	103584
0.98007607	 0.11875972	 -0.15920717	 -0.55194455
-0.13039856	 0.98934615	 -0.06473351	 0.03746635
0.14982328	 0.08420417	 0.98512065	 -0.42363417
0.00000000	 0.00000000	 0.00000000	 1.00000000
59	60	89181
0.71142966	 -0.38998795	 0.58461738	 0.87093568
0.37753657	 0.91374600	 0.15011400	 -0.76830906
-0.59273440	 0.11391892	 0.79730052	 1.56161046
0.00000000	 0.00000000	 0.00000000	 1.00000000
60	61	106519
0.84765524	 -0.34256136	 0.40513232	 0.84371346
0.32708842	 0.93864983	 0.10931458	 -0.90389723
-0.41772434	 0.03985303	 0.90769941	 1.15487289
0.00000000	 0.00000000	 0.00000000	 1.00000000
61	62	96466
0.96795052	 0.20600852	 -0.14363994	 0.05204324
-0.20848584	 0.97802275	 -0.00224815	 0.45901042
0.14001997	 0.03212298	 0.98962748	 -0.44741723
0.00000000	 0.00000000	 0.00000000	 1.00000000
62	63	91530
0.86959863	 0.26124832	 -0.41898406	 -0.14339092
-0.29044139	 0.95687282	 -0.00617224	 0.94835281
0.39930186	 0.12705766	 0.90797263	 -1.33311665
0.00000000	 0.00000000	 0.00000000	 1.00000000
63	64	104318
0.68242878	 0.16159910	 -0.71286517	 -0.21189421
-0.33691639	 0.93501931	 -0.11057233	 0.29570165
0.64867419	 0.31563368	 0.69252950	 -1.57473886
0.00000000	 0.00000000	 0.00000000	 1.00000000
64	65	67010
0.94523823	 0.22379795	 -0.23756918	 -0.18910718
-0.12771927	 0.92347509	 0.36177540	 0.57681602
0.30035388	 -0.31162173	 0.90148735	 0.31113654
0.00000000	 0.00000000	 0.00000000	 1.00000000
65	66	52888
0.95606738	 0.28037545	 -0.08558455	 -0.02029825
-0.22466198	 0.88833481	 0.40048495	 0.52682966
0.18831392	 -0.36366305	 0.91229773	 0.72370213
0.00000000	 0.00000000	 0.00000000	 1.00000000
66	67	51761
0.94915587	 0.19402649	 -0.24790497	 0.22084193
-0.25019991	 0.94286984	 -0.21999167	 0.55661494
0.19105792	 0.27083221	 0.94347590	 -0.92182058
0.00000000	 0.00000000	 0.00000000	 1.00000000
67	68	97424
0.94524884	 0.07852045	 -0.31676358	 0.24175456
-0.22108355	 0.86803734	 -0.44455963	 0.62990516
0.24005565	 0.49025071	 0.83787090	 -1.86207199
0.00000000	 0.00000000	 0.00000000	 1.00000000
68	69	105849
0.99571490	 0.04224587	 -0.08226200	 0.45459968
-0.03767956	 0.99770302	 0.05629259	 0.22613533
0.08445117	 -0.05295178	 0.99501967	 -0.21638621
0.00000000	 0.00000000	 0.00000000	 1.00000000
69	70	108058
0.98354357	 0.11986191	 -0.13518569	 -0.38158658
-0.08287990	 0.96419567	 0.25190789	 0.44606611
0.16053958	 -0.23655821	 0.95826256	 0.26425549
0.00000000	 0.00000000	 0.00000000	 1.00000000
70	71	72816
0.89595258	 -0.28216204	 0.34300679	 0.57683241
0.26644811	 0.95933419	 0.09318428	 -0.47854832
-0.35535115	 0.00790482	 0.93469936	 0.78377420
0.00000000	 0.00000000	 0.00000000	 1.00000000
71	72	71549
0.87657058	 -0.26583266	 0.40119433	 1.52877915
0.26979482	 0.96173209	 0.04777154	 -0.26955432
-0.39854071	 0.06636503	 0.91474646	 0.43446490
0.00000000	 0.00000000	 0.00000000	 1.00000000
72	73	48079
0.96143508	 0.16685203	 -0.21863925	 -0.13397552
-0.16710246	 0.98578459	 0.01748076	 -0.01239331
0.21844791	 0.01972855	 0.97564912	 -0.22284879
0.00000000	 0.00000000	 0.00000000	 1.00000000
73	74	39742
0.97844261	 -0.13913245	 0.15261786	 0.20267777
0.13149358	 0.98955363	 0.05910249	 -0.26044017
-0.15924661	 -0.03776013	 0.98651642	 0.45473155
0.00000000	 0.00000000	 0.00000000	 1.00000000
74	75	56012
0.79336256	 -0.36926705	 0.48396030	 0.81667972
0.41657200	 0.90903956	 0.01071513	 -0.72976100
-0.44389576	 0.19310333	 0.87502432	 0.52720851
0.00000000	 0.00000000	 0.00000000	 1.00000000
75	76	53890
0.98816347	 -0.03658061	 0.14897874	 0.04726567
0.03410636	 0.99923515	 0.01912992	 0.08637331
-0.14956455	 -0.01382237	 0.98865533	 0.30588493
0.00000000	 0.00000000	 0.00000000	 1.00000000
76	77	52320
0.75575876	 0.44033623	 -0.48469844	 -0.34857330
-0.43153325	 0.89161128	 0.13714439	 1.50657189
0.49255225	 0.10551539	 0.86386269	 -1.46420503
0.00000000	 0.00000000	 0.00000000	 1.00000000
77	78	27897
0.39909378	 0.49764562	 -0.77011234	 -0.87443823
-0.52655238	 0.81198752	 0.25183105	 1.41802955
0.75064433	 0.30500019	 0.58609569	 -2.35673904
0.00000000	 0.00000000	 0.00000000	 1.00000000
78	79	75171
0.99852896	 -0.03190690	 0.04383956	 -0.51201469
0.02836463	 0.99645710	 0.07917406	 -0.74601287
-0.04621043	 -0.07781411	 0.99589634	 1.18016636
0.00000000	 0.00000000	 0.00000000	 1.00000000
79	80	52204
0.63991189	 -0.46194062	 0.61410403	 1.38649929
0.56530291	 0.82430083	 0.03099472	 -1.32609355
-0.52052414	 0.32732090	 0.78861624	 0.54531538
0.00000000	 0.00000000	 0.00000000	 1.00000000
80	81	77091
0.91498965	 -0.04400599	 0.40107003	 0.19108169
0.21998768	 0.88769704	 -0.40447417	 -0.46772176
-0.33822948	 0.45832020	 0.82191449	 -0.42915109
0.00000000	 0.00000000	 0.00000000	 1.00000000
81	82	58536
0.99612039	 -0.03824552	 0.07925488	 0.38491070
-0.00038103	 0.89873755	 0.43848702	 0.57539088
-0.08799948	 -0.43681613	 0.89523613	 1.12625706
0.00000000	 0.00000000	 0.00000000	 1.00000000
82	83	55151
0.89183354	 0.32243508	 -0.31728306	 -0.12203842
-0.27201062	 0.94266170	 0.19338889	 0.59059274
0.36144590	 -0.08616635	 0.92840296	 -0.26433778
0.00000000	 0.00000000	 0.00000000	 1.00000000
83	84	73995
0.83318180	 0.22224686	 -0.50637394	 -0.64173275
-0.34332308	 0.92572981	 -0.15859820	 0.68438959
0.43351763	 0.30599099	 0.84760374	 -1.67349708
0.00000000	 0.00000000	 0.00000000	 1.00000000
84	85	93385
0.91971523	 0.15480098	 -0.36077744	 -0.21340610
-0.23831095	 0.95043391	 -0.19970798	 0.20811094
0.31198010	 0.26965171	 0.91101938	 -0.86655205
0.00000000	 0.00000000	 0.00000000	 1.00000000
85	86	51406
0.95247388	 -0.21761250	 0.21316314	 0.13189727
0.12493536	 0.91726798	 0.37816733	 0.15934163
-0.27782166	 -0.33356285	 0.90086126	 1.34236741
0.00000000	 0.00000000	 0.00000000	 1.00000000
86	87	64465
0.62220275	 0.42780030	 -0.65562999	 0.03336335
-0.46020007	 0.87737519	 0.13575275	 1.44257116
0.63330853	 0.21725523	 0.74277896	 -1.97869480
0.00000000	 0.00000000	 0.00000000	 1.00000000
87	88	98083
0.92751694	 0.24877454	 -0.27896884	 -0.27864417
-0.23321335	 0.96841651	 0.08821063	 0.47358647
0.29210261	 -0.01675760	 0.95624018	 -0.46703860
0.00000000	 0.00000000	 0.00000000	 1.00000000
88	89	93764
0.81274980	 0.22535177	 -0.53726566	 -0.75343561
-0.28575611	 0.95781577	 -0.03053014	 0.04858710
0.50772148	 0.17834036	 0.84286028	 -0.77417451
0.00000000	 0.00000000	 0.00000000	 1.00000000
89	90	54487
0.67519730	 0.41644815	 -0.60883456	 -0.21105683
-0.37101901	 0.90511250	 0.20764481	 0.66273457
0.63753706	 0.08568798	 0.76563966	 -0.74503511
0.00000000	 0.00000000	 0.00000000	 1.00000000
90	91	61337
0.97082019	 0.16108270	 -0.17765324	 -0.91309357
-0.15378460	 0.98661655	 0.05420480	 0.12052462
0.18400708	 -0.02530276	 0.98259908	 -0.04260753
0.00000000	 0.00000000	 0.00000000	 1.00000000
91	92	45746
0.85363382	 -0.24452297	 0.45991066	 0.56949425
0.35672334	 0.91784102	 -0.17411618	 -0.99662423
-0.37954944	 0.31269231	 0.87072712	 0.14202274
0.00000000	 0.00000000	 0.00000000	 1.00000000
92	93	39024
0.98847127	 -0.09036111	 0.12148842	 0.71549654
0.09978281	 0.99226588	 -0.07383566	 -0.33158153
-0.11387695	 0.08510688	 0.98984283	 0.10199337
0.00000000	 0.00000000	 0.00000000	 1.00000000
93	94	45226
0.90854859	 0.18314312	 -0.37549716	 0.51189774
-0.18275212	 0.98246276	 0.03699661	 0.29813913
0.37568769	 0.03500969	 0.92608482	 -0.69623774
0.00000000	 0.00000000	 0.00000000	 1.00000000
94	95	63659
0.99811924	 0.04674889	 -0.03965633	 -0.18977426
-0.05613645	 0.95693278	 -0.28483021	 0.05467374
0.02463294	 0.28652069	 0.95775753	 -0.68077844
0.00000000	 0.00000000	 0.00000000	 1.00000000
95	96	47060
0.74573344	 -0.31541449	 0.58685189	 0.87008113
0.06946167	 0.91284364	 0.40235737	 0.30925074
-0.66261351	 -0.25928763	 0.70264727	 1.54618013
0.00000000	 0.00000000	 0.00000000	 1.00000000
96	97	106657
0.99561548	 0.04375223	 0.08267713	 0.88574624
-0.06660460	 0.95218408	 0.29817683	 0.40818161
-0.06567794	 -0.30237609	 0.95092332	 0.94564122
0.00000000	 0.00000000	 0.00000000	 1.00000000
97	98	88867
0.68815935	 0.26524767	 -0.67533743	 0.70145762
-0.39988229	 0.91531008	 -0.04797430	 0.53420031
0.60541809	 0.30306941	 0.73594695	 -1.54902637
0.00000000	 0.00000000	 0.00000000	 1.00000000
98	99	69403
0.83005166	 0.07401112	 -0.55275381	 0.66528845
-0.28576314	 0.90759176	 -0.30759847	 0.32440192
0.47890911	 0.41327927	 0.77449751	 -1.59572172
0.00000000	 0.00000000	 0.00000000	 1.00000000
99	100	52329
0.99059093	 -0.02630371	 0.13430443	 0.05831245
0.01831320	 0.99800694	 0.06038816	 0.09299563
-0.13562517	 -0.05736041	 0.98909843	 0.61748481
0.00000000	 0.00000000	 0.00000000	 1.00000000
100	101	71558
0.63187343	 -0.37742496	 0.67696846	 1.27701068
0.07063702	 0.89783430	 0.43463090	 0.22767466
-0.77184612	 -0.22681274	 0.59397787	 1.64477766
0.00000000	 0.00000000	 0.00000000	 1.00000000
101	102	92945
0.94175583	 -0.14381465	 0.30399543	 0.40291232
0.11514957	 0.98720497	 0.11030351	 -0.42084441
-0.31596905	 -0.06887402	 0.94626617	 1.23438501
0.00000000	 0.00000000	 0.00000000	 1.00000000
102	103	78388
0.96605194	 -0.01155205	 -0.25808960	 0.06005914
-0.11642577	 0.87233853	 -0.47483754	 0.44605923
0.23062687	 0.48876598	 0.84137923	 -2.02685404
0.00000000	 0.00000000	 0.00000000	 1.00000000
103	104	96139
0.99930465	 -0.03368382	 -0.01598611	 0.05894110
0.03168628	 0.99320191	 -0.11200841	 -0.10309443
0.01965031	 0.11142398	 0.99357867	 -0.35010478
0.00000000	 0.00000000	 0.00000000	 1.00000000
104	105	98821
0.99824172	 0.02704890	 0.05274130	 0.15571901
-0.05490956	 0.75708830	 0.65100092	 0.97822332
-0.02232098	 -0.65275234	 0.75724262	 1.03481805
0.00000000	 0.00000000	 0.00000000	 1.00000000
105	106	83308
0.92896235	 0.19038039	 -0.31746575	 0.18386006
-0.15201505	 0.97815824	 0.14176622	 0.53840804
0.33752126	 -0.08343589	 0.93761271	 -0.49797028
0.00000000	 0.00000000	 0.00000000	 1.00000000
106	107	84149
0.86562711	 0.38907161	 -0.31513968	 -0.11971245
-0.39844936	 0.91644454	 0.03698042	 1.01067924
0.30319604	 0.09355596	 0.94832462	 -0.84002787
0.00000000	 0.00000000	 0.00000000	 1.00000000
107	108	74674
0.88053173	 0.34750524	 -0.32234225	 0.23990858
-0.27719733	 0.92918164	 0.24450597	 0.53599352
0.38448143	 -0.12594280	 0.91450125	 -0.28795582
0.00000000	 0.00000000	 0.00000000	 1.00000000
108	109	82395
0.95122945	 0.23610778	 -0.19853348	 0.13368386
-0.26608381	 0.95361310	 -0.14078909	 0.73771012
0.15608273	 0.18674928	 0.96992934	 -0.60540408
0.00000000	 0.00000000	 0.00000000	 1.00000000
109	110	87009
0.92449379	 -0.30018598	 0.23494600	 0.82220280
0.28734407	 0.95378089	 0.08795148	 -0.56615245
-0.25048882	 -0.01380026	 0.96802115	 0.39534217
0.00000000	 0.00000000	 0.00000000	 1.00000000
110	111	72856
0.99267882	 0.07882962	 -0.09151438	 -1.08960021
-0.07707430	 0.99676996	 0.02256477	 -0.37252703
0.09299757	 -0.01534616	 0.99554801	 0.28772780
0.00000000	 0.00000000	 0.00000000	 1.00000000
111	112	74495
0.55350399	 -0.64022464	 0.53267807	 1.37072754
0.62795401	 0.74095148	 0.23804301	 -0.54438955
-0.54708958	 0.20273951	 0.81215125	 0.69874686
0.00000000	 0.00000000	 0.00000000	 1.00000000
112	113	70593
0.29145822	 -0.61665028	 0.73129636	 3.01140571
0.74497402	 0.62587762	 0.23084846	 -0.61857510
-0.60005474	 0.47751412	 0.64180559	 0.00560078
0.00000000	 0.00000000	 0.00000000	 1.00000000
113	114	62137
0.93577558	 -0.17157546	 0.30803511	 0.70809388
0.20205677	 0.97689068	 -0.06969758	 -0.69183129
-0.28895822	 0.12746185	 0.94881850	 0.42935064
0.00000000	 0.00000000	 0.00000000	 1.00000000
114	115	81209
0.69318831	 -0.38136292	 0.61159837	 1.07993972
0.42884776	 0.90023434	 0.07528466	 -1.03858161
-0.57929260	 0.21009608	 0.78757834	 1.17695737
0.00000000	 0.00000000	 0.00000000	 1.00000000
115	116	168154
0.66353124	 -0.44237059	 0.60335267	 1.10938370
0.41838732	 0.88797319	 0.19093344	 -0.89629716
-0.62022436	 0.12574473	 0.77428037	 1.48044610
0.00000000	 0.00000000	 0.00000000	 1.00000000
116	117	142694
0.99433309	 -0.01493552	 -0.10525466	 -0.51654422
0.03889447	 0.97254789	 0.22942981	 -0.18907323
0.09893855	 -0.23222351	 0.96761739	 0.76609576
0.00000000	 0.00000000	 0.00000000	 1.00000000
117	118	98446
0.87846899	 -0.22873503	 0.41949075	 0.59954429
0.34932917	 0.90645921	 -0.23727785	 -1.38695776
-0.32597750	 0.35498160	 0.87620014	 0.39877051
0.00000000	 0.00000000	 0.00000000	 1.00000000
118	119	93451
0.99425572	 -0.07516739	 0.07619299	 -0.37369001
0.06654245	 0.99169880	 0.11002587	 -0.34503314
-0.08383084	 -0.10432377	 0.99100393	 0.84382707
0.00000000	 0.00000000	 0.00000000	 1.00000000
119	120	107905
0.97671217	 0.04197171	 -0.21040897	 0.04034608
-0.14465293	 0.85309583	 -0.50130171	 0.31550905
0.15845844	 0.52006364	 0.83930010	 -1.71877587
0.00000000	 0.00000000	 0.00000000	 1.00000000
120	121	105942
0.89740616	 -0.19994271	 0.39330018	 0.76591438
0.07550342	 0.94786763	 0.30959049	 0.29364231
-0.43469691	 -0.24813290	 0.86571866	 1.27296269
0.00000000	 0.00000000	 0.00000000	 1.00000000
121	122	85523
0.95552266	 -0.17076255	 0.24045093	 0.46956399
0.10247401	 0.95675558	 0.27224591	 0.27745581
-0.27654219	 -0.23549718	 0.93170041	 1.12991798
0.00000000	 0.00000000	 0.00000000	 1.00000000
122	123	59308
0.51677847	 0.49940160	 -0.69536918	 0.66799796
-0.52221513	 0.82750857	 0.20620649	 1.14466357
0.67840362	 0.25656909	 0.68843365	 -1.52386391
0.00000000	 0.00000000	 0.00000000	 1.00000000
123	124	106844
0.73466128	 0.37860522	 -0.56296623	 0.21816175
-0.43911690	 0.89790124	 0.03081520	 0.60525429
0.51715481	 0.22456926	 0.82590514	 -1.68084371
0.00000000	 0.00000000	 0.00000000	 1.00000000
124	125	95322
0.93026257	 -0.08442441	 0.35704947	 0.88531220
0.19231090	 0.94096869	 -0.27855775	 -0.44905224
-0.31245527	 0.32779637	 0.89158344	 -0.36404330
0.00000000	 0.00000000	 0.00000000	 1.00000000
125	126	103991
0.99961364	 -0.00590956	 -0.02715505	 0.25171554
-0.00916452	 0.85237300	 -0.52285409	 -0.07586262
0.02623608	 0.52290094	 0.85198957	 -1.27667224
0.00000000	 0.00000000	 0.00000000	 1.00000000
126	127	168476
0.94553834	 -0.00759223	 -0.32542214	 0.40024114
0.03416299	 0.99652129	 0.07601386	 -0.01699891
0.32371297	 -0.08299141	 0.94250852	 -0.18075536
0.00000000	 0.00000000	 0.00000000	 1.00000000
127	128	102925
0.80171669	 0.01567233	 0.59749871	 -0.22792056
-0.06676862	 0.99574769	 0.06347097	 0.32732391
-0.59396327	 -0.09077990	 0.79935384	 1.65809941
0.00000000	 0.00000000	 0.00000000	 1.00000000
128	129	90593
0.85990387	 0.12160872	 0.49575892	 -0.71276850
-0.05118738	 0.98685491	 -0.15328810	 0.07398921
-0.50788331	 0.10643639	 0.85482508	 1.10949111
0.00000000	 0.00000000	 0.00000000	 1.00000000
129	130	56106
0.83423996	 -0.23047610	 0.50092357	 1.18952155
-0.08324414	 0.84540069	 0.52760577	 0.93669719
-0.54508179	 -0.48184887	 0.68608135	 1.46956336
0.00000000	 0.00000000	 0.00000000	 1.00000000
130	131	64958
0.89594567	 0.35054937	 -0.27275726	 0.03770413
-0.25005290	 0.90561676	 0.34253725	 0.90868241
0.36708972	 -0.23869100	 0.89903921	 0.11356387
0.00000000	 0.00000000	 0.00000000	 1.00000000
131	132	81361
0.69674659	 0.47366342	 -0.53868985	 0.43436101
-0.37749532	 0.88069665	 0.28612980	 0.81187987
0.60995197	 0.00399297	 0.79242849	 -0.93651962
0.00000000	 0.00000000	 0.00000000	 1.00000000
132	133	129528
0.97880667	 0.13781177	 -0.15147825	 0.21542798
-0.17636050	 0.94322729	 -0.28145939	 -0.06131583
0.10409001	 0.30220917	 0.94754165	 -1.08371794
0.00000000	 0.00000000	 0.00000000	 1.00000000
133	134	101216
0.91405267	 -0.14250080	 0.37973857	 0.66141558
0.17632991	 0.98275691	 -0.05564665	 -0.31447157
-0.36526108	 0.11782324	 0.92341870	 0.46528909
0.00000000	 0.00000000	 0.00000000	 1.00000000
134	135	32796
0.48752484	 -0.55495423	 0.67405140	 2.26459861
0.38036907	 0.82989800	 0.40815288	 -0.34412035
-0.78590006	 0.05740362	 0.61568338	 1.89532495
0.00000000	 0.00000000	 0.00000000	 1.00000000
135	136	66785
0.97454971	 -0.18417302	 0.12780079	 0.51560318
0.17907484	 0.98254377	 0.05039665	 -0.01331180
-0.13485157	 -0.02622812	 0.99051851	 0.06320322
0.00000000	 0.00000000	 0.00000000	 1.00000000
136	137	62613
0.91907746	 0.10935353	 -0.37860090	 -0.09576242
-0.32008624	 0.76756388	 -0.55532920	 0.56583476
0.22987314	 0.63157541	 0.74045312	 -2.03477049
0.00000000	 0.00000000	 0.00000000	 1.00000000
137	138	59278
0.95552856	 -0.01853402	 0.29431558	 0.29103637
0.03390788	 0.99830890	 -0.04721895	 -0.05281088
-0.29294273	 0.05509866	 0.95454109	 0.59190798
0.00000000	 0.00000000	 0.00000000	 1.00000000
138	139	49787
0.93974656	 -0.27247167	 0.20648398	 0.66492915
0.05921455	 0.72457945	 0.68664277	 0.99646628
-0.33670470	 -0.63304317	 0.69705528	 1.61149251
0.00000000	 0.00000000	 0.00000000	 1.00000000
139	140	81145
0.83876532	 0.40900132	 -0.35943094	 0.26868793
-0.40559646	 0.90973765	 0.08870594	 0.99851459
0.36326879	 0.07138048	 0.92894602	 -0.99890846
0.00000000	 0.00000000	 0.00000000	 1.00000000
140	141	112488
0.91439706	 0.21183598	 -0.34496906	 0.21072194
-0.26653519	 0.95642847	 -0.11917874	 0.19879538
0.30469188	 0.20092307	 0.93101704	 -1.01839042
0.00000000	 0.00000000	 0.00000000	 1.00000000
141	142	90662
0.99906594	 -0.03554005	 0.02457793	 0.37140527
0.03176757	 0.98967457	 0.13976711	 0.20566802
-0.02929149	 -0.13885580	 0.98987931	 0.29409757
0.00000000	 0.00000000	 0.00000000	 1.00000000
142	143	90719
0.61175621	 0.56875569	 -0.54979169	 -0.31454343
-0.49216160	 0.81777847	 0.29835477	 1.40896022
0.61929888	 0.08806604	 0.78020084	 -1.33824134
0.00000000	 0.00000000	 0.00000000	 1.00000000
143	144	77957
0.58421212	 0.55774379	 -0.58959174	 -0.92808700
-0.53276563	 0.81156892	 0.23982586	 1.14484370
0.61225569	 0.17400505	 0.77127510	 -1.26685023
0.00000000	 0.00000000	 0.00000000	 1.00000000
144	145	131225
0.81913602	 0.31177929	 -0.48146641	 0.05094397
-0.35498953	 0.93486905	 0.00142941	 0.42760411
0.45055380	 0.16974463	 0.87646341	 -0.87603271
0.00000000	 0.00000000	 0.00000000	 1.00000000
145	146	125858
0.83563137	 0.35111395	 -0.42242047	 0.04988109
-0.26772425	 0.93184304	 0.24493217	 0.53883928
0.47962877	 -0.09158082	 0.87267923	 -0.56087500
0.00000000	 0.00000000	 0.00000000	 1.00000000
146	147	90851
0.99925816	 0.03374130	 -0.01856341	 0.64931881
-0.03366241	 0.99942309	 0.00454577	 -0.25931147
0.01870606	 -0.00391750	 0.99981737	 0.20143305
0.00000000	 0.00000000	 0.00000000	 1.00000000
147	148	102079
0.68410367	 -0.38301721	 0.62072527	 1.93104446
0.48424923	 0.87490833	 0.00616738	 -1.01491630
-0.54544008	 0.29636663	 0.78400373	 0.61260909
0.00000000	 0.00000000	 0.00000000	 1.00000000
148	149	122522
0.65706193	 -0.29351926	 0.69434583	 1.25169516
0.44538170	 0.89428693	 -0.04342643	 -0.54519367
-0.60819793	 0.33778280	 0.71833003	 0.10723004
0.00000000	 0.00000000	 0.00000000	 1.00000000
149	150	141893
0.96769142	 -0.00895137	 0.25197849	 0.44474888
0.07761180	 0.96142119	 -0.26390454	 -0.57161582
-0.23989514	 0.27493468	 0.93105382	 0.14864460
0.00000000	 0.00000000	 0.00000000	 1.00000000
150	151	67718
0.96684885	 0.07813669	 -0.24310026	 -0.66031033
-0.02858702	 0.97916859	 0.20102672	 0.17559871
0.25374374	 -0.18741298	 0.94894177	 0.43160021
0.00000000	 0.00000000	 0.00000000	 1.00000000
151	152	40162
0.91264272	 0.20527740	 -0.35347477	 -0.25365674
-0.20075908	 0.97837216	 0.04983764	 0.34357843
0.35606045	 0.02547931	 0.93411559	 -0.45319965
0.00000000	 0.00000000	 0.00000000	 1.00000000
152	153	42267
0.99125391	 0.04168766	 -0.12521146	 -0.09862883
-0.01980999	 0.98504907	 0.17113182	 0.08931275
0.13047349	 -0.16715463	 0.97725952	 0.22692649
0.00000000	 0.00000000	 0.00000000	 1.00000000
153	154	30201
0.99950510	 0.00927895	 0.03006047	 0.16528928
0.00002410	 0.95528829	 -0.29567617	 -0.13598241
-0.03145998	 0.29553047	 0.95481509	 -0.56172478
0.00000000	 0.00000000	 0.00000000	 1.00000000
154	155	53205
0.97815323	 0.02223333	 0.20669270	 -0.40687469
0.05211223	 0.93629360	 -0.34733051	 -0.16348471
-0.20124736	 0.35051391	 0.91468012	 -0.66155249
0.00000000	 0.00000000	 0.00000000	 1.00000000
155	156	48194
0.99562603	 0.03621307	 -0.08612426	 -0.32880434
0.02266444	 0.80067372	 0.59867185	 0.88825035
0.09063718	 -0.59800518	 0.79635090	 0.87117797
0.00000000	 0.00000000	 0.00000000	 1.00000000
156	157	70459
0.44276083	 0.45844316	 -0.77057946	 0.24219261
-0.45694885	 0.85480070	 0.24599473	 1.10911679
0.77146649	 0.24319863	 0.58795744	 -1.98141682
0.00000000	 0.00000000	 0.00000000	 1.00000000
157	158	51626
0.97476876	 0.02609246	 0.22168697	 -0.11448425
0.03919340	 0.95770878	 -0.28505722	 -0.40220574
-0.21974936	 0.28655359	 0.93252206	 0.00873215
0.00000000	 0.00000000	 0.00000000	 1.00000000
158	159	55592
0.89856339	 -0.09416469	 0.42862228	 -0.23576878
0.17517664	 0.97248244	 -0.15359396	 -0.43165797
-0.40236452	 0.21309851	 0.89033240	 0.61531997
0.00000000	 0.00000000	 0.00000000	 1.00000000
159	160	42177
0.83737940	 -0.03299477	 0.54562533	 -0.15069053
0.05207960	 0.99845159	 -0.01954950	 -0.17083733
-0.54413533	 0.04478629	 0.83780122	 1.28356206
0.00000000	 0.00000000	 0.00000000	 1.00000000
160	161	68067
0.98944056	 -0.05842168	 0.13264337	 -0.11925149
-0.00849766	 0.89020908	 0.45547277	 0.69865650
-0.14468983	 -0.45179042	 0.88031262	 1.03673363
0.00000000	 0.00000000	 0.00000000	 1.00000000
161	162	85852
0.96397680	 0.14082848	 -0.22564596	 0.39742574
-0.10420027	 0.98047370	 0.16677445	 0.31142744
0.24472649	 -0.13725431	 0.95982820	 -0.12608615
0.00000000	 0.00000000	 0.00000000	 1.00000000
162	163	66857
0.88950413	 0.20401821	 -0.40885076	 0.12844405
-0.32044265	 0.91639239	 -0.23987813	 0.44699377
0.32572821	 0.34438583	 0.88051093	 -1.42513621
0.00000000	 0.00000000	 0.00000000	 1.00000000
163	164	69598
0.98421973	 0.08079078	 -0.15742993	 -0.41275260
-0.10369240	 0.98425275	 -0.14315936	 0.03055994
0.14338487	 0.15722455	 0.97709835	 -0.39480650
0.00000000	 0.00000000	 0.00000000	 1.00000000
164	165	58275
0.96232170	 -0.11751933	 0.24520667	 -0.19391480
0.09533571	 0.99035925	 0.10049780	 -0.20665163
-0.25465313	 -0.07333426	 0.96424782	 1.11517072
0.00000000	 0.00000000	 0.00000000	 1.00000000
165	166	92283
0.93375784	 -0.27677032	 0.22692344	 0.49664015
0.16624863	 0.89689064	 0.40981543	 0.11568263
-0.31695023	 -0.34494269	 0.88349134	 1.39768505
0.00000000	 0.00000000	 0.00000000	 1.00000000
166	167	28653
0.99959880	 0.02516150	 -0.01300783	 -0.26846641
-0.02772013	 0.77459997	 -0.63184357	 -0.01889215
-0.00582226	 0.63195080	 0.77498662	 -1.44253004
0.00000000	 0.00000000	 0.00000000	 1.00000000
167	168	48188
0.83259875	 0.02190479	 -0.55344349	 0.25603342
-0.06705302	 0.99585468	 -0.06145936	 0.17942028
0.54980296	 0.08828103	 0.83061606	 -1.43442523
0.00000000	 0.00000000	 0.00000000	 1.00000000
168	169	46541
0.89957947	 0.16622151	 -0.40389010	 -0.00503776
0.01935030	 0.90867132	 0.41706356	 0.43132836
0.43632829	 -0.38299724	 0.81420565	 0.04086899
0.00000000	 0.00000000	 0.00000000	 1.00000000
169	170	59598
0.90575308	 0.23756561	 -0.35096213	 -0.47121245
-0.15851015	 0.95791203	 0.23933053	 0.73269814
0.39304754	 -0.16114326	 0.90528810	 -0.84964842
0.00000000	 0.00000000	 0.00000000	 1.00000000
170	171	53204
0.94942832	 0.26319161	 -0.17121941	 -0.64361775
-0.25906745	 0.96474361	 0.04641084	 0.00478622
0.17739777	 0.00029361	 0.98413920	 -0.35694748
0.00000000	 0.00000000	 0.00000000	 1.00000000
171	172	53097
0.80264980	 -0.31824237	 0.50445515	 1.61098552
0.42643222	 0.89752209	 -0.11229162	 -0.56455731
-0.41702381	 0.30524683	 0.85610485	 -0.00560463
0.00000000	 0.00000000	 0.00000000	 1.00000000
172	173	59831
0.98537242	 -0.13366492	 -0.10571145	 0.23210844
0.03698016	 0.77325177	 -0.63301969	 0.15974838
0.16635412	 0.61985087	 0.76688409	 -1.87997234
0.00000000	 0.00000000	 0.00000000	 1.00000000
173	174	52987
0.90062010	 -0.08261252	 -0.42668343	 -0.01954856
0.04043544	 0.99343693	 -0.10699585	 -0.10476830
0.43272227	 0.07910945	 0.89804953	 -1.03729379
0.00000000	 0.00000000	 0.00000000	 1.00000000
174	175	52230
0.93238866	 0.00365777	 -0.36143902	 -0.15949884
0.09368195	 0.96333468	 0.25141630	 0.13936092
0.34910625	 -0.26827800	 0.89785951	 -0.16951190
0.00000000	 0.00000000	 0.00000000	 1.00000000
175	176	92762
0.97986466	 0.05495309	 -0.19195220	 -0.03112599
0.02507582	 0.91989672	 0.39135823	 0.62354344
0.19808254	 -0.38829145	 0.89999622	 0.22564188
0.00000000	 0.00000000	 0.00000000	 1.00000000
176	177	67293
0.99587756	 -0.08537015	 0.03065679	 0.34053057
0.07246014	 0.95203429	 0.29728803	 0.11050463
-0.05456584	 -0.29384100	 0.95429558	 0.77704400
0.00000000	 0.00000000	 0.00000000	 1.00000000
177	178	55922
0.78752327	 -0.31404784	 0.53026479	 1.38124466
0.31183401	 0.94520545	 0.09667482	 -0.54984373
-0.53156984	 0.08922093	 0.84230226	 0.58174437
0.00000000	 0.00000000	 0.00000000	 1.00000000
178	179	94249
0.95880264	 -0.01834217	 -0.28348053	 -0.16553809
-0.16760352	 0.76919162	 -0.61664671	 0.60638320
0.22936152	 0.63875479	 0.73442882	 -2.22212100
0.00000000	 0.00000000	 0.00000000	 1.00000000
179	180	81979
0.95853025	 0.16438261	 -0.23280478	 -0.35696754
0.04224626	 0.72590292	 0.68649840	 1.23615706
0.28184205	 -0.66786474	 0.68885547	 0.51527447
0.00000000	 0.00000000	 0.00000000	 1.00000000
180	181	106268
0.95709115	 0.17794178	 -0.22872131	 -0.81666976
-0.14100540	 0.97549790	 0.16888174	 0.22191149
0.25316828	 -0.12938428	 0.95873111	 -0.02240539
0.00000000	 0.00000000	 0.00000000	 1.00000000
181	182	106706
0.99198753	 0.09141594	 -0.08720095	 -0.45306113
-0.09938333	 0.99079776	 -0.09188329	 -0.51087594
0.07799892	 0.09981339	 0.99194425	 0.26480171
0.00000000	 0.00000000	 0.00000000	 1.00000000
182	183	70635
0.65415657	 -0.61073041	 0.44619220	 1.55910838
0.58661067	 0.78205472	 0.21042377	 -1.18713403
-0.47745892	 0.12409099	 0.86984724	 1.31961274
0.00000000	 0.00000000	 0.00000000	 1.00000000
183	184	97882
0.60223895	 -0.38260415	 0.70065862	 1.89032805
0.54036850	 0.84141350	 -0.00499933	 -0.60634428
-0.58763081	 0.38162473	 0.71347946	 0.00969016
0.00000000	 0.00000000	 0.00000000	 1.00000000
184	185	96474
0.99073660	 0.01469659	 0.13499862	 0.04129267
0.07171697	 0.78755438	 -0.61205810	 -0.12591447
-0.11531392	 0.61606997	 0.77920491	 -0.95347404
0.00000000	 0.00000000	 0.00000000	 1.00000000
185	186	124261
0.97837263	 -0.08275171	 0.18957645	 0.30158752
0.00425106	 0.92434102	 0.38154358	 0.25398827
-0.20680670	 -0.37248591	 0.90470177	 0.84255099
0.00000000	 0.00000000	 0.00000000	 1.00000000
186	187	70702
0.79884237	 -0.38868758	 0.45909959	 1.53677917
0.27464357	 0.91468561	 0.29651502	 -0.04047601
-0.53518355	 -0.11078000	 0.83744043	 1.04118574
0.00000000	 0.00000000	 0.00000000	 1.00000000
187	188	104942
0.84002537	 -0.25521156	 0.47877362	 1.63335121
0.32279861	 0.94437104	 -0.06296226	 -0.69308120
-0.43607131	 0.20743743	 0.87567782	 0.35465750
0.00000000	 0.00000000	 0.00000000	 1.00000000
188	189	86346
0.97048235	 -0.06335606	 0.23270106	 0.96886414
0.05961069	 0.99795455	 0.02309969	 -0.09391773
-0.23368858	 -0.00854637	 0.97227395	 0.62565994
0.00000000	 0.00000000	 0.00000000	 1.00000000
189	190	97096
0.98235989	 0.10182814	 -0.15684444	 0.31381783
-0.08598991	 0.99078280	 0.10466762	 -0.32037583
0.16605689	 -0.08933420	 0.98206133	 0.27570826
0.00000000	 0.00000000	 0.00000000	 1.00000000
190	191	86045
0.76619625	 -0.36548409	 0.52854961	 1.14120436
