6	10	1
0.9936454982278662	0.0033476999451977673	0.11250609767037661	0.058646129363213034
-0.06572778301261202	0.8286835864698945	0.5558446863838401	0.18907372113859774
-0.09137118192805846	-0.559707329367096	0.8236376484492575	0.0010440107588543684
0.0	0.0	0.0	1.0
6	11	2
0.9741609057998339	-0.03133464650688357	0.22367136672332713	0.1088379405035596
-0.12530171198910114	0.7489653208106741	0.6506537305399992	0.20990672524571957
-0.1879100978243147	-0.6618678190514455	0.7256863964677241	-0.011281710279508625
0.0	0.0	0.0	1.0
7	10	3
0.9941202531833968	-0.008550240514283075	0.10794411356233993	0.06200368577777197
-0.035357620102519985	0.91660278541207	0.39823258447783055	0.1286952215711167
-0.1023469352490631	-0.3997077595436464	0.9109109170171202	0.009921555808105064
0.0	0.0	0.0	1.0
7	11	4
0.9744374378059394	-0.02209103310882632	0.22357051221577715	0.11110022149456188
-0.09664815392590141	0.8571385940819054	0.5059372244944345	0.15107241363597007
-0.20280762803097555	-0.5146118977528402	0.833092775070675	0.005121123192483395
0.0	0.0	0.0	1.0
10	13	5
0.9254382264297906	0.10042096025503726	0.36534875906455067	0.11645924714609933
-0.12444723816305828	0.9913046495166066	0.04275498961392636	-0.017307501559803633
-0.3578783179681892	-0.08503376429695335	0.9298883200983441	0.00040886986572083613
0.0	0.0	0.0	1.0
11	13	6
0.9636291767444571	0.10113459495243045	0.2473672344336721	0.06678349126323192
-0.08472705393963731	0.9934919895680168	-0.07612556277051251	-0.03730951492153437
-0.25345622449603833	0.05239810101322697	0.9659266783766775	-0.008201900795669069
0.0	0.0	0.0	1.0
12	14	7
0.9688248807345387	0.11218770912308258	0.2208896170057025	0.04641208431299932
-0.0636941568891505	0.9744169468818608	-0.21553347515187926	-0.0646880099266536
-0.2394187678522126	0.19474480431318933	0.9511850276001086	-0.0426364117644858
0.0	0.0	0.0	1.0
18	25	8
0.7219703824702517	0.1533168562323638	-0.6747241845624792	0.18485395852080733
-0.5021268159525474	0.7870051976788387	-0.35845688938634096	0.15229759885482805
0.4760539770920184	0.5975923577104599	0.6451790101133383	-0.3820021897431134
0.0	0.0	0.0	1.0
19	25	9
0.6830538439101654	0.21288617081342792	-0.6986537058505111	0.18997424807853047
-0.5235638320750999	0.8096740344076746	-0.2651583458074928	0.12747412437709518
0.5092332385548547	0.5469072837942309	0.6645104055535677	-0.3178238698386995
0.0	0.0	0.0	1.0
19	26	10
0.5436181364157383	0.21296052182834352	-0.811866491430524	0.26333030412448505
-0.5820722030908457	0.7925398775275191	-0.1818590371230168	0.12893319534250863
0.6047078351439411	0.5714267809772035	0.5547973506967617	-0.3088109709555415
0.0	0.0	0.0	1.0
20	25	11
0.6861303711007726	0.27802209004806067	-0.6722565948817595	0.18868169998188344
-0.5210988601535175	0.8326463640756108	-0.18749937256348542	0.10853930771338313
0.5076230051896631	0.4789611676328823	0.716180951002707	-0.2556242512464826
0.0	0.0	0.0	1.0
20	26	12
0.5471345459677848	0.28934730283179677	-0.7854438491560133	0.25101343051771613
-0.5799596496676348	0.8076584551727303	-0.10646483653921335	0.11123774274932346
0.6035650579000067	0.5137762933455957	0.6097075317699358	-0.24745824958784896
0.0	0.0	0.0	1.0
21	25	13
0.6973404892394819	0.3098291288238172	-0.6463142828200314	0.16680535106053687
-0.48225032774301757	0.8699213886190955	-0.10330219880114741	0.10121077402236722
0.5302366075828973	0.3837221271597903	0.7560465900362967	-0.21172363235306887
0.0	0.0	0.0	1.0
21	26	14
0.5588624603157766	0.3384072616607091	-0.7570688662102996	0.22231641183807813
-0.5420933161200506	0.8399548992915987	-0.024712064904860644	0.10688613522330194
0.6275410290785154	0.4242126256358849	0.6528674922662984	-0.20724517794779448
0.0	0.0	0.0	1.0
22	25	15
0.7884966883278117	0.2999031025221103	-0.5369647325144729	0.1177725019247863
-0.40596075334607146	0.9096360619508498	-0.08808036187853545	0.08797477563891426
0.46202686797278447	0.28743777355715366	0.8389938954596389	-0.1610340529761922
0.0	0.0	0.0	1.0
22	26	16
0.6663844637437418	0.3468116047978974	-0.6600405196690403	0.16529944446512088
-0.476594928841025	0.8789098893461308	-0.019361377248221366	0.09953322332730509
0.5734013880962227	0.32747413824128574	0.7509804674193886	-0.16430515696870404
0.0	0.0	0.0	1.0
22	27	17
0.5177834925139315	0.36968646290775065	-0.7715128953179428	0.18947724494606996
-0.45013867511530603	0.884615507440019	0.12178147035100652	0.09816951542936832
0.72751310784219	0.284231415423458	0.624449496811685	-0.14938771207615362
0.0	0.0	0.0	1.0
25	37	18
0.9988967890395503	-0.045786722849929885	0.01042326527451675	0.3456417705696487
0.03236557105583901	0.8321310448681154	0.5536338870566406	0.2816050909672572
-0.03402249712989242	-0.552685858899519	0.8326950243941114	-0.5015299609432863
0.0	0.0	0.0	1.0
25	38	19
0.9997224552202536	-0.02165072243724709	-0.009290151713496921	0.4086752959112269
0.023546643436487675	0.9050655133697015	0.42461992205376237	0.3259314368828641
-0.0007850898730320748	-0.4247208746679001	0.9053241063319896	-0.5080869665059068
0.0	0.0	0.0	1.0
25	40	20
0.9740895562367017	0.16045090119386093	-0.15938948188522806	0.5343698225641836
-0.1392947512984154	0.9808533015737732	0.13610188524237102	0.41573398715403775
0.17817542318887178	-0.11037340246044838	0.9777889336890134	-0.4879352676326353
0.0	0.0	0.0	1.0
43	46	21
0.934284727981452	0.22273678344331713	-0.2783891479004768	0.11801346127089477
-0.05039048290788369	0.8554915950090434	0.51535899596808	0.15992834770083644
0.3529490575017396	-0.46746392628977457	0.8104964280800113	0.04559450748941051
0.0	0.0	0.0	1.0
44	46	22
0.9851013594048388	0.08407539834054158	-0.15002223693359887	0.1154586628689752
-0.034392529812469645	0.9510403492640065	0.3071474330349204	0.10525316539231308
0.16850077204357586	-0.29741174846779544	0.9397626150609106	0.04598912940601118
0.0	0.0	0.0	1.0
45	46	23
0.9967489775651146	0.0432895467379303	-0.0679522364485134	0.07159159003236969
-0.03247025559377053	0.9877022361743019	0.1529380585810642	0.05247764797855133
0.07373725708027387	-0.15023446598306062	0.9858967317461973	0.02091333916413773
0.0	0.0	0.0	1.0
45	47	24
0.9972606160884095	0.05642547142101237	-0.047827051923482855	0.15892080913121104
-0.038673140641299515	0.9489219847361161	0.31313180706897525	0.09949433102993747
0.06305277807918175	-0.3104244493397654	0.9485045864764599	0.03823441097342164
0.0	0.0	0.0	1.0
45	48	25
0.999013742471536	0.025279529774530622	0.036502178854085916	0.2549264629276866
-0.03858801600503917	0.9009891982803074	0.43212181979640146	0.13810560336502042
-0.021964176328583638	-0.4331043069416212	0.9010760942913291	0.041409991672544715
0.0	0.0	0.0	1.0
45	49	26
0.9859428823017286	-0.02513265700556531	0.16518168841441558	0.33132282580652994
-0.049344390230773826	0.9007260689757871	0.43157568399319746	0.1383983914768471
-0.15963013448147412	-0.43365985793126954	0.886824257597097	0.006661813649333526
0.0	0.0	0.0	1.0
46	47	27
0.999711070849621	0.01603567556244719	0.017905613728188288	0.08613391984066275
-0.01874703270340222	0.986397798927901	0.1633032494470063	0.04565740638201902
-0.015043413459182408	-0.16359174756141528	0.9864134100916865	0.027267103711217287
0.0	0.0	0.0	1.0
46	48	28
0.9943798386348008	-0.0018870102083911441	0.10585399574414305	0.1816224872613613
-0.02882281878595174	0.9572498249603059	0.2878225536766494	0.08391552140857551
-0.10187185490509608	-0.2892560085716492	0.9518156375680109	0.04397698972898165
0.0	0.0	0.0	1.0
46	49	29
0.9704250826810673	-0.03157482180957472	0.239328549774186	0.25850035404090305
-0.03951850314526305	0.9572556688119744	0.286530506363703	0.08500074487884163
-0.2381458596117851	-0.28751432766122803	0.9276971588112767	0.019397883974619667
0.0	0.0	0.0	1.0
