6	10	1
0.993645498227866	0.003347699945197841	0.11250609767037648	0.058646129363213034
-0.06572778301261205	0.8286835864698944	0.5558446863838401	0.18907372113859763
-0.09137118192805846	-0.559707329367096	0.8236376484492575	0.0010440107588542574
0.0	0.0	0.0	1.0
6	11	2
0.9741609057998344	-0.03133464650688366	0.2236713667233273	0.10883794050356005
-0.12530171198910112	0.7489653208106744	0.6506537305399994	0.2099067252457198
-0.18791009782431464	-0.6618678190514455	0.7256863964677243	-0.011281710279508514
0.0	0.0	0.0	1.0
7	10	3
0.9941202531833965	-0.008550240514282992	0.1079441135623399	0.06200368577777219
-0.03535762010252001	0.9166027854120699	0.39823258447783055	0.1286952215711166
-0.1023469352490631	-0.3997077595436464	0.9109109170171202	0.009921555808104953
0.0	0.0	0.0	1.0
7	11	4
0.9744374378059397	-0.02209103310882638	0.22357051221577728	0.1111002214945621
-0.09664815392590137	0.8571385940819056	0.5059372244944347	0.15107241363597018
-0.20280762803097543	-0.5146118977528402	0.833092775070675	0.005121123192483506
0.0	0.0	0.0	1.0
10	13	5
0.9254382264297906	0.10042096025503724	0.36534875906455067	0.11645924714609933
-0.12444723816305829	0.9913046495166068	0.04275498961392632	-0.017307501559803633
-0.3578783179681891	-0.08503376429695343	0.9298883200983441	0.00040886986572089164
0.0	0.0	0.0	1.0
11	13	6
0.9636291767444571	0.10113459495243046	0.24736723443367206	0.06678349126323192
-0.08472705393963732	0.993491989568017	-0.07612556277051258	-0.03730951492153415
-0.2534562244960382	0.05239810101322687	0.9659266783766773	-0.008201900795669041
0.0	0.0	0.0	1.0
12	14	7
0.9688248807345384	0.11218770912308254	0.22088961700570245	0.0464120843129991
-0.06369415688915062	0.9744169468818606	-0.21553347515187915	-0.06468800992665383
-0.23941876785221258	0.19474480431318944	0.9511850276001087	-0.04263641176448569
0.0	0.0	0.0	1.0
18	25	8
0.7219703824702517	0.15331685623236385	-0.6747241845624793	0.18485395852080821
-0.5021268159525474	0.7870051976788388	-0.3584568893863409	0.15229759885482783
0.47605397709201847	0.59759235771046	0.6451790101133382	-0.3820021897431134
0.0	0.0	0.0	1.0
19	25	9
0.6830538439101653	0.212886170813428	-0.6986537058505112	0.18997424807853114
-0.5235638320750999	0.8096740344076747	-0.2651583458074928	0.12747412437709502
0.5092332385548547	0.546907283794231	0.6645104055535676	-0.3178238698386995
0.0	0.0	0.0	1.0
19	26	10
0.5436181364157383	0.2129605218283435	-0.8118664914305243	0.26333030412448527
-0.5820722030908456	0.7925398775275191	-0.18185903712301685	0.12893319534250874
0.6047078351439411	0.5714267809772033	0.5547973506967617	-0.3088109709555415
0.0	0.0	0.0	1.0
20	25	11
0.6861303711007725	0.2780220900480608	-0.6722565948817596	0.1886816999818841
-0.5210988601535175	0.8326463640756109	-0.18749937256348537	0.10853930771338297
0.5076230051896631	0.4789611676328825	0.716180951002707	-0.2556242512464826
0.0	0.0	0.0	1.0
20	26	12
0.5471345459677848	0.28934730283179677	-0.7854438491560134	0.25101343051771635
-0.5799596496676347	0.8076584551727303	-0.1064648365392134	0.11123774274932358
0.6035650579000067	0.5137762933455956	0.6097075317699358	-0.24745824958784873
0.0	0.0	0.0	1.0
21	25	13
0.6973404892394819	0.3098291288238173	-0.6463142828200316	0.16680535106053754
-0.4822503277430176	0.8699213886190956	-0.10330219880114735	0.10121077402236706
0.5302366075828974	0.3837221271597905	0.7560465900362967	-0.21172363235306887
0.0	0.0	0.0	1.0
21	26	14
0.5588624603157765	0.33840726166070917	-0.7570688662102997	0.22231641183807835
-0.5420933161200505	0.8399548992915986	-0.024712064904860755	0.10688613522330205
0.6275410290785154	0.4242126256358849	0.6528674922662984	-0.20724517794779426
0.0	0.0	0.0	1.0
22	25	15
0.7884966883278117	0.29990310252211033	-0.536964732514473	0.11777250192478675
-0.4059607533460715	0.9096360619508498	-0.0880803618785354	0.0879747756389141
0.4620268679727845	0.28743777355715383	0.8389938954596389	-0.16103405297619264
0.0	0.0	0.0	1.0
22	26	16
0.6663844637437417	0.34681160479789747	-0.6600405196690404	0.16529944446512088
-0.4765949288410249	0.8789098893461308	-0.01936137724822142	0.0995332233273052
0.5734013880962227	0.32747413824128563	0.7509804674193886	-0.16430515696870382
0.0	0.0	0.0	1.0
22	27	17
0.5177834925139314	0.3696864629077505	-0.7715128953179426	0.18947724494607018
-0.4501386751153059	0.8846155074400188	0.12178147035100645	0.09816951542936804
0.7275131078421901	0.28423141542345787	0.6244494968116849	-0.14938771207615317
0.0	0.0	0.0	1.0
25	37	18
0.9988967890395504	-0.04578672284992994	0.01042326527451675	0.3456417705696487
0.03236557105583895	0.8321310448681156	0.5536338870566407	0.28160509096725717
-0.03402249712989242	-0.552685858899519	0.8326950243941112	-0.5015299609432858
0.0	0.0	0.0	1.0
25	38	19
0.9997224552202537	-0.021650722437247208	-0.009290151713496854	0.4086752959112276
0.023546643436487647	0.9050655133697016	0.42461992205376226	0.32593143688286436
-0.0007850898730320248	-0.42472087466790026	0.9053241063319898	-0.508086966505907
0.0	0.0	0.0	1.0
25	40	20
0.9740895562367015	0.16045090119386093	-0.15938948188522822	0.534369822564184
-0.13929475129841545	0.9808533015737733	0.1361018852423709	0.41573398715403803
0.1781754231888718	-0.1103734024604483	0.9777889336890132	-0.4879352676326355
0.0	0.0	0.0	1.0
43	46	21
0.9342847279814519	0.22273678344331713	-0.2783891479004768	0.11801346127089499
-0.05039048290788366	0.8554915950090433	0.51535899596808	0.15992834770083633
0.3529490575017397	-0.4674639262897745	0.8104964280800112	0.04559450748941029
0.0	0.0	0.0	1.0
44	46	22
0.9851013594048387	0.08407539834054156	-0.15002223693359887	0.11545866286897542
-0.03439252981246961	0.9510403492640064	0.3071474330349203	0.10525316539231308
0.16850077204357597	-0.29741174846779544	0.9397626150609105	0.045989129406010736
0.0	0.0	0.0	1.0
45	46	24
0.9967489775651145	0.04328954673793029	-0.06795223644851343	0.07159159003236969
-0.03247025559377048	0.9877022361743018	0.15293805858106413	0.05247764797855122
0.07373725708027401	-0.15023446598306062	0.9858967317461972	0.02091333916413751
0.0	0.0	0.0	1.0
45	47	25
0.9972606160884097	0.05642547142101239	-0.04782705192348297	0.1589208091312106
-0.038673140641299564	0.9489219847361163	0.31313180706897537	0.09949433102993792
0.06305277807918172	-0.31042444933976543	0.9485045864764601	0.03823441097342164
0.0	0.0	0.0	1.0
45	48	26
0.9990137424715356	0.025279529774530685	0.03650217885408565	0.2549264629276866
-0.03858801600503912	0.9009891982803077	0.43212181979640163	0.1381056033650202
-0.021964176328583582	-0.4331043069416212	0.9010760942913292	0.04140999167254449
0.0	0.0	0.0	1.0
45	49	27
0.9859428823017288	-0.02513265700556528	0.16518168841441577	0.3313228258065297
-0.04934439023077391	0.9007260689757872	0.4315756839931974	0.13839839147684732
-0.15963013448147426	-0.43365985793126954	0.886824257597097	0.006661813649333526
0.0	0.0	0.0	1.0
46	47	28
0.9997110708496211	0.01603567556244718	0.01790561372818815	0.08613391984066208
-0.01874703270340224	0.9863977989279012	0.1633032494470064	0.04565740638201935
-0.015043413459182437	-0.16359174756141534	0.9864134100916867	0.027267103711217287
0.0	0.0	0.0	1.0
46	48	29
0.9943798386348006	-0.0018870102083911133	0.1058539957441428	0.1816224872613613
-0.028822818785951703	0.9572498249603061	0.28782255367664955	0.08391552140857529
-0.10187185490509602	-0.2892560085716492	0.951815637568011	0.043976989728981425
0.0	0.0	0.0	1.0
46	49	30
0.9704250826810675	-0.031574821809574674	0.2393285497741862	0.2585003540409028
-0.039518503145263124	0.9572556688119744	0.2865305063637029	0.08500074487884185
-0.23814585961178525	-0.28751432766122803	0.9276971588112767	0.019397883974619667
0.0	0.0	0.0	1.0
