5	45	50
0.89844440	-0.18754697	0.39701863	0.26377271
0.11874093	0.97427772	0.19152927	-0.05964325
-0.42272720	-0.12493607	0.89760397	0.30107284
0.00000000	0.00000000	-0.00000000	1.00000006
5	46	2
0.9119942288849563	-0.19286040270527033	0.36203772525735706	0.2791181617324219
0.08921360201054139	0.9547101000985297	0.2838473735382428	0.022727076853902406
-0.4003840227768839	-0.22656852733803093	0.887896022184478	0.3104755874225251
0.0	0.0	0.0	1.0
6	42	3
0.9238833603457981	-0.10630595043430793	0.3676118025729122	0.09097499661265329
0.21861815922313232	0.9350659911321232	-0.27902971925620124	-0.3108552197894765
-0.31407882126819353	0.3381575394253952	0.8871324647767354	0.06419819780252123
0.0	0.0	0.0	1.0
6	43	4
0.9022021412646127	-0.09708542375775443	0.42024461716074524	0.18717386168752087
0.19113265777821764	0.9634390526242409	-0.18775828679906797	-0.27128870272078265
-0.3866515719781834	0.24971840707561216	0.8877732586962149	0.14343525744850716
0.0	0.0	0.0	1.0
6	44	5
0.8923167164239797	-0.11932204733277815	0.4353537816953859	0.23720938175064515
0.15457585406812435	0.9868937185454718	-0.04633577026641748	-0.18676963490129772
-0.42411912260283086	0.1086413537130048	0.8990663421422572	0.23316915038089103
0.0	0.0	0.0	1.0
6	45	6
0.8974440557188699	-0.1410041163727031	0.4179855188133491	0.25880898999894697
0.1170669050777597	0.9896901967081699	0.08251337306295811	-0.10036693331965663
-0.4253110098960315	-0.02511886990365458	0.904698747037055	0.2854231179936706
0.0	0.0	0.0	1.0
6	46	7
0.9111060000351718	-0.15014884481335505	0.38385021518988927	0.27514678348336274
0.08728128658737797	0.9804505028303386	0.17634744002185204	-0.019396401103867533
-0.4028245854012339	-0.12716829203970134	0.9063998134398901	0.29873628217256076
0.0	0.0	0.0	1.0
6	47	8
0.9328385414591012	-0.11990796469568785	0.3397560373403556	0.3181145015317896
0.028419522322362903	0.9645454271596365	0.26238196946110487	0.043398069874750145
-0.3591718780966647	-0.23510433385169674	0.9031730909720274	0.2624792669333793
0.0	0.0	0.0	1.0
6	48	9
0.9594692694667206	-0.10802699633733509	0.26028600759701304	0.36483122093176923
0.010426462459445103	0.9365871302045559	0.3502793829679295	0.10228420423299808
-0.2816202261266286	-0.33336845781119545	0.8997531210620816	0.23237422342797043
0.0	0.0	0.0	1.0
7	42	10
0.9270420883140635	-0.07284438561281169	0.3678132226511208	0.08713976678376517
0.21008017093937148	0.913429453808759	-0.34858708372509284	-0.3255814074222201
-0.3105788359442926	0.40042527837453823	0.862090651083579	0.04046435117514058
0.0	0.0	0.0	1.0
7	43	11
0.90564603240082	-0.05992013669262804	0.4197793513581052	0.1821603061313889
0.18300032777040454	0.9482583823185584	-0.25945468708329567	-0.288316111698256
-0.3825127901820127	0.3117939759680848	0.8697519238864858	0.121530997491468
0.0	0.0	0.0	1.0
7	45	13
0.901186549695649	-0.10391657734595637	0.4207898235828466	0.2547729459785303
0.1105476701070873	0.9938329312394873	0.008678088402025629	-0.12296810369330569
-0.4190966698652876	0.03869680437547626	0.907116625573548	0.26905966760528877
0.0	0.0	0.0	1.0
7	46	14
0.9146861516406034	-0.11545737585748768	0.3873224630006443	0.2719423596403141
0.08145325504509006	0.99132518845893	0.10314824882028674	-0.04354296021565718
-0.39587179754526547	-0.0627995840264927	0.9161558628606268	0.28453979455386147
0.0	0.0	0.0	1.0
7	47	50
0.93590871	-0.08839945	0.34096966	0.31508770
0.02327978	0.98140370	0.19053834	0.01797174
-0.35147240	-0.17038880	0.92056217	0.25068074
0.00000000	0.00000000	-0.00000000	1.00000000
8	30	15
0.9712754047717306	-0.12428265128797093	0.2029235437493183	-0.2310905410952857
0.21621290915875058	0.8170703659935615	-0.5344603304899469	0.059259751027568974
-0.09937866513668488	0.5629829647922905	0.8204718719692565	-0.624879031797497
0.0	0.0	0.0	1.0
8	31	16
0.9427352018972717	-0.20283176202147413	0.2647821139142524	-0.307445710739807
0.3167404867448468	0.7931912511736654	-0.5201182316837011	0.07557524751622902
-0.10452639016167073	0.5742010273137702	0.8120144791799919	-0.6762383715134566
0.0	0.0	0.0	1.0
8	42	17
0.9240379527641706	-0.04747158705542829	0.3793418259230249	0.08348176933346485
0.21316633211227434	0.8876712132793708	-0.4081664636553031	-0.34026420858027073
-0.31735454415093717	0.4580242682878553	0.8303612703883615	0.01850784525348459
0.0	0.0	0.0	1.0
8	43	18
0.9022299083856562	-0.03104997912154148	0.4301359817385649	0.17742385233185537
0.18538364620970255	0.9284716678439124	-0.3218275827271487	-0.30512313038479233
-0.38937641421297103	0.3701027195745659	0.8434512402789679	0.10137798752064775
0.0	0.0	0.0	1.0
8	45	50
0.89774818	-0.07487699	0.43409858	0.25098480
0.11079715	0.99214897	-0.05800250	-0.14486354
-0.42634752	0.10016856	0.89899622	0.25431878
0.00000000	0.00000000	-0.00000000	1.00000006
8	46	20
0.9115120757677886	-0.08866278430978616	0.4016024213778069	0.26891924938054634
0.08094501547348107	0.9960614413492217	0.03618311244936026	-0.06682513921988831
-0.40322886069658376	-0.0004736078796090977	0.9150990152396471	0.2718964347120201
0.0	0.0	0.0	1.0
12	31	21
0.8475766196079909	-0.14469008397481276	0.5105667962260174	-0.28869678648348984
0.4349188092147221	0.7406789220221696	-0.5120939615706722	0.04090593269050524
-0.3040711865185734	0.6560940916434277	0.6907107431685788	-0.6985042482689297
0.0	0.0	0.0	1.0
12	41	22
0.8612820506437986	-0.02790529065597635	0.5073600319959668	-0.01621462106053595
0.3125396546712578	0.8163665186824534	-0.4856588636458766	-0.37262645110479387
-0.40063928515942226	0.5768595788344996	0.7118434163379183	-0.07081997054049438
0.0	0.0	0.0	1.0
12	44	23
0.7530275656472533	0.024718121603986433	0.6575243015846626	0.2403598935588523
0.18837857956061524	0.9493665428210553	-0.25142926222786793	-0.26898888336792015
-0.6304464955647484	0.31319673818610444	0.7102430003838434	0.18686229537446764
0.0	0.0	0.0	1.0
12	45	24
0.761697710294742	-0.0003992047283576395	0.6479322839510315	0.2645191020032416
0.12021340615918519	0.9827247022702539	-0.1407152935092452	-0.18789037926013297
-0.636682967564061	0.18507271876508347	0.7485873053350529	0.2504760792216052
0.0	0.0	0.0	1.0
12	46	25
0.7831320458805644	-0.017237559722188135	0.6216162699209092	0.28302573683539256
0.06786958943803117	0.9960134615882629	-0.057884626974587086	-0.10983073665903587
-0.6181404482085985	0.08752018088718726	0.7811801836856685	0.27277851171127043
0.0	0.0	0.0	1.0
12	47	26
0.8159348214449226	0.001866355954982347	0.5781406601651249	0.3251951727308327
-0.01088451569491938	0.9998671122961581	0.012133636976835258	-0.0493692238733871
-0.5780412097280121	-0.016193043652017094	0.8158468636138841	0.2464060654109428
0.0	0.0	0.0	1.0
12	48	27
0.8617380223161338	-0.005411742060442849	0.5073244638970416	0.3740398565805155
-0.05085332539933104	0.9939860591793535	0.09698219701948667	0.008557367732495685
-0.504798327910928	-0.1093723977280286	0.8562805293245884	0.22568578117007831
0.0	0.0	0.0	1.0
13	42	28
0.7571819059653807	-0.041057973230203514	0.65191249710546	0.0990899846852974
0.3251854676167968	0.889252476384004	-0.321689861085684	-0.3485793174362106
-0.566506905268791	0.45557018002249816	0.6866773193772566	0.03301898032145534
0.0	0.0	0.0	1.0
13	43	29
0.7203340319954136	-0.02480306353147529	0.6931837768898818	0.1939175733629796
0.2712754958810689	0.9298346565679251	-0.24862989254138038	-0.31187738429967027
-0.6383796448114676	0.36714034042283017	0.676520104161048	0.11571910618275894
0.0	0.0	0.0	1.0
13	44	30
0.7054865928329104	-0.04481876790153623	0.7073047206583869	0.2446879151806915
0.19280807005696013	0.9724943012878945	-0.13068979633143218	-0.2307850140721721
-0.6819925803525372	0.2285739433398419	0.6947231892618553	0.21153995273063586
0.0	0.0	0.0	1.0
13	45	31
0.7151264147929931	-0.06866153413496916	0.6956147845840949	0.26759179763254537
0.11673626993266853	0.9929190940884715	-0.022003313165850448	-0.14667535874675552
-0.6891785604716416	0.09693862653523444	0.7180780088444858	0.2699474581711163
0.0	0.0	0.0	1.0
13	46	32
0.7385440291603674	-0.08234192845026662	0.6691581060830087	0.2849630577116241
0.05863344781274112	0.996597669978117	0.05792113193716757	-0.06687068421091802
-0.6716508702554682	-0.0035422593468145665	0.7408593523454453	0.28820362946042444
0.0	0.0	0.0	1.0
13	47	33
0.7740144031792406	-0.058328809129605745	0.6304756375500337	0.32733960234992127
-0.024806903138383875	0.992189501644127	0.12224760355060307	-0.005083488299593153
-0.6326819339070484	-0.11026155730699573	0.7665220500362853	0.2574255486095458
0.0	0.0	0.0	1.0
13	48	34
0.8246851316246827	-0.057410630427282665	0.5626709717761343	0.3748670912895177
-0.07045307077350012	0.9766592279233297	0.20291116154432887	0.053701232368595614
-0.5611871261887313	-0.2069797027311567	0.8013916311633441	0.23265722579982384
0.0	0.0	0.0	1.0
14	43	35
0.7122436298175625	-0.09030230610539494	0.6960994004640647	0.1989227855890025
0.251826481585029	0.9585454587048636	-0.13331851797540847	-0.27830464245478925
-0.6552040398257454	0.27025157256264143	0.7054586104006656	0.14107489735655054
0.0	0.0	0.0	1.0
14	44	36
0.6977115437397581	-0.11217385982049696	0.707541846488289	0.2491093762968402
0.17092764871327296	0.9852061040674028	-0.012358033850421007	-0.19376832033446734
-0.6956883798654486	0.12956082504510227	0.7065634683667656	0.23167233213580918
0.0	0.0	0.0	1.0
14	45	37
0.7080636196947725	-0.13424679598316952	0.6932702529640139	0.2708729686112208
0.09307102880360914	0.9909396693225582	0.09683132645822942	-0.10723496733541449
-0.699988388269928	-0.004039345978075965	0.7141429628669704	0.28507316145465644
0.0	0.0	0.0	1.0
14	46	38
0.7321234504756263	-0.14417782723236602	0.6657385817048566	0.2872853821618382
0.03392937004670172	0.9838484762656805	0.1757576613659723	-0.026098680919345196
-0.6803263339448383	-0.10608821765397604	0.7251906008477578	0.2994884723476625
0.0	0.0	0.0	1.0
14	47	39
0.7674733297905318	-0.11497423710268861	0.6306865186496601	0.3300340249409831
-0.05015644904434226	0.970002061453489	0.23786620071161202	0.036589939784260006
-0.6391157485626051	-0.21418897301946155	0.738684141321732	0.2645783766558063
0.0	0.0	0.0	1.0
14	48	40
0.818927684844137	-0.10491774498425002	0.5642248377259367	0.37659022058934205
-0.09639278784061757	0.9440337834870994	0.3154498425929817	0.09589599679668659
-0.5657436540542853	-0.31271782165913786	0.7629822069195811	0.23608214452542686
0.0	0.0	0.0	1.0
15	43	41
0.7322143361256808	-0.15388621063549987	0.6634614394261442	0.2082849969241276
0.2593850937347053	0.9637343577917967	-0.0627317143696056	-0.2503844104157902
-0.629747127329095	0.21802505909019573	0.7455760527037387	0.17594192584883928
0.0	0.0	0.0	1.0
15	44	42
0.7177738085222344	-0.17647752162597796	0.673540120101749	0.2581449799938827
0.18259137634877026	0.9811999861799744	0.06250615909199027	-0.16085266288610955
-0.6719085733702252	0.07811729610390959	0.7365030602132014	0.2619678389093272
0.0	0.0	0.0	1.0
15	45	43
0.7274078782214968	-0.19740912872488678	0.6571965944954166	0.2786429039184618
0.10821716576882714	0.9787427956604483	0.17421686259922953	-0.07041371074730707
-0.6776185340701343	-0.055606803459496014	0.7333083836777433	0.3108941483155494
0.0	0.0	0.0	1.0
15	46	44
0.750482635212447	-0.20528928326696017	0.62819741513242	0.2937301590485202
0.051455867832473405	0.9657971467555647	0.2541415263942252	0.013174817147627138
-0.6588838937118481	-0.15840442463486978	0.735377486978719	0.32182581775026264
0.0	0.0	0.0	1.0
15	47	45
0.7850913871608726	-0.17366289324457349	0.594535619084095	0.3362274161185024
-0.030837930885464694	0.9477383587056074	0.31755469053808466	0.07784440917316382
-0.6186117235992644	-0.26764377250168975	0.738705915983734	0.28308812536134464
0.0	0.0	0.0	1.0
16	43	46
0.7079380504118818	-0.2074241237342866	0.6751287962480452	0.20781149556692596
0.24919873288923286	0.9677819471091382	0.03602875548223948	-0.21410629999718522
-0.6608507730872617	0.142735112982503	0.736819581403905	0.21158261672475706
0.0	0.0	0.0	1.0
16	44	47
0.6934104763567472	-0.23097891441368226	0.6825178098300848	0.2571393842364707
0.1674027340663831	0.9729511737666586	0.15919345962777148	-0.1197957539277991
-0.7008269083335019	0.0038689078248626317	0.7133211077816316	0.29196622820801615
0.0	0.0	0.0	1.0
16	45	48
0.7039375813009333	-0.25022968285738045	0.6647232485039942	0.27622042879990605
0.08880341800922617	0.9595484363595104	0.2671719686584201	-0.02578761449913076
-0.7046885991164279	-0.12904271665028938	0.697683493294408	0.3351681454345779
0.0	0.0	0.0	1.0
16	46	49
0.7282155761994183	-0.25519714564561324	0.6360632221311795	0.289966110059637
0.029166069434246628	0.9387866316558814	0.3432621904140741	0.059923127038187966
-0.6847272604831529	-0.23141746453222695	0.6910822303361265	0.34149839989205155
0.0	0.0	0.0	1.0
17	43	50
0.6811851157496214	-0.30831825877111446	0.6640230509329147	0.20532294171871307
0.25554348300449653	0.9500835927137774	0.17899330825135626	-0.1568107420561904
-0.6860643594880247	0.047759199033965534	0.7259716789414519	0.2575304873384061
0.0	0.0	0.0	1.0
17	44	51
0.6662080363442621	-0.33247843376363084	0.6675513723520542	0.25369037972555514
0.16936168544422803	0.9391844798023407	0.2987462100480396	-0.05649996441690708
-0.7262805949352998	-0.08596951007886425	0.6820014842065905	0.329140544362569
0.0	0.0	0.0	1.0
17	45	52
0.6772199805392195	-0.349210276601854	0.6476305049013015	0.27077061827589166
0.08677703006532186	0.9119596612955941	0.4009979958692375	0.041770186751375116
-0.7306455627848174	-0.21536440541703206	0.6479008268327479	0.3635657752787651
0.0	0.0	0.0	1.0
18	44	53
0.6491308204021543	-0.38868539555163234	0.6538751660218123	0.24748732044374938
0.18298148759616562	0.9141439672056979	0.3617440868512403	-0.024217143872876212
-0.7383406417023965	-0.11517219385130227	0.6645214925673864	0.3560978617633337
0.0	0.0	0.0	1.0
18	45	54
0.6601228525838015	-0.4043106972830644	0.6330645027126052	0.26338775016003324
0.09830086212807215	0.8820354039136449	0.4608151588904717	0.07718378810269622
-0.7446977706323459	-0.24196382549035472	0.6219960124457357	0.38589793499134295
0.0	0.0	0.0	1.0
19	44	55
0.6268488368970313	-0.4653213124212732	0.6249293449353129	0.24628304091161385
0.21585544925467803	0.8743960303896423	0.4345552752144127	0.0015257978266653982
-0.748643595601328	-0.1375060626842952	0.6485563430062941	0.3758289946829301
0.0	0.0	0.0	1.0
19	45	56
0.6374063930925756	-0.4796790819454336	0.6030101518230081	0.26127673497583415
0.12902141611408602	0.8379878913573666	0.5302168931207907	0.10527359401784242
-0.7596491903113244	-0.2601623831702127	0.5960277531753758	0.40202162146429465
0.0	0.0	0.0	1.0
20	44	57
0.5964057760729219	-0.5181595573522553	0.6130341194986704	0.23684232498503394
0.23247237406800575	0.8425027795289747	0.485948432541885	0.02984890598930523
-0.7682818428068386	-0.14730902000894358	0.6229313487899348	0.3943765148682825
0.0	0.0	0.0	1.0
20	45	58
0.6070420740113713	-0.5316672567401386	0.5906182842003639	0.2509053251450645
0.14221668112502517	0.8039095715319556	0.5774979818340129	0.13558041807487653
-0.781840540325109	-0.2665698410881331	0.5636189065249109	0.4164876594841038
0.0	0.0	0.0	1.0
21	44	59
0.5884152101869156	-0.5364009480305937	0.6050136124909786	0.20726441890923145
0.24575259658161389	0.831507283638604	0.49819822056400104	0.04557584671196852
-0.7703072977452793	-0.14446376312353026	0.6210934622507694	0.39702128959059796
0.0	0.0	0.0	1.0
21	45	60
0.5988325438522114	-0.5497409712524866	0.5823954494129565	0.22097453633748565
0.1549316746882776	0.7929822349459468	0.5892159256414394	0.15085560502701084
-0.7857454679779166	-0.2626101770508997	0.5600358302160706	0.4165125087090041
0.0	0.0	0.0	1.0
22	44	61
0.49838803738827114	-0.5472703110409031	0.6723871655633873	0.20745810830597647
0.2609312973880515	0.8343023306627094	0.4856485301186439	0.03358057244023278
-0.826755322355174	-0.06659456635713586	0.5586063127008926	0.41411088245492306
0.0	0.0	0.0	1.0
28	43	62
0.7238343105827797	-0.33588500769639	0.6026981660137556	0.5045805718570031
0.22131078462413176	0.9403782945909751	0.2582829009375116	-0.16407697573929925
-0.6535177455151809	-0.05357043950688932	0.7550130942494724	0.5884916769749688
0.0	0.0	0.0	1.0
28	44	63
0.710115153634152	-0.36096389734233497	0.6045175143011605	0.5568818129537112
0.14127150763070787	0.9141711981910645	0.37991245938052387	-0.008283573162533031
-0.6897672964537066	-0.18438053482707106	0.7001607558395937	0.653013025550675
0.0	0.0	0.0	1.0
28	45	64
0.7209302066529679	-0.3752065696763702	0.5826488328206959	0.5663618358626893
0.06474045265276561	0.8735409666203046	0.48242598755610283	0.13908008281295614
-0.6899771553646898	-0.31007455152829577	0.6540531050113304	0.6834092755216599
0.0	0.0	0.0	1.0
29	43	65
0.8702712731593899	-0.2316785597125667	0.43468709896331653	0.5212496801558222
0.14599304231058627	0.9641507188246153	0.221583505547799	-0.203243401867105
-0.47044008956491573	-0.1293765296142759	0.8728962439102735	0.6057323187045043
0.0	0.0	0.0	1.0
29	44	66
0.8606004592003764	-0.258307477692632	0.43891227039609615	0.5747697017643081
0.09696351430510944	0.9291694492218251	0.3567103498712048	-0.04410918825356869
-0.49996488458418054	-0.26442669727804674	0.8246901445943381	0.6754998448040457
0.0	0.0	0.0	1.0
29	45	67
0.8684091518335766	-0.27127552063696286	0.41506038397058825	0.5844989495233563
0.0492506785657966	0.8801218899773614	0.4721861669328014	0.10694546681225625
-0.4933963634284814	-0.3896088590888934	0.7776664738480055	0.7107500827054674
0.0	0.0	0.0	1.0
29	46	68
0.8852708523668191	-0.2659113179171688	0.3815581150103636	0.582965634744442
0.0127379266953209	0.8339768675858248	0.5516521498521948	0.23298827986134296
-0.4649012510137958	-0.4835014252432177	0.7416826770272502	0.7128677732054935
0.0	0.0	0.0	1.0
30	43	69
0.9674573624266374	-0.060186936380154765	0.24577146677275002	0.5581381967670516
-0.0006407603972266083	0.9707132258593875	0.24023998979273622	-0.2126744959145701
-0.2530329390367736	-0.23257957402000592	0.9390852401903458	0.643501752039696
0.0	0.0	0.0	1.0
30	44	70
0.9641210730772216	-0.08826352248758156	0.25035955071950894	0.6123309610852663
-0.014074248262376568	0.9247851894469394	0.38022929306940734	-0.04704828347772305
-0.2650891956314732	-0.37011087014362565	0.8903627777436866	0.7136672656341307
0.0	0.0	0.0	1.0
30	45	71
0.9693554117689852	-0.09908354991132365	0.2247942038205884	0.6213345209352833
-0.02746244588637431	0.8656114207140405	0.49996259618047456	0.10991037775129886
-0.24412254281570286	-0.4908150248379507	0.8363641586157359	0.7496163724104452
0.0	0.0	0.0	1.0
30	46	72
0.977843043987833	-0.090003671942644	0.18900300998400552	0.6183271405984619
-0.03783086197232898	0.8120152823038745	0.5824085596255495	0.2402475798063043
-0.20589224590711533	-0.5766545218601687	0.7906187344616531	0.7525301569037364
0.0	0.0	0.0	1.0
31	43	73
0.9707541774482167	0.037422595351410654	0.23714086090728656	0.6334135500591037
-0.09877006866838615	0.9625626400660411	0.2524232613305811	-0.23753716469269093
-0.21881663799828127	-0.26846339206087877	0.9381079857917143	0.6887775133225228
0.0	0.0	0.0	1.0
31	44	74
0.9703823541049919	0.009099877188547404	0.2414024767146421	0.6887545360880247
-0.10607006251171706	0.9138607083796415	0.39192837655932283	-0.06322965434501941
-0.21704177413551917	-0.4059260235352621	0.8877595494485692	0.7609115863213638
0.0	0.0	0.0	1.0
31	45	75
0.9764678298823923	-0.0008211751239317108	0.2156614980744454	0.6970962482964062
-0.1121449969345421	0.852226115948367	0.5110128511092826	0.10181725767940557
-0.18421205589234685	-0.5231730453706608	0.8320792934403377	0.7999064054036843
0.0	0.0	0.0	1.0
31	46	76
0.983635334808155	0.009505479136796828	0.17991963795278978	0.6922838564963552
-0.11614256240591063	0.7968864185885116	0.5928597985269666	0.23815697020918897
-0.1377401171756734	-0.604054289063406	0.7849496558377503	0.8060134075217276
0.0	0.0	0.0	1.0
32	43	78
0.9534697152935557	-0.008726719241814531	0.3013623374139276	0.6427210853815086
-0.03243824250969207	0.9908089373664332	0.131321664527587	-0.2851583294303519
-0.29973852948532326	-0.1349868744091206	0.9444232762917067	0.6759702227366065
0.0	0.0	0.0	1.0
32	44	79
0.9504250131255948	-0.03620975979804678	0.3088381857146945	0.6991539205126449
-0.05265955689884483	0.9601088783841593	0.27462362300233045	-0.11196869944481702
-0.30646236005707594	-0.2772724581389001	0.9106047107309094	0.7550132146860831
0.0	0.0	0.0	1.0
32	45	80
0.9572623056433955	-0.04962025043364453	0.28493277747006435	0.7085753705911267
-0.0714690377535922	0.9140371157327961	0.39928491143803435	0.05297018161338829
-0.2802518000024318	-0.4025842961017848	0.8714269445979853	0.8006969205941301
0.0	0.0	0.0	1.0
32	46	81
0.9675278470705201	-0.0442902570011864	0.24885365059416029	0.7042274636878335
-0.08532226223673776	0.869514731658243	0.4864814211441044	0.18978433933156424
-0.23792831223519742	-0.49191714819520904	0.8375007815127983	0.8120025791854237
0.0	0.0	0.0	1.0
32	47	82
0.9763954095612132	0.0023110625555897474	0.21597821782621573	0.7244720030198308
-0.12714996718707627	0.8144679958764964	0.5661050228052092	0.2968328945559141
-0.1745990376428517	-0.5802040286800606	0.7955365951387963	0.7742932026125562
0.0	0.0	0.0	1.0
32	49	83
0.9923716065719336	0.08240970356897874	0.09169087276620251	0.7310091569536065
-0.12319719265924794	0.6905699573013236	0.7126960544598807	0.5355159941395877
-0.004585898003945863	-0.7185554533354745	0.6954545480050669	0.7486135722475211
0.0	0.0	0.0	1.0
33	42	84
0.9240263184016579	-0.03809527747969873	0.38042622900845785	0.4817396697144426
0.1236508802713943	0.9713251264791919	-0.20307167555078068	-0.43910458853640755
-0.36178147286583034	0.23468357687462285	0.9022404626606155	0.5230237530363979
0.0	0.0	0.0	1.0
33	43	85
0.900669991206845	-0.03523859779223551	0.4330724825752955	0.6046531037316825
0.09190382148731244	0.9896053521912922	-0.1106113290272821	-0.3513800358548562
-0.424673088986154	0.13942526677405556	0.894546518119615	0.5894871485705497
0.0	0.0	0.0	1.0
33	44	86
0.8929358238846511	-0.0594733775058788	0.44623812711757604	0.6618228828430206
0.050862109006765056	0.9982163293627636	0.031262837108180896	-0.19097295051591812
-0.44730151960145653	-0.005219172339212781	0.8943681624073483	0.6796571824873565
0.0	0.0	0.0	1.0
33	45	87
0.9005835253634703	-0.07910975453138057	0.4274236719482878	0.6743416325860245
0.011239889184881165	0.9872089578169071	0.15903514045105083	-0.03610573746884849
-0.4345377641910884	-0.13842030872762578	0.8899533898912815	0.7358329053322885
0.0	0.0	0.0	1.0
33	46	88
0.9156662524554525	-0.08414211981426296	0.39303355097730147	0.6732980421164199
-0.018887361696518886	0.9677551653421651	0.2511833167890666	0.09432853273559927
-0.40149537434076493	-0.2374235496230756	0.88455165492719	0.7550344640422191
0.0	0.0	0.0	1.0
33	47	89
0.9347976286664178	-0.048517160960678256	0.3518514678769401	0.6943196945767631
-0.07710407334007019	0.9392830866076464	0.33436850214217106	0.1965627664537536
-0.3467107494266332	-0.33969615704631817	0.8742987923820679	0.7258107520131807
0.0	0.0	0.0	1.0
33	48	90
0.9612841290909135	-0.02787416645826067	0.2741457972548284	0.6993842707929662
-0.09344729503947055	0.9029427820572646	0.4194781612491026	0.3037763331525826
-0.2592306015073997	-0.4288559701187242	0.8653798668972684	0.7089673743927865
0.0	0.0	0.0	1.0
34	42	91
0.8777672330254184	-0.06601149045466212	0.4745178634854619	0.4337417327295535
0.21640987553010627	0.9382860159635975	-0.2697892440197755	-0.43832079277048974
-0.42742428076422123	0.339502593174883	0.8378820712871311	0.41561380946680604
0.0	0.0	0.0	1.0
34	43	92
0.8497689425845368	-0.056816593322991896	0.5240845409479488	0.5506449653063756
0.17745459537411046	0.966983805558317	-0.18289920363534515	-0.36150170868673426
-0.4963896128452844	0.24842334070179162	0.8317951149158924	0.4854583765616285
0.0	0.0	0.0	1.0
34	44	93
0.8389806582759018	-0.07917756249775046	0.5383700567432991	0.6068862321313717
0.12380839531140823	0.9911846236390388	-0.04716692875955406	-0.21743006618678096
-0.5298896168286861	0.10622689897465021	0.8413874937425709	0.5790425729159407
0.0	0.0	0.0	1.0
34	45	94
0.8468692782712509	-0.10091197056542356	0.5221391127174434	0.6219776866497747
0.07142005275404271	0.9945184816168678	0.07636924466579466	-0.07683589044554529
-0.5269836473144979	-0.02738355517455746	0.8494341725009413	0.6386712590933179
0.0	0.0	0.0	1.0
34	46	95
0.8647435052759109	-0.1100524747837218	0.49000724877872115	0.6249326954832335
0.031217255745856223	0.9855867143376863	0.16626553813176084	0.043573624099969455
-0.5012426203922796	-0.12848038524458832	0.8557151793053758	0.6605567201245188
0.0	0.0	0.0	1.0
34	47	96
0.8903941315978402	-0.07968731295116728	0.44816094958316793	0.6497948405122205
-0.03669568470686237	0.9687865706832808	0.24516550691199496	0.13717231838507624
-0.4537089038144539	-0.2347395438167398	0.8596775558850279	0.6345330177991553
0.0	0.0	0.0	1.0
34	48	97
0.9256929250668271	-0.06801776318334295	0.37211061146445956	0.6632112877722527
-0.0638359672414141	0.9415041456566786	0.33090023974741434	0.23548042993497004
-0.3728508001653882	-0.3300661015910715	0.8672016055974445	0.6202628207066141
0.0	0.0	0.0	1.0
35	42	98
0.9010618332023737	-0.05140676501413714	0.4306330979594945	0.33947090485233
0.18675922659381003	0.9421604091215943	-0.27830697717325037	-0.3802737162504424
-0.3914186335478333	0.33119654719448127	0.8585454464710517	0.2993359780385356
0.0	0.0	0.0	1.0
35	43	99
0.8753837991589392	-0.0427482978735964	0.48153472666974284	0.4493200884689183
0.1516420395314143	0.9700902121895936	-0.18955075829019746	-0.31576094293420454
-0.4590292451571369	0.23895061031411555	0.8556838057839166	0.3696221204161194
0.0	0.0	0.0	1.0
35	44	100
0.8656964777962384	-0.06530693928074986	0.49629072400674096	0.5030535108144454
0.1043350472010411	0.9932184244268482	-0.051297433711989686	-0.1914983610543859
-0.4895751019663185	0.09618853260523959	0.8666395862256543	0.4593625757633557
0.0	0.0	0.0	1.0
35	45	101
0.8731478705020415	-0.08688492505656266	0.4796496418851786	0.5200839299626309
0.05804143549927913	0.995517530633378	0.07467263079353251	-0.06925682671799538
-0.4839876646944146	-0.03736069177456299	0.8742770002455025	0.5148277733415636
0.0	0.0	0.0	1.0
35	46	102
0.8895728390765199	-0.0956819590462754	0.44665985197308106	0.5275499657297944
0.02247116301514364	0.9857986749767983	0.1664205776308123	0.037599320235008116
-0.4562402197564127	-0.13800627952910616	0.8790899202820973	0.5330502581889762
0.0	0.0	0.0	1.0
35	47	103
0.9126085680234411	-0.06483494544623133	0.4036606942368354	0.5591349295039454
-0.04117802716043456	0.9677475872395409	0.24853365330233435	0.11978086636912555
-0.40675537750708435	-0.2434359233758424	0.8805049973869937	0.5031735661188348
0.0	0.0	0.0	1.0
35	48	104
0.9439161121667118	-0.05247798180761292	0.3259884265453746	0.5840780987951805
-0.06359394868832215	0.9399100571746495	0.33544722804909033	0.20453555621448866
-0.3240034540773805	-0.3373649663885228	0.8838589951841653	0.48403748524215917
0.0	0.0	0.0	1.0
36	42	105
0.9033399504143454	-0.057608987081223355	0.4250389809284957	0.2629863039143531
0.20592949644320294	0.9275126513417425	-0.3119508303440758	-0.3383121602244841
-0.3762578788692355	0.3693257582271928	0.8497225213316626	0.196841573121724
0.0	0.0	0.0	1.0
36	43	106
0.8783094087750101	-0.04662307871391581	0.47581385364998185	0.3667060680813593
0.172233118956536	0.9592653034416351	-0.2239322005187914	-0.2845674007623884
-0.4459913886250249	0.2786327043418529	0.8505618142837231	0.26804624825976614
0.0	0.0	0.0	1.0
36	44	107
0.8682347507905378	-0.0684334606050333	0.4914114312169636	0.4184709778828663
0.12666908166568602	0.9881937575510205	-0.08618639153822034	-0.17742688678952895
-0.47971175357456836	0.13707666120589954	0.8666525788549396	0.3556149842826783
0.0	0.0	0.0	1.0
36	45	108
0.8750442032837663	-0.09073441493413491	0.4754628551873211	0.43734655466280825
0.0815333701846647	0.9958679551302959	0.03999091853274667	-0.07089807099509111
-0.47712687516916447	0.0037722641460060688	0.8788263497590335	0.4086787865872766
0.0	0.0	0.0	1.0
36	46	109
0.8909764372195834	-0.10103211598320717	0.4426662891186896	0.44875934201341455
0.04654533610272891	0.99011675462981	0.13229555649341562	0.02444438570461809
-0.45165748061947386	-0.09726820035603607	0.8868733068673034	0.4247231703124932
0.0	0.0	0.0	1.0
36	47	110
0.9143411860210633	-0.07221502800197963	0.3984534595094093	0.4858572639550926
-0.01678796846433803	0.9763642831224603	0.21547836321824154	0.09689920862231709
-0.40459653780315685	-0.2037100106359988	0.8915176940882715	0.39261775630596635
0.0	0.0	0.0	1.0
36	48	111
0.945250285182879	-0.06324830547200402	0.3201587427241634	0.5205619979012649
-0.03908359501096138	0.9520389982001634	0.30347015652199605	0.17033305429059792
-0.3239976230344048	-0.29936825324585703	0.8974431267323453	0.3704079636724997
0.0	0.0	0.0	1.0
37	43	112
0.8856210557368496	-0.030072292469002494	0.4634338439656221	0.29502230426292014
0.15053036907433198	0.9626141312451764	-0.22519894490340944	-0.23083988728768334
-0.43933577869153884	0.26920191456271964	0.8570381061098167	0.1765182221113335
0.0	0.0	0.0	1.0
37	44	113
0.8761886800319975	-0.052087214360391834	0.4791452872003331	0.34434234762532107
0.10634925520192015	0.9905334408188762	-0.08679596101653995	-0.13934141709758285
-0.47008852783915395	0.12700645285961693	0.8734335652539102	0.2583677127671624
0.0	0.0	0.0	1.0
37	45	114
0.8832034395146705	-0.07423814929643291	0.46307706932322384	0.36445247171273787
0.06284470303288923	0.997221111316496	0.04000888032996907	-0.04765020503605788
-0.46476049513201256	-0.006233994086323251	0.8854144940837219	0.30597251930547475
0.0	0.0	0.0	1.0
37	46	115
0.898870790960789	-0.08419672649831178	0.4300489855005522	0.37942386228139335
0.02926990598644761	0.9907123018553682	0.1327868573400332	0.03652932997922964
-0.437235088612246	-0.10677072337866528	0.8929867269213755	0.31772255600909816
0.0	0.0	0.0	1.0
37	47	116
0.921053600871036	-0.0548940025582178	0.38554748470932904	0.4225492410121646
-0.03261534003477178	0.9756642754497514	0.21683083461524572	0.09908244076563419
-0.3880676363654653	-0.2122876001163796	0.8968485734229427	0.2813077608193577
0.0	0.0	0.0	1.0
37	48	117
0.9506846849907459	-0.0452616323027212	0.30683882459583317	0.4668268466191324
-0.0532031437578029	0.9508339312261928	0.3050972835772835	0.1611788789774023
-0.30556199350996877	-0.30637613522063606	0.901535057217293	0.2545143790212494
0.0	0.0	0.0	1.0
38	45	118
0.9063159213009121	-0.13309780123572335	0.4010939110398151	0.3247664030035199
0.07695286435397788	0.9852179446137117	0.15304828271737866	-0.0001964412866693579
-0.4155354053779798	-0.1078447914723261	0.9031610885705202	0.24420775290403834
0.0	0.0	0.0	1.0
38	46	119
0.920026928600761	-0.139185847368844	0.3663025678619577	0.34153116721584176
0.04844169972516155	0.9680192526310976	0.2461541604514118	0.07716361565794665
-0.3888491797739058	-0.20872418848036864	0.8973463445007225	0.2502338341853134
0.0	0.0	0.0	1.0
38	47	120
0.9400867241669119	-0.10497157368670931	0.3243728811464377	0.3892332394877208
-0.00891717586715899	0.9435249887729441	0.3311812643659575	0.133181483052961
-0.34081857844716085	-0.31423165803578645	0.8860593527926426	0.20803410324967558
0.0	0.0	0.0	1.0
38	48	50
0.96546976	-0.08630536	0.24580373	0.43950053
-0.02493002	0.90859181	0.41694042	0.18780780
-0.25931950	-0.40867132	0.87506641	0.17586387
-0.00000000	-0.00000000	0.00000000	1.00000000
