5	45	1
0.8984444045971065	-0.18754697010839438	0.3970186255582204	0.2637727061377636
0.11874093093378763	0.9742777216440552	0.1915292722707458	-0.059643245420491375
-0.42272719862064284	-0.12493606523013966	0.8976039737051895	0.3010728353111327
0.0	0.0	0.0	1.0
5	46	2
0.9119942288849563	-0.19286040270527033	0.36203772525735706	0.2791181617324219
0.08921360201054139	0.9547101000985297	0.2838473735382428	0.022727076853902406
-0.4003840227768839	-0.22656852733803093	0.887896022184478	0.3104755874225251
0.0	0.0	0.0	1.0
6	42	3
0.9238833603457981	-0.10630595043430792	0.3676118025729123	0.09097499661265335
0.21861815922313238	0.9350659911321232	-0.27902971925620135	-0.31085521978947694
-0.31407882126819353	0.3381575394253952	0.8871324647767354	0.06419819780252123
0.0	0.0	0.0	1.0
6	43	4
0.9022021412646126	-0.09708542375775442	0.42024461716074524	0.18717386168752098
0.19113265777821764	0.963439052624241	-0.18775828679906795	-0.2712887027207822
-0.3866515719781834	0.24971840707561221	0.887773258696215	0.14343525744850716
0.0	0.0	0.0	1.0
6	44	5
0.8923167164239796	-0.11932204733277813	0.43535378169538586	0.23720938175064543
0.15457585406812435	0.9868937185454717	-0.04633577026641748	-0.18676963490129772
-0.42411912260283086	0.1086413537130048	0.8990663421422572	0.23316915038089103
0.0	0.0	0.0	1.0
6	45	6
0.8974440557188698	-0.1410041163727031	0.4179855188133491	0.25880898999894697
0.11706690507775967	0.9896901967081699	0.08251337306295815	-0.10036693331965663
-0.42531100989603143	-0.02511886990365458	0.904698747037055	0.2854231179936706
0.0	0.0	0.0	1.0
6	46	7
0.9111060000351718	-0.15014884481335505	0.38385021518988927	0.27514678348336274
0.08728128658737797	0.9804505028303386	0.17634744002185204	-0.019396401103867533
-0.4028245854012339	-0.12716829203970134	0.9063998134398901	0.29873628217256076
0.0	0.0	0.0	1.0
6	47	8
0.9328385414591012	-0.11990796469568785	0.3397560373403556	0.3181145015317896
0.0284195223223629	0.9645454271596365	0.26238196946110487	0.0433980698747502
-0.3591718780966646	-0.2351043338516967	0.9031730909720272	0.2624792669333784
0.0	0.0	0.0	1.0
6	48	9
0.9594692694667207	-0.1080269963373351	0.2602860075970131	0.3648312209317693
0.010426462459445096	0.9365871302045558	0.3502793829679295	0.10228420423299808
-0.2816202261266286	-0.33336845781119545	0.8997531210620816	0.23237422342797043
0.0	0.0	0.0	1.0
7	42	10
0.9270420883140635	-0.07284438561281169	0.3678132226511208	0.08713976678376523
0.21008017093937154	0.9134294538087588	-0.34858708372509295	-0.3255814074222201
-0.3105788359442926	0.40042527837453823	0.862090651083579	0.04046435117514058
0.0	0.0	0.0	1.0
7	43	11
0.9056460324008199	-0.05992013669262804	0.4197793513581051	0.182160306131389
0.18300032777040454	0.9482583823185585	-0.25945468708329567	-0.288316111698256
-0.3825127901820127	0.31179397596808484	0.8697519238864858	0.121530997491468
0.0	0.0	0.0	1.0
7	45	12
0.9011865496956489	-0.10391657734595637	0.4207898235828466	0.2547729459785304
0.11054767010708727	0.9938329312394873	0.00867808840202568	-0.12296810369330546
-0.4190966698652876	0.038696804375476256	0.9071166255735479	0.2690596676052879
0.0	0.0	0.0	1.0
7	46	13
0.9146861516406034	-0.11545737585748768	0.3873224630006443	0.2719423596403141
0.08145325504509006	0.99132518845893	0.10314824882028674	-0.04354296021565718
-0.39587179754526547	-0.06279958402649269	0.9161558628606268	0.28453979455386147
0.0	0.0	0.0	1.0
7	47	14
0.9359087066543931	-0.08839944973681134	0.34096966339731155	0.3150877027840612
0.023279784201396682	0.9814037023478179	0.19053834216110335	0.017971740433489147
-0.35147240497491705	-0.17038880434630793	0.9205621709723149	0.25068073745635466
0.0	0.0	0.0	1.0
8	30	15
0.9712754047717306	-0.12428265128797096	0.2029235437493183	-0.23109054109528565
0.21621290915875055	0.8170703659935615	-0.5344603304899468	0.05925975102756986
-0.0993786651366849	0.5629829647922905	0.8204718719692565	-0.624879031797497
0.0	0.0	0.0	1.0
8	31	16
0.9427352018972718	-0.20283176202147413	0.2647821139142524	-0.307445710739807
0.3167404867448468	0.7931912511736653	-0.5201182316837012	0.07557524751622902
-0.10452639016167074	0.5742010273137703	0.8120144791799919	-0.6762383715134566
0.0	0.0	0.0	1.0
8	42	17
0.9240379527641706	-0.04747158705542828	0.3793418259230249	0.08348176933346485
0.2131663321122744	0.8876712132793707	-0.40816646365530324	-0.34026420858027073
-0.3173545441509372	0.4580242682878553	0.8303612703883615	0.01850784525348459
0.0	0.0	0.0	1.0
8	43	18
0.902229908385656	-0.03104997912154147	0.4301359817385648	0.17742385233185548
0.18538364620970255	0.9284716678439126	-0.3218275827271487	-0.3051231303847919
-0.38937641421297103	0.370102719574566	0.8434512402789679	0.10137798752064775
0.0	0.0	0.0	1.0
8	45	19
0.897748179451331	-0.07487698566994155	0.43409858335698204	0.2509848033801739
0.1107971498026249	0.9921489705995732	-0.05800249562718205	-0.14486353652710227
-0.42634751961766204	0.10016855854430975	0.8989962157545103	0.2543187810848666
0.0	0.0	0.0	1.0
8	46	20
0.9115120757677886	-0.08866278430978615	0.4016024213778069	0.26891924938054634
0.08094501547348107	0.9960614413492217	0.03618311244936026	-0.06682513921988831
-0.40322886069658376	-0.00047360787960908383	0.9150990152396471	0.2718964347120201
0.0	0.0	0.0	1.0
12	31	21
0.847576619607991	-0.14469008397481276	0.5105667962260174	-0.2886967864834898
0.43491880921472215	0.7406789220221695	-0.5120939615706723	0.04090593269050524
-0.3040711865185734	0.6560940916434278	0.6907107431685788	-0.6985042482689297
0.0	0.0	0.0	1.0
12	41	22
0.8612820506437986	-0.027905290655976356	0.5073600319959668	-0.01621462106053595
0.31253965467125777	0.8163665186824535	-0.4856588636458766	-0.37262645110479387
-0.4006392851594222	0.5768595788344995	0.7118434163379183	-0.07081997054049394
0.0	0.0	0.0	1.0
12	44	23
0.7530275656472531	0.02471812160398644	0.6575243015846626	0.24035989355885246
0.18837857956061524	0.9493665428210551	-0.25142926222786793	-0.26898888336792015
-0.6304464955647484	0.31319673818610444	0.7102430003838434	0.18686229537446764
0.0	0.0	0.0	1.0
12	45	24
0.7616977102947419	-0.0003992047283576419	0.6479322839510315	0.2645191020032417
0.12021340615918513	0.9827247022702539	-0.14071529350924514	-0.18789037926013274
-0.6366829675640608	0.18507271876508344	0.7485873053350528	0.2504760792216052
0.0	0.0	0.0	1.0
12	46	25
0.7831320458805644	-0.01723755972218813	0.6216162699209091	0.2830257368353925
0.06786958943803117	0.9960134615882629	-0.057884626974587086	-0.10983073665903587
-0.6181404482085985	0.08752018088718727	0.7811801836856685	0.27277851171127043
0.0	0.0	0.0	1.0
12	47	26
0.8159348214449226	0.0018663559549823487	0.5781406601651249	0.3251951727308327
-0.010884515694919382	0.9998671122961581	0.012133636976835262	-0.04936922387338705
-0.578041209728012	-0.01619304365201709	0.815846863613884	0.2464060654109428
0.0	0.0	0.0	1.0
12	48	27
0.861738022316134	-0.0054117420604428475	0.5073244638970414	0.3740398565805156
-0.050853325399331045	0.9939860591793533	0.09698219701948665	0.008557367732495713
-0.504798327910928	-0.10937239772802862	0.8562805293245884	0.22568578117007831
0.0	0.0	0.0	1.0
13	42	28
0.7571819059653807	-0.04105797323020351	0.65191249710546	0.09908998468529745
0.32518546761679684	0.8892524763840038	-0.3216898610856841	-0.3485793174362106
-0.566506905268791	0.45557018002249816	0.6866773193772566	0.03301898032145534
0.0	0.0	0.0	1.0
13	43	29
0.7203340319954136	-0.02480306353147528	0.6931837768898816	0.1939175733629797
0.2712754958810689	0.9298346565679252	-0.24862989254138035	-0.31187738429967027
-0.6383796448114676	0.3671403404228302	0.676520104161048	0.11571910618275894
0.0	0.0	0.0	1.0
13	44	30
0.7054865928329103	-0.044818767901536216	0.7073047206583868	0.24468791518069177
0.19280807005696013	0.9724943012878944	-0.1306897963314322	-0.2307850140721721
-0.6819925803525372	0.2285739433398419	0.6947231892618553	0.21153995273063586
0.0	0.0	0.0	1.0
13	45	31
0.7151264147929931	-0.06866153413496916	0.695614784584095	0.2675917976325455
0.11673626993266849	0.9929190940884715	-0.02200331316585043	-0.1466753587467553
-0.6891785604716415	0.09693862653523443	0.7180780088444857	0.26994745817111543
0.0	0.0	0.0	1.0
13	46	32
0.7385440291603674	-0.08234192845026662	0.6691581060830087	0.28496305771162406
0.05863344781274112	0.996597669978117	0.05792113193716757	-0.06687068421091802
-0.6716508702554682	-0.0035422593468145526	0.7408593523454453	0.28820362946042444
0.0	0.0	0.0	1.0
13	47	33
0.7740144031792406	-0.058328809129605745	0.6304756375500337	0.32733960234992127
-0.024806903138383875	0.992189501644127	0.12224760355060307	-0.0050834882995930974
-0.6326819339070483	-0.11026155730699572	0.7665220500362852	0.2574255486095449
0.0	0.0	0.0	1.0
13	48	34
0.8246851316246828	-0.05741063042728267	0.5626709717761345	0.3748670912895178
-0.07045307077350012	0.9766592279233296	0.20291116154432887	0.053701232368595586
-0.5611871261887313	-0.20697970273115673	0.8013916311633441	0.23265722579982384
0.0	0.0	0.0	1.0
14	43	35
0.7122436298175624	-0.09030230610539494	0.6960994004640647	0.19892278558900267
0.251826481585029	0.9585454587048636	-0.13331851797540845	-0.2783046424547888
-0.6552040398257454	0.2702515725626415	0.7054586104006656	0.14107489735655054
0.0	0.0	0.0	1.0
14	44	36
0.697711543739758	-0.11217385982049695	0.7075418464882889	0.2491093762968405
0.17092764871327298	0.9852061040674027	-0.012358033850421035	-0.19376832033446734
-0.6956883798654486	0.12956082504510227	0.7065634683667656	0.23167233213580918
0.0	0.0	0.0	1.0
14	45	37
0.7080636196947724	-0.13424679598316952	0.6932702529640139	0.2708729686112208
0.0930710288036091	0.9909396693225581	0.09683132645822946	-0.10723496733541449
-0.6999883882699279	-0.004039345978075967	0.7141429628669703	0.28507316145465555
0.0	0.0	0.0	1.0
14	46	38
0.7321234504756263	-0.144177827232366	0.6657385817048564	0.28728538216183813
0.03392937004670172	0.9838484762656805	0.1757576613659723	-0.026098680919345196
-0.6803263339448383	-0.10608821765397602	0.7251906008477578	0.2994884723476625
0.0	0.0	0.0	1.0
14	47	39
0.7674733297905318	-0.11497423710268861	0.6306865186496601	0.3300340249409831
-0.05015644904434226	0.970002061453489	0.23786620071161202	0.03658993978426006
-0.639115748562605	-0.21418897301946152	0.7386841413217319	0.2645783766558054
0.0	0.0	0.0	1.0
14	48	40
0.818927684844137	-0.10491774498425002	0.5642248377259368	0.37659022058934205
-0.09639278784061757	0.9440337834870993	0.31544984259298164	0.09589599679668659
-0.5657436540542853	-0.31271782165913786	0.7629822069195811	0.23608214452542686
0.0	0.0	0.0	1.0
15	43	41
0.7322143361256807	-0.15388621063549984	0.6634614394261441	0.20828499692412766
0.2593850937347053	0.9637343577917968	-0.06273171436960555	-0.25038441041578974
-0.629747127329095	0.2180250590901958	0.7455760527037387	0.17594192584883928
0.0	0.0	0.0	1.0
15	44	42
0.7177738085222343	-0.17647752162597793	0.6735401201017491	0.258144979993883
0.18259137634877026	0.9811999861799743	0.06250615909199027	-0.16085266288610955
-0.6719085733702252	0.07811729610390959	0.7365030602132014	0.2619678389093272
0.0	0.0	0.0	1.0
15	45	43
0.7274078782214967	-0.19740912872488675	0.6571965944954165	0.2786429039184618
0.10821716576882709	0.9787427956604483	0.17421686259922958	-0.07041371074730707
-0.6776185340701342	-0.05560680345949601	0.7333083836777432	0.3108941483155494
0.0	0.0	0.0	1.0
15	46	44
0.7504826352124471	-0.20528928326696017	0.62819741513242	0.2937301590485201
0.051455867832473405	0.9657971467555647	0.2541415263942252	0.013174817147627138
-0.6588838937118481	-0.15840442463486978	0.735377486978719	0.32182581775026264
0.0	0.0	0.0	1.0
15	47	45
0.7850913871608726	-0.17366289324457349	0.594535619084095	0.3362274161185024
-0.030837930885464694	0.9477383587056074	0.31755469053808466	0.0778444091731639
-0.6186117235992644	-0.26764377250168975	0.7387059159837339	0.28308812536134464
0.0	0.0	0.0	1.0
16	43	46
0.7079380504118817	-0.20742412373428656	0.6751287962480452	0.20781149556692607
0.24919873288923283	0.9677819471091383	0.036028755482239536	-0.21410629999718478
-0.6608507730872617	0.14273511298250305	0.736819581403905	0.21158261672475706
0.0	0.0	0.0	1.0
16	44	47
0.6934104763567472	-0.23097891441368226	0.6825178098300847	0.25713938423647087
0.16740273406638312	0.9729511737666585	0.15919345962777143	-0.1197957539277991
-0.7008269083335019	0.0038689078248626317	0.7133211077816316	0.29196622820801615
0.0	0.0	0.0	1.0
16	45	48
0.7039375813009331	-0.2502296828573804	0.6647232485039941	0.27622042879990605
0.08880341800922613	0.9595484363595103	0.26717196865842013	-0.02578761449913076
-0.7046885991164279	-0.12904271665028935	0.6976834932944079	0.335168145434577
0.0	0.0	0.0	1.0
16	46	49
0.7282155761994183	-0.25519714564561324	0.6360632221311795	0.289966110059637
0.029166069434246628	0.9387866316558814	0.3432621904140741	0.059923127038187966
-0.6847272604831529	-0.23141746453222692	0.6910822303361265	0.34149839989205155
0.0	0.0	0.0	1.0
17	43	50
0.6811851157496212	-0.3083182587711144	0.6640230509329148	0.20532294171871318
0.25554348300449653	0.9500835927137775	0.17899330825135631	-0.15681074205618994
-0.6860643594880247	0.04775919903396559	0.7259716789414519	0.2575304873384061
0.0	0.0	0.0	1.0
17	44	51
0.666208036344262	-0.33247843376363084	0.6675513723520542	0.2536903797255553
0.16936168544422803	0.9391844798023405	0.2987462100480396	-0.05649996441690708
-0.7262805949352998	-0.08596951007886425	0.6820014842065905	0.329140544362569
0.0	0.0	0.0	1.0
17	45	52
0.6772199805392194	-0.34921027660185405	0.6476305049013014	0.27077061827589166
0.08677703006532182	0.9119596612955941	0.4009979958692375	0.041770186751375116
-0.7306455627848173	-0.21536440541703203	0.6479008268327477	0.3635657752787642
0.0	0.0	0.0	1.0
18	44	53
0.6491308204021542	-0.3886853955516323	0.6538751660218123	0.24748732044374966
0.18298148759616562	0.9141439672056978	0.3617440868512403	-0.024217143872876212
-0.7383406417023965	-0.11517219385130227	0.6645214925673864	0.3560978617633337
0.0	0.0	0.0	1.0
18	45	54
0.6601228525838015	-0.40431069728306435	0.6330645027126051	0.26338775016003324
0.0983008621280721	0.8820354039136448	0.4608151588904717	0.07718378810269622
-0.7446977706323458	-0.2419638254903547	0.6219960124457355	0.38589793499134206
0.0	0.0	0.0	1.0
19	44	55
0.6268488368970312	-0.46532131242127317	0.6249293449353129	0.24628304091161402
0.21585544925467806	0.8743960303896423	0.43455527521441256	0.0015257978266653982
-0.748643595601328	-0.1375060626842952	0.6485563430062941	0.3758289946829301
0.0	0.0	0.0	1.0
19	45	56
0.6374063930925756	-0.47967908194543357	0.6030101518230081	0.26127673497583426
0.12902141611408596	0.8379878913573666	0.5302168931207908	0.10527359401784242
-0.7596491903113243	-0.2601623831702126	0.5960277531753757	0.40202162146429377
0.0	0.0	0.0	1.0
20	44	57
0.5964057760729219	-0.5181595573522553	0.6130341194986703	0.2368423249850342
0.23247237406800575	0.8425027795289746	0.4859484325418849	0.02984890598930523
-0.7682818428068386	-0.14730902000894358	0.6229313487899348	0.3943765148682825
0.0	0.0	0.0	1.0
20	45	58
0.6070420740113712	-0.5316672567401386	0.590618284200364	0.2509053251450645
0.1422166811250251	0.8039095715319556	0.5774979818340129	0.13558041807487675
-0.7818405403251089	-0.2665698410881331	0.5636189065249108	0.41648765948410293
0.0	0.0	0.0	1.0
21	44	59
0.5884152101869153	-0.5364009480305936	0.6050136124909786	0.2072644189092316
0.24575259658161389	0.8315072836386039	0.4981982205640009	0.0455758467119683
-0.7703072977452793	-0.14446376312353026	0.6210934622507694	0.39702128959059796
0.0	0.0	0.0	1.0
21	45	60
0.5988325438522114	-0.5497409712524866	0.5823954494129565	0.22097453633748565
0.15493167468827754	0.7929822349459468	0.5892159256414394	0.15085560502701084
-0.7857454679779164	-0.2626101770508997	0.5600358302160705	0.4165125087090041
0.0	0.0	0.0	1.0
22	44	61
0.49838803738827103	-0.5472703110409031	0.6723871655633872	0.20745810830597675
0.2609312973880515	0.8343023306627093	0.4856485301186438	0.03358057244023278
-0.826755322355174	-0.06659456635713586	0.5586063127008926	0.41411088245492306
0.0	0.0	0.0	1.0
28	43	62
0.7238343105827796	-0.33588500769639	0.6026981660137556	0.5045805718570032
0.22131078462413176	0.9403782945909752	0.2582829009375117	-0.1640769757392988
-0.6535177455151809	-0.053570439506889264	0.7550130942494724	0.5884916769749688
0.0	0.0	0.0	1.0
28	44	63
0.7101151536341519	-0.3609638973423349	0.6045175143011605	0.5568818129537113
0.14127150763070787	0.9141711981910644	0.37991245938052387	-0.008283573162533031
-0.6897672964537066	-0.18438053482707106	0.7001607558395937	0.653013025550675
0.0	0.0	0.0	1.0
28	45	64
0.7209302066529679	-0.3752065696763703	0.5826488328206959	0.5663618358626893
0.06474045265276555	0.8735409666203046	0.48242598755610283	0.13908008281295636
-0.6899771553646897	-0.3100745515282957	0.6540531050113303	0.683409275521659
0.0	0.0	0.0	1.0
29	43	65
0.8702712731593898	-0.23167855971256668	0.4346870989633165	0.5212496801558223
0.14599304231058627	0.9641507188246154	0.221583505547799	-0.20324340186710455
-0.47044008956491573	-0.1293765296142759	0.8728962439102735	0.6057323187045043
0.0	0.0	0.0	1.0
29	44	66
0.8606004592003763	-0.25830747769263196	0.43891227039609615	0.5747697017643082
0.09696351430510945	0.929169449221825	0.3567103498712048	-0.04410918825356891
-0.49996488458418054	-0.26442669727804674	0.8246901445943381	0.6754998448040457
0.0	0.0	0.0	1.0
29	45	67
0.8684091518335764	-0.27127552063696286	0.41506038397058825	0.5844989495233563
0.049250678565796575	0.8801218899773614	0.47218616693280147	0.10694546681225647
-0.4933963634284813	-0.38960885908889337	0.7776664738480054	0.7107500827054674
0.0	0.0	0.0	1.0
29	46	68
0.8852708523668191	-0.2659113179171688	0.3815581150103635	0.582965634744442
0.0127379266953209	0.8339768675858248	0.5516521498521948	0.23298827986134296
-0.4649012510137958	-0.48350142524321765	0.7416826770272502	0.7128677732054935
0.0	0.0	0.0	1.0
30	43	69
0.9674573624266373	-0.060186936380154786	0.24577146677275	0.5581381967670517
-0.0006407603972266221	0.9707132258593876	0.24023998979273634	-0.21267449591456966
-0.25303293903677365	-0.23257957402000587	0.9390852401903458	0.643501752039696
0.0	0.0	0.0	1.0
30	44	70
0.9641210730772215	-0.08826352248758157	0.25035955071950894	0.6123309610852664
-0.014074248262376554	0.9247851894469393	0.3802292930694072	-0.04704828347772305
-0.2650891956314732	-0.37011087014362565	0.8903627777436866	0.7136672656341307
0.0	0.0	0.0	1.0
30	45	71
0.9693554117689851	-0.09908354991132368	0.2247942038205884	0.6213345209352833
-0.027462445886374327	0.8656114207140405	0.4999625961804746	0.10991037775129886
-0.24412254281570284	-0.49081502483795064	0.8363641586157358	0.7496163724104443
0.0	0.0	0.0	1.0
30	46	72
0.977843043987833	-0.09000367194264398	0.18900300998400552	0.6183271405984619
-0.03783086197232898	0.8120152823038745	0.5824085596255495	0.2402475798063043
-0.20589224590711533	-0.5766545218601687	0.7906187344616531	0.7525301569037364
0.0	0.0	0.0	1.0
31	43	73
0.9707541774482166	0.03742259535141063	0.2371408609072866	0.6334135500591037
-0.09877006866838618	0.9625626400660412	0.2524232613305811	-0.23753716469269048
-0.21881663799828127	-0.2684633920608787	0.9381079857917143	0.6887775133225228
0.0	0.0	0.0	1.0
31	44	74
0.9703823541049917	0.009099877188547371	0.24140247671464213	0.6887545360880251
-0.10607006251171705	0.9138607083796414	0.3919283765593227	-0.06322965434501941
-0.21704177413551917	-0.4059260235352621	0.8877595494485692	0.7609115863213638
0.0	0.0	0.0	1.0
31	45	75
0.9764678298823922	-0.0008211751239317436	0.2156614980744454	0.6970962482964062
-0.11214499693454211	0.852226115948367	0.5110128511092826	0.10181725767940579
-0.1842120558923468	-0.5231730453706608	0.8320792934403377	0.7999064054036834
0.0	0.0	0.0	1.0
31	46	76
0.983635334808155	0.009505479136796838	0.17991963795278978	0.692283856496355
-0.11614256240591063	0.7968864185885116	0.5928597985269666	0.23815697020918897
-0.1377401171756734	-0.604054289063406	0.7849496558377503	0.8060134075217276
0.0	0.0	0.0	1.0
32	43	77
0.9534697152935556	-0.008726719241814548	0.30136233741392765	0.6427210853815087
-0.032438242509692086	0.9908089373664333	0.131321664527587	-0.28515832943035146
-0.29973852948532326	-0.13498687440912055	0.9444232762917069	0.6759702227366065
0.0	0.0	0.0	1.0
32	44	78
0.9504250131255947	-0.036209759798046796	0.3088381857146945	0.6991539205126449
-0.052659556898844814	0.9601088783841591	0.27462362300233034	-0.11196869944481702
-0.30646236005707594	-0.2772724581389001	0.9106047107309094	0.7550132146860831
0.0	0.0	0.0	1.0
32	45	79
0.9572623056433954	-0.04962025043364455	0.28493277747006435	0.7085753705911269
-0.07146903775359223	0.9140371157327961	0.3992849114380344	0.05297018161338851
-0.2802518000024317	-0.40258429610178476	0.8714269445979852	0.8006969205941292
0.0	0.0	0.0	1.0
32	46	80
0.9675278470705201	-0.04429025700118639	0.24885365059416029	0.7042274636878336
-0.08532226223673776	0.869514731658243	0.4864814211441044	0.18978433933156424
-0.23792831223519742	-0.49191714819520904	0.8375007815127983	0.8120025791854237
0.0	0.0	0.0	1.0
32	47	81
0.9763954095612132	0.0023110625555897474	0.21597821782621573	0.7244720030198308
-0.12714996718707627	0.8144679958764964	0.5661050228052092	0.2968328945559142
-0.1745990376428517	-0.5802040286800605	0.7955365951387962	0.7742932026125553
0.0	0.0	0.0	1.0
32	49	82
0.9923716065719337	0.08240970356897873	0.09169087276620255	0.7310091569536066
-0.12319719265924794	0.6905699573013236	0.7126960544598807	0.5355159941395877
-0.004585898003945837	-0.7185554533354745	0.6954545480050668	0.7486135722475202
0.0	0.0	0.0	1.0
33	42	83
0.9240263184016579	-0.03809527747969872	0.38042622900845785	0.4817396697144427
0.12365088027139437	0.9713251264791919	-0.20307167555078084	-0.43910458853640755
-0.3617814728658304	0.23468357687462285	0.9022404626606155	0.5230237530363979
0.0	0.0	0.0	1.0
33	43	84
0.9006699912068449	-0.03523859779223551	0.4330724825752955	0.6046531037316825
0.09190382148731244	0.9896053521912923	-0.1106113290272821	-0.3513800358548558
-0.424673088986154	0.13942526677405562	0.894546518119615	0.5894871485705497
0.0	0.0	0.0	1.0
33	44	85
0.8929358238846511	-0.0594733775058788	0.44623812711757604	0.6618228828430208
0.05086210900676506	0.9982163293627635	0.03126283710818084	-0.19097295051591812
-0.44730151960145653	-0.005219172339212781	0.8943681624073483	0.6796571824873565
0.0	0.0	0.0	1.0
33	45	86
0.9005835253634702	-0.07910975453138058	0.42742367194828773	0.6743416325860245
0.011239889184881136	0.9872089578169071	0.15903514045105088	-0.03610573746884849
-0.43453776419108836	-0.13842030872762578	0.8899533898912815	0.7358329053322885
0.0	0.0	0.0	1.0
33	46	87
0.9156662524554525	-0.08414211981426295	0.39303355097730147	0.6732980421164199
-0.018887361696518886	0.9677551653421651	0.2511833167890666	0.09432853273559927
-0.40149537434076493	-0.23742354962307557	0.88455165492719	0.7550344640422191
0.0	0.0	0.0	1.0
33	47	88
0.9347976286664178	-0.04851716096067825	0.3518514678769401	0.6943196945767631
-0.07710407334007019	0.9392830866076464	0.33436850214217106	0.19656276645375365
-0.34671074942663316	-0.3396961570463181	0.8742987923820678	0.7258107520131798
0.0	0.0	0.0	1.0
33	48	89
0.9612841290909137	-0.027874166458260668	0.2741457972548284	0.6993842707929663
-0.09344729503947055	0.9029427820572645	0.41947816124910253	0.30377633315258257
-0.2592306015073997	-0.4288559701187242	0.8653798668972684	0.7089673743927865
0.0	0.0	0.0	1.0
34	42	90
0.8777672330254184	-0.0660114904546621	0.4745178634854619	0.43374173272955363
0.21640987553010635	0.9382860159635974	-0.26978924401977566	-0.43832079277048974
-0.42742428076422123	0.339502593174883	0.8378820712871311	0.41561380946680604
0.0	0.0	0.0	1.0
34	43	91
0.8497689425845367	-0.05681659332299189	0.5240845409479488	0.5506449653063756
0.17745459537411043	0.9669838055583171	-0.18289920363534512	-0.3615017086867338
-0.4963896128452844	0.24842334070179162	0.8317951149158925	0.4854583765616285
0.0	0.0	0.0	1.0
34	44	92
0.8389806582759017	-0.07917756249775046	0.5383700567432991	0.6068862321313718
0.12380839531140825	0.9911846236390387	-0.04716692875955409	-0.21743006618678096
-0.5298896168286861	0.10622689897465021	0.8413874937425709	0.5790425729159407
0.0	0.0	0.0	1.0
34	45	93
0.8468692782712507	-0.10091197056542356	0.5221391127174434	0.6219776866497747
0.07142005275404269	0.9945184816168678	0.07636924466579471	-0.07683589044554529
-0.5269836473144978	-0.02738355517455746	0.8494341725009412	0.638671259093317
0.0	0.0	0.0	1.0
34	46	94
0.8647435052759109	-0.11005247478372178	0.4900072487787211	0.6249326954832335
0.031217255745856223	0.9855867143376863	0.16626553813176084	0.043573624099969455
-0.5012426203922796	-0.12848038524458832	0.8557151793053758	0.6605567201245188
0.0	0.0	0.0	1.0
34	47	95
0.8903941315978402	-0.07968731295116728	0.44816094958316793	0.6497948405122205
-0.03669568470686237	0.9687865706832808	0.24516550691199496	0.1371723183850763
-0.45370890381445383	-0.23473954381673978	0.8596775558850278	0.6345330177991544
0.0	0.0	0.0	1.0
34	48	96
0.9256929250668272	-0.06801776318334293	0.37211061146445956	0.6632112877722528
-0.0638359672414141	0.9415041456566785	0.33090023974741434	0.23548042993497
-0.3728508001653882	-0.3300661015910715	0.8672016055974445	0.6202628207066141
0.0	0.0	0.0	1.0
35	42	97
0.9010618332023737	-0.051406765014137136	0.4306330979594945	0.33947090485233
0.18675922659381008	0.9421604091215942	-0.27830697717325054	-0.3802737162504428
-0.39141863354783335	0.33119654719448127	0.8585454464710517	0.2993359780385356
0.0	0.0	0.0	1.0
35	43	98
0.875383799158939	-0.0427482978735964	0.48153472666974284	0.44932008846891847
0.1516420395314143	0.9700902121895937	-0.18955075829019744	-0.3157609429342041
-0.4590292451571369	0.2389506103141156	0.8556838057839166	0.3696221204161194
0.0	0.0	0.0	1.0
35	44	99
0.8656964777962383	-0.06530693928074985	0.4962907240067409	0.5030535108144457
0.10433504720104111	0.993218424426848	-0.05129743371198974	-0.1914983610543859
-0.4895751019663185	0.09618853260523959	0.8666395862256543	0.4593625757633557
0.0	0.0	0.0	1.0
35	45	100
0.8731478705020413	-0.08688492505656266	0.4796496418851786	0.5200839299626309
0.05804143549927909	0.995517530633378	0.07467263079353256	-0.06925682671799516
-0.48398766469441457	-0.03736069177456299	0.8742770002455024	0.5148277733415636
0.0	0.0	0.0	1.0
35	46	101
0.8895728390765199	-0.09568195904627538	0.44665985197308106	0.5275499657297945
0.02247116301514364	0.9857986749767983	0.1664205776308123	0.037599320235008116
-0.4562402197564127	-0.13800627952910613	0.8790899202820973	0.5330502581889762
0.0	0.0	0.0	1.0
35	47	102
0.9126085680234411	-0.06483494544623133	0.4036606942368354	0.5591349295039454
-0.04117802716043456	0.9677475872395409	0.24853365330233435	0.11978086636912563
-0.4067553775070843	-0.24343592337584238	0.8805049973869936	0.5031735661188339
0.0	0.0	0.0	1.0
35	48	103
0.9439161121667119	-0.052477981807612914	0.32598842654537463	0.5840780987951806
-0.06359394868832215	0.9399100571746494	0.3354472280490903	0.20453555621448863
-0.3240034540773805	-0.3373649663885228	0.8838589951841653	0.48403748524215917
0.0	0.0	0.0	1.0
36	42	104
0.9033399504143454	-0.05760898708122334	0.4250389809284957	0.2629863039143532
0.205929496443203	0.9275126513417424	-0.3119508303440759	-0.3383121602244841
-0.37625787886923556	0.3693257582271928	0.8497225213316626	0.196841573121724
0.0	0.0	0.0	1.0
36	43	105
0.8783094087750098	-0.0466230787139158	0.47581385364998185	0.36670606808135936
0.172233118956536	0.9592653034416352	-0.22393220051879137	-0.28456740076238796
-0.4459913886250249	0.27863270434185294	0.8505618142837231	0.26804624825976614
0.0	0.0	0.0	1.0
36	44	106
0.8682347507905377	-0.06843346060503329	0.4914114312169636	0.4184709778828666
0.12666908166568602	0.9881937575510203	-0.08618639153822037	-0.17742688678952895
-0.47971175357456836	0.13707666120589954	0.8666525788549396	0.3556149842826783
0.0	0.0	0.0	1.0
36	45	107
0.8750442032837661	-0.09073441493413491	0.47546285518732107	0.43734655466280836
0.08153337018466465	0.9958679551302959	0.03999091853274673	-0.07089807099509089
-0.4771268751691644	0.003772264146006065	0.8788263497590334	0.4086787865872766
0.0	0.0	0.0	1.0
36	46	108
0.8909764372195834	-0.10103211598320717	0.44266628911868955	0.4487593420134145
0.04654533610272891	0.99011675462981	0.13229555649341562	0.02444438570461809
-0.45165748061947386	-0.09726820035603606	0.8868733068673034	0.4247231703124932
0.0	0.0	0.0	1.0
36	47	109
0.9143411860210633	-0.07221502800197961	0.3984534595094093	0.4858572639550926
-0.01678796846433803	0.9763642831224603	0.21547836321824157	0.09689920862231717
-0.4045965378031568	-0.20371001063599878	0.8915176940882714	0.39261775630596546
0.0	0.0	0.0	1.0
36	48	110
0.9452502851828791	-0.06324830547200402	0.32015874272416345	0.520561997901265
-0.03908359501096139	0.9520389982001632	0.30347015652199605	0.1703330542905979
-0.3239976230344048	-0.2993682532458571	0.8974431267323453	0.3704079636724997
0.0	0.0	0.0	1.0
37	43	111
0.8856210557368495	-0.030072292469002494	0.46343384396562204	0.2950223042629202
0.15053036907433198	0.9626141312451765	-0.22519894490340944	-0.2308398872876829
-0.43933577869153884	0.2692019145627197	0.8570381061098167	0.1765182221113335
0.0	0.0	0.0	1.0
37	44	112
0.8761886800319973	-0.05208721436039183	0.4791452872003331	0.34434234762532134
0.10634925520192015	0.9905334408188761	-0.08679596101653998	-0.13934141709758285
-0.47008852783915395	0.12700645285961693	0.8734335652539102	0.2583677127671624
0.0	0.0	0.0	1.0
37	45	113
0.8832034395146704	-0.07423814929643291	0.46307706932322384	0.364452471712738
0.0628447030328892	0.997221111316496	0.04000888032996912	-0.04765020503605788
-0.4647604951320125	-0.006233994086323254	0.8854144940837217	0.30597251930547387
0.0	0.0	0.0	1.0
37	46	114
0.8988707909607891	-0.08419672649831177	0.4300489855005522	0.37942386228139335
0.02926990598644761	0.9907123018553682	0.1327868573400332	0.03652932997922964
-0.437235088612246	-0.10677072337866526	0.8929867269213755	0.31772255600909816
0.0	0.0	0.0	1.0
37	47	115
0.921053600871036	-0.0548940025582178	0.38554748470932904	0.4225492410121646
-0.03261534003477178	0.9756642754497514	0.21683083461524572	0.09908244076563427
-0.38806763636546526	-0.21228760011637957	0.8968485734229426	0.2813077608193568
0.0	0.0	0.0	1.0
37	48	116
0.950684684990746	-0.0452616323027212	0.3068388245958332	0.4668268466191325
-0.0532031437578029	0.9508339312261926	0.30509728357728344	0.16117887897740232
-0.30556199350996877	-0.30637613522063606	0.901535057217293	0.2545143790212494
0.0	0.0	0.0	1.0
38	45	117
0.906315921300912	-0.13309780123572335	0.4010939110398151	0.3247664030035199
0.07695286435397786	0.9852179446137116	0.15304828271737872	-0.0001964412866693579
-0.4155354053779797	-0.1078447914723261	0.9031610885705202	0.24420775290403746
0.0	0.0	0.0	1.0
38	46	118
0.920026928600761	-0.139185847368844	0.3663025678619577	0.3415311672158417
0.04844169972516155	0.9680192526310976	0.2461541604514118	0.07716361565794665
-0.3888491797739058	-0.20872418848036864	0.8973463445007225	0.2502338341853134
0.0	0.0	0.0	1.0
38	47	119
0.9400867241669119	-0.10497157368670931	0.3243728811464377	0.3892332394877208
-0.008917175867158992	0.9435249887729441	0.3311812643659575	0.13318148305296107
-0.3408185784471608	-0.3142316580357864	0.8860593527926425	0.20803410324967558
0.0	0.0	0.0	1.0
38	48	120
0.9654697562577217	-0.08630535501974979	0.24580372782750146	0.4395005310818479
-0.02493001547233699	0.9085918108315141	0.4169404213956793	0.18780779792686145
-0.2593195000524542	-0.4086713179725574	0.8750664065904447	0.1758638695445573
0.0	0.0	0.0	1.0
