1	28	1
0.6434878936278714	-0.04344428865917654	-0.7642224491969702	0.1578257766839517
0.3476192812136052	0.9060834589158718	0.2411924021578062	0.02354680621182854
0.6819708430136647	-0.4208629418083988	0.5981557636868604	0.1351010899740472
0.0	0.0	0.0	1.0
8	19	2
0.7363983928427698	0.5094534387150521	-0.4451683340061793	0.10693383713760142
-0.14376533887836002	0.7608064347232253	0.6328547330778919	0.2641672532910995
0.6610969596129419	-0.402033448596161	0.6334983598347312	0.04577157739316928
0.0	0.0	0.0	1.0
8	20	3
0.6847169247907141	0.5280053078153376	-0.5023673709419975	0.0899388921936056
-0.24398675479263904	0.815594095606839	0.5246681035355092	0.16976766100992224
0.6867555393462971	-0.23667823831170115	0.6872775146631639	0.030834717259787526
0.0	0.0	0.0	1.0
8	21	4
0.6724226503417602	0.5135442305828046	-0.5330292984376704	0.07702003840108793
-0.2767772717585883	0.8423605316527392	0.46240996683353475	0.1000635216729076
0.6864708104631442	-0.16340453927334486	0.708559655179291	-0.005342644969032277
0.0	0.0	0.0	1.0
8	22	5
0.6460652138645694	0.5301872214619626	-0.549091317937636	0.07373823790283165
-0.3469346803931778	0.8447537977686179	0.4074644363732011	0.05118365308620307
0.6798794837895265	-0.07274980644721082	0.7297064226763819	-0.03476564924722065
0.0	0.0	0.0	1.0
8	23	6
0.6166138251987395	0.5446759926994743	-0.5684324901397907	0.06986633346759329
-0.36827296110947005	0.8377254499274825	0.40322592699926213	0.03396687920396291
0.6958178615120668	-0.039296346758911686	0.7171424416088215	-0.0438337219842215
0.0	0.0	0.0	1.0
8	24	7
0.6048958046097072	0.5460760030339423	-0.5795704336053664	0.0667029525141906
-0.25207259909232044	0.8217074418719316	0.5111320104724191	0.09076849931498299
0.7553544277329872	-0.16308790977139587	0.6346983082366063	-0.021570008997123913
0.0	0.0	0.0	1.0
9	19	9
0.7858637310606197	0.46080975392986073	-0.41239871321934507	0.11719604656564343
-0.07993330382644218	0.7369793515701152	0.6711722441427395	0.3274761158735034
0.6132120572562405	-0.494485600046569	0.6159994140048586	0.07733058930635939
0.0	0.0	0.0	1.0
9	20	10
0.7368196864894702	0.48706207261338286	-0.46889980702049666	0.09678389643796356
-0.17332312305346761	0.8064496640352946	0.5653299765803208	0.22736731819250056
0.6534949957595397	-0.3352752325861685	0.6786272904163964	0.07260457586363371
0.0	0.0	0.0	1.0
9	21	11
0.7236011778145551	0.4754279129977193	-0.5003695252072086	0.08133746040226494
-0.20273488956815752	0.839365833743757	0.5043446519635092	0.1546645846465338
0.6597725933157836	-0.26350206141871096	0.7037519706927593	0.04058533665812311
0.0	0.0	0.0	1.0
9	22	12
0.6991000443488028	0.4952752978876281	-0.5157144887073126	0.07733265880944487
-0.27170339657755077	0.8511629297724893	0.44910902261	0.10147786560980895
0.6613897107589473	-0.17385083204265342	0.7296161254548316	0.015898620996024286
0.0	0.0	0.0	1.0
9	23	13
0.6713574340604644	0.5134406541220409	-0.5344696798923082	0.07240833274031598
-0.29355069168366926	0.8463907593963588	0.44435435073882695	0.08332756762932769
0.6805197852725805	-0.14142666515285213	0.7189515551068059	0.007803054108788149
0.0	0.0	0.0	1.0
9	24	14
0.659954478278857	0.5165075354011331	-0.5456003882382554	0.06845752146124322
-0.1806428178660642	0.8139878454992596	0.5520794066750884	0.147709685828172
0.7292653852566638	-0.2657886776657355	0.6304984788684704	0.021603097140284633
0.0	0.0	0.0	1.0
10	20	15
0.8652220517151139	0.3693220442776486	-0.33910428961937217	0.12465837786943576
-0.18235368157225396	0.8618053021563158	0.4733270632706787	0.22663374022508054
0.46705216901376506	-0.3476963421903666	0.813000354616092	0.11144061195287185
0.0	0.0	0.0	1.0
15	28	50
0.70311113	0.03505167	-0.71021551	0.08735024
0.34664800	0.85516827	0.38538607	0.20361594
0.62086214	-0.51716415	0.58912777	0.06880836
-0.00000000	-0.00000000	0.00000000	1.00000000
17	28	16
0.8578454011150526	-0.14941015281129993	-0.4917090312733717	-0.03436956923698709
0.3111819883066369	0.91247234137338	0.26563159714501683	0.07421889860168868
0.40898276120720256	-0.3808819258330782	0.8292539953697354	0.021152895877084306
0.0	0.0	0.0	1.0
19	27	17
0.9822622991997719	-0.01999851879790303	-0.18644194103603742	-0.0612427609734293
0.12499847574141677	0.8109835707780088	0.57156013654817	0.14322594043265596
0.13977097428690252	-0.5847271026373486	0.799098337881658	-0.0005886809161317912
0.0	0.0	0.0	1.0
24	27	18
0.9998325705394577	0.017954419571496866	0.003556690509816791	-0.03826714593442131
-0.015115850670291385	0.7004047419909252	0.7135860410265399	0.3498146952940496
0.010320956531758584	-0.7135203532351927	0.7005586249564615	-0.024344408697340662
0.0	0.0	0.0	1.0
27	29	19
0.9698248278247372	-0.042700889032148255	-0.24003420629418284	-0.07355563006248715
0.11255395017510132	0.951763065908438	0.28544468623630254	0.11300045102459959
0.21626705493366555	-0.30384809255372214	0.9278497072365839	-0.014399097054667787
0.0	0.0	0.0	1.0
28	32	20
0.7942931512282595	-0.2487037456881645	-0.554296676484308	-0.1120136829295795
0.2519076838663544	0.9650666969661995	-0.07203204797042413	-0.028594861444586568
0.5528481157124535	-0.0824169237919865	0.8291963549090511	-0.08954526645477302
0.0	0.0	0.0	1.0
29	33	21
0.9063725286909063	-0.20225498844639836	-0.3709205703683736	-0.07333652064648494
0.07863193397532607	0.9433794248327468	-0.3222612343594269	-0.10428252711154036
0.41509780171925736	0.2629225717542276	0.8709568263405437	-0.09640424844253578
0.0	0.0	0.0	1.0
30	33	22
0.9711239477362086	-0.12009514695534743	-0.20614466778050142	-0.04138885175604134
0.057602858549262566	0.9565292401572031	-0.28589123656912996	-0.10574636645831001
0.2315175282532414	0.265761338899418	0.9358262940924748	-0.060076043771255194
0.0	0.0	0.0	1.0
30	34	23
0.9631702106333822	-0.13007186359179282	-0.2353385711945292	-0.04471303665152388
0.008301412674920943	0.8891826559296314	-0.45747692584551214	-0.16919123248205237
0.2687639472527907	0.43867462589654016	0.8575141560160837	-0.12447851342147427
0.0	0.0	0.0	1.0
31	34	25
0.9931909530916851	-0.037288150360995205	-0.11036923881374645	-0.019772637801159808
-0.010751284434250895	0.9140110939573693	-0.4055466754207215	-0.14253593252754243
0.11600088955720363	0.40397200075817585	0.9073866963194924	-0.09034811479561279
0.0	0.0	0.0	1.0
32	33	26
0.9981562788611994	0.05935164833534705	0.012714746835103588	-0.001397847304120944
-0.05575360151479719	0.9793147340150453	-0.19451061946314205	-0.05207153059874314
-0.023996308489596607	0.19344310411762408	0.9808181030068673	-0.021597656401860853
0.0	0.0	0.0	1.0
32	34	27
0.9985051396633808	0.05154679060043893	-0.018172842849675894	-0.006055287456249635
-0.05459228540974853	0.9244927678998682	-0.3772701432912914	-0.12397672728939789
-0.0026463653916681366	0.37769838411784085	0.9259248618917038	-0.07526388639903304
0.0	0.0	0.0	1.0
32	35	28
0.9951297711753889	0.03117755465155284	-0.09351277694365738	-0.01735996570548184
-0.07403646528904324	0.8627181451098158	-0.5002359494091763	-0.17937675629941768
0.06507911146613507	0.5047231442432675	0.8608247046801145	-0.12435392612120447
0.0	0.0	0.0	1.0
33	34	29
0.999492257206563	-0.0016548970847067575	-0.031813267745711055	-0.005431414242915665
-0.004418347968674726	0.9817959698333953	-0.18988660819551187	-0.07696038029455647
0.03154847549100059	0.18993085692134515	0.9812903092807209	-0.04413621935175934
0.0	0.0	0.0	1.0
33	35	30
0.9939562337798723	-0.0067601808637956125	-0.10956731473388097	-0.018688974415308444
-0.029056583623269388	0.9463014195896682	-0.32197695578123453	-0.13709593947849874
0.10586046492141098	0.3232147852957879	0.9403858074689972	-0.08706551989977664
0.0	0.0	0.0	1.0
33	36	31
0.9931231205764965	-0.061316986468799024	-0.09973178131858139	-0.0017685068058370995
0.003084353864178224	0.8652811311789403	-0.5012773623658657	-0.19310556227920578
0.11703292017257774	0.4975227108272255	0.8595198196379036	-0.1363857926679128
0.0	0.0	0.0	1.0
34	35	32
0.9969488518197118	0.009776572999768956	-0.07744361987143528	-0.015939794112252905
-0.020364755942770006	0.9903426500587139	-0.13713782473023142	-0.06704215576274525
0.07535501917644674	0.13829653414178517	0.9875199494976381	-0.032427488824684624
0.0	0.0	0.0	1.0
34	36	33
0.9958935487887055	-0.045651046504546496	-0.07818040681793478	-0.0033233063167100937
0.017598108447416685	0.9447019949817916	-0.32745788724125674	-0.13475812552182376
0.0888059538834338	0.32473740244315985	0.9416258393580336	-0.06935174117978314
0.0	0.0	0.0	1.0
34	37	34
0.9956125734378433	-0.09029724529184946	-0.024539063293350066	0.031403208362190245
0.0634517673843624	0.8442433018567218	-0.532190881607483	-0.20218353052740562
0.06877230882775202	0.5282989720900816	0.8462686968338078	-0.1462347433244135
0.0	0.0	0.0	1.0
35	36	35
0.9984630839683883	-0.05476979911290908	-0.008472560380110293	0.008645360410166704
0.052139902394157465	0.9801270957908852	-0.19139611982556787	-0.07442368832606007
0.018786854038042863	0.19066022436576802	0.9814763643670102	-0.024443196297506565
0.0	0.0	0.0	1.0
35	37	36
0.9935922969499072	-0.10633536700884749	0.03830375270351027	0.041354007281733114
0.11272677978652568	0.9077814190284057	-0.40401183063820245	-0.15262815469670327
0.008189278587728372	0.40574096687262295	0.9139514986727753	-0.08926530679988093
0.0	0.0	0.0	1.0
35	38	37
0.9872894551837678	-0.14054674831282407	0.07420299473871933	0.07183867899589952
0.15806003469671845	0.8194383301125261	-0.5509426323014187	-0.20229408086517275
0.01662837786535135	0.5556685007884526	0.831237728343432	-0.16836769764433462
0.0	0.0	0.0	1.0
35	39	38
0.9839326469438235	-0.14033205207561975	0.11037848280987742	0.0957423524205536
0.1784962139230252	0.7868629369802009	-0.590750282442758	-0.22928192296306482
-0.003951596559296854	0.6009607068463023	0.7992688422193556	-0.22626695185043955
0.0	0.0	0.0	1.0
35	40	39
0.9506393324963058	-0.14503519279100244	0.2743167179524273	0.16120145689855883
0.28383678179952504	0.7636685950792669	-0.5798680349540856	-0.24434732257328765
-0.12538578911471876	0.6291066060719376	0.7671396611477965	-0.23010525051799752
0.0	0.0	0.0	1.0
35	41	40
0.8521775237819617	-0.1215561967782463	0.5089376418249293	0.23583918853428149
0.40207155689615504	0.7745728435271566	-0.4882369747340589	-0.23054702689565576
-0.3348611247802121	0.6206940144742795	0.7089478898754419	-0.2197144331690362
0.0	0.0	0.0	1.0
36	37	41
0.9975646230116754	-0.05974756844394706	0.03598683342581931	0.029162697488534124
0.06625750237253046	0.9729448675733009	-0.22133246950993732	-0.08620089348102235
-0.021789113152539896	0.22317786789868554	0.9745341831635279	-0.04864647677954487
0.0	0.0	0.0	1.0
36	38	42
0.9928410628561075	-0.10047866932312803	0.06457992821744178	0.05735575113509288
0.11760448636189914	0.9168430822971734	-0.38153339840298656	-0.1444018515458569
-0.020873693801481682	0.386396988879678	0.9220963356360338	-0.11689115454153175
0.0	0.0	0.0	1.0
36	39	43
0.9891711582864037	-0.10736711122599646	0.10006318058665163	0.08164581062811771
0.14013067409042154	0.8935996317776554	-0.4264305589422404	-0.1744117310796875
-0.04363182652341922	0.43583478295614814	0.898968418711239	-0.17147962826461147
0.0	0.0	0.0	1.0
36	40	44
0.9547976381258554	-0.14508983675989734	0.259442484867672	0.14849035514437336
0.24648748735219508	0.8742758568054143	-0.4181931048839212	-0.19163341884974178
-0.1661487104147645	0.46323917358445793	0.870519319222759	-0.17291457526750095
0.0	0.0	0.0	1.0
36	41	45
0.8532133961164472	-0.1721167604196386	0.49234406582070667	0.22768772696288736
0.36316697270465714	0.8735903216215578	-0.32395912351825606	-0.1765895012322908
-0.3743483050070614	0.45520942735485903	0.8078661373299476	-0.1628528457466116
0.0	0.0	0.0	1.0
36	42	46
0.7210690029494202	-0.18984491260330527	0.666347028824793	0.3021598104936713
0.42365391333636565	0.8818042902689387	-0.2072158063624466	-0.14380179252396866
-0.5482489263634549	0.4317174722851923	0.7162703427404526	-0.1969732118945971
0.0	0.0	0.0	1.0
36	43	47
0.5833147861909559	-0.19282274279181572	0.789026769686527	0.36363357276890484
0.45127787221609034	0.8846222852191722	-0.11743802162950041	-0.09132777174514399
-0.6753460199322441	0.42457370845521447	0.6030298971868762	-0.30150216435159216
0.0	0.0	0.0	1.0
37	38	48
0.9987505021680934	-0.04627067503368286	0.01887759075946266	0.025159247124503282
0.04880875841587151	0.9842758456394348	-0.16976076398923115	-0.0692380523399005
-0.010725826728848444	0.17047008615445725	0.9853044725480833	-0.05395209561843061
0.0	0.0	0.0	1.0
37	39	49
0.9967780321555018	-0.061069506659452516	0.05199984950323902	0.049842437846059566
0.07105312010995611	0.9730909769161976	-0.2191928312539026	-0.10326547905440803
-0.03721462286232756	0.22218140469355718	0.9742948277534949	-0.10384610316173312
0.0	0.0	0.0	1.0
37	40	50
0.9704776194275523	-0.1353249716007974	0.19965052190522486	0.11823577092521831
0.17860190267990944	0.9595137281965314	-0.21779521178597494	-0.12472596114346664
-0.16209427010218633	0.24702341641615963	0.9553557972487756	-0.10041913629101294
0.0	0.0	0.0	1.0
37	41	51
0.8791369528949189	-0.21990009549610504	0.4228026955598651	0.20366199875817648
0.2984293695248845	0.9457205889384666	-0.12865631629828483	-0.11002922341089029
-0.3715617508545659	0.23928331283772256	0.8970425561373637	-0.08775270756901875
0.0	0.0	0.0	1.0
37	42	52
0.7546354079541138	-0.28441668632194195	0.5912973115806661	0.2844001648331215
0.36247945734882314	0.9318809511710566	-0.014370744756144692	-0.07474278677663429
-0.5469315124549103	0.22517783623700363	0.8063255821328974	-0.12238778426619429
0.0	0.0	0.0	1.0
37	43	53
0.6218094462020979	-0.32359421976096525	0.7131898715840007	0.35229999565252834
0.3930985898146825	0.9165822572000834	0.07314778755384017	-0.020222995334866527
-0.6773674172809485	0.2348700016608054	0.6971439019990024	-0.22758870463719214
0.0	0.0	0.0	1.0
37	47	54
0.837607613673317	-0.2107260315591505	0.5039920110785592	0.6052602430378221
0.1889853833989342	0.9774138452626914	0.094586680382803	0.12829077865586788
-0.5125407163951076	0.016020624914696503	0.8585134288993718	-0.38345152109428415
0.0	0.0	0.0	1.0
38	43	55
0.6494687945233009	-0.4092279194889517	0.6408766414900897	0.34220237770449274
0.3515774345906906	0.9089388454938573	0.22410636671815864	0.045955749184394365
-0.6742282961851735	0.07976769760702976	0.7342026280155385	-0.16549091445229097
0.0	0.0	0.0	1.0
38	44	56
0.6004722384609772	-0.4110569879923946	0.6859046876772034	0.3821574918194276
0.3689911239283525	0.9034141275624219	0.21837691801357462	0.12518201086249148
-0.7094214189066287	0.12196352677489418	0.6941513786307925	-0.3093617728482443
0.0	0.0	0.0	1.0
38	45	57
0.6644423033743548	-0.359943270185624	0.6549482851801134	0.41699441166974116
0.309118215073516	0.9302586972070424	0.19764783968982372	0.1642096993263217
-0.680413432922173	0.07113089652361666	0.7293682046068668	-0.3963041492565764
0.0	0.0	0.0	1.0
38	47	58
0.8558257020441902	-0.2520880428550168	0.4516790873945852	0.5906433199754635
0.1453092444731331	0.9552119122660541	0.25778944783748264	0.20468022124905416
-0.4964349530399282	-0.15498969880518815	0.8541255810252635	-0.3356109448510237
0.0	0.0	0.0	1.0
40	48	59
0.9797588973381341	-0.05699646113319276	0.19189585845672283	0.6122187880678239
-0.021102223508969644	0.9238617389951101	0.38214429142314227	0.2862590913312598
-0.1990661627735591	-0.3784587007212429	0.9039589936995677	-0.1979056363815386
0.0	0.0	0.0	1.0
46	49	60
0.9037670831140971	0.13928434307639495	-0.4047281060524186	0.12081669102330281
0.0304767564594563	0.9222316142217108	0.3854347737217685	0.2519192772335623
0.42693821093841056	-0.3606781738864517	0.8292377350245874	0.04158417843692179
0.0	0.0	0.0	1.0
47	49	61
0.9723290098579381	0.0758063681617908	-0.2209742905118262	0.07820203894652752
0.0027376772774629983	0.9421261232128975	0.3352474661854847	0.1935412908617981
0.23359958004685485	-0.32657590593183006	0.9158491018337751	0.05599919900292365
0.0	0.0	0.0	1.0
48	49	62
0.99594261340902	-0.0052645738126986695	-0.08983531567723255	0.025054522417053773
0.026322974906127894	0.9716671400660739	0.23488276602083746	0.1044436505646229
0.08605355650846822	-0.23629458268296508	0.9678635049198913	0.029954528309113288
0.0	0.0	0.0	1.0
