1	28	1
0.6434878936278715	-0.04344428865917659	-0.7642224491969704	0.15782577668395126
0.34761928121360525	0.9060834589158715	0.24119240215780582	0.02354680621182943
0.6819708430136652	-0.42086294180839956	0.5981557636868597	0.1351010899740472
0.0	0.0	0.0	1.0
8	19	2
0.7363983928427695	0.5094534387150518	-0.44516833400617933	0.1069338371376032
-0.1437653388783598	0.7608064347232256	0.6328547330778919	0.2641672532910982
0.6610969596129412	-0.4020334485961617	0.6334983598347311	0.04577157739317017
0.0	0.0	0.0	1.0
8	20	3
0.6847169247907142	0.5280053078153376	-0.5023673709419975	0.08993889219360515
-0.2439867547926392	0.8155940956068388	0.524668103535509	0.16976766100992224
0.6867555393462974	-0.2366782383117009	0.687277514663164	0.030834717259787526
0.0	0.0	0.0	1.0
8	21	4
0.6724226503417602	0.5135442305828052	-0.5330292984376703	0.07702003840108881
-0.27677727175858824	0.8423605316527385	0.46240996683353425	0.1000635216729076
0.6864708104631441	-0.16340453927334364	0.7085596551792919	-0.0053426449690305005
0.0	0.0	0.0	1.0
8	22	5
0.6460652138645694	0.5301872214619625	-0.549091317937636	0.0737382379028321
-0.34693468039317765	0.8447537977686183	0.407464436373201	0.05118365308620307
0.6798794837895263	-0.07274980644721116	0.7297064226763815	-0.03476564924722065
0.0	0.0	0.0	1.0
8	23	6
0.6166138251987394	0.5446759926994743	-0.5684324901397908	0.06986633346759373
-0.3682729611094699	0.8377254499274821	0.40322592699926213	0.033966879203963796
0.6958178615120667	-0.03929634675891126	0.7171424416088217	-0.0438337219842215
0.0	0.0	0.0	1.0
8	24	7
0.604895804609707	0.5460760030339419	-0.5795704336053664	0.06670295251419016
-0.2520725990923204	0.8217074418719319	0.5111320104724193	0.09076849931498476
0.7553544277329871	-0.16308790977139676	0.6346983082366059	-0.02157000899712569
0.0	0.0	0.0	1.0
9	19	8
0.7858637310606195	0.46080975392986046	-0.412398713219345	0.11719604656564432
-0.07993330382644191	0.7369793515701154	0.6711722441427395	0.3274761158735025
0.6132120572562398	-0.4944856000465696	0.6159994140048582	0.07733058930636028
0.0	0.0	0.0	1.0
9	20	9
0.7368196864894703	0.48706207261338297	-0.4688998070204968	0.09678389643796312
-0.17332312305346778	0.8064496640352944	0.5653299765803207	0.22736731819250056
0.6534949957595401	-0.33527523258616826	0.6786272904163965	0.07260457586363371
0.0	0.0	0.0	1.0
9	21	10
0.7236011778145552	0.47542791299771975	-0.5003695252072083	0.08133746040226583
-0.20273488956815755	0.8393658337437563	0.5043446519635087	0.1546645846465338
0.6597725933157836	-0.26350206141870974	0.7037519706927603	0.04058533665812489
0.0	0.0	0.0	1.0
9	22	11
0.6991000443488028	0.495275297887628	-0.5157144887073125	0.07733265880944531
-0.2717033965775506	0.8511629297724896	0.44910902261	0.10147786560980895
0.6613897107589471	-0.17385083204265375	0.7296161254548312	0.015898620996024286
0.0	0.0	0.0	1.0
9	23	12
0.6713574340604643	0.513440654122041	-0.534469679892308	0.07240833274031687
-0.2935506916836691	0.8463907593963582	0.44435435073882684	0.08332756762932769
0.6805197852725804	-0.14142666515285174	0.7189515551068062	0.007803054108789037
0.0	0.0	0.0	1.0
9	24	13
0.6599544782788569	0.5165075354011327	-0.5456003882382553	0.06845752146124322
-0.18064281786606415	0.8139878454992598	0.5520794066750885	0.1477096858281729
0.7292653852566636	-0.2657886776657364	0.63049847886847	0.021603097140282856
0.0	0.0	0.0	1.0
10	20	14
0.8652220517151141	0.3693220442776486	-0.33910428961937217	0.12465837786943532
-0.18235368157225412	0.8618053021563155	0.47332706327067864	0.22663374022508054
0.46705216901376534	-0.34769634219036644	0.8130003546160922	0.11144061195287185
0.0	0.0	0.0	1.0
15	28	15
0.7031111280641645	0.035051665437901246	-0.7102155142213925	0.08735023842542933
0.34664800007352525	0.8551682729140648	0.3853860701118896	0.20361593727558475
0.620862137771384	-0.5171641505262738	0.5891277693274418	0.068808363641847
0.0	0.0	0.0	1.0
17	28	16
0.8578454011150527	-0.1494101528113	-0.49170903127337173	-0.034369569236987536
0.311181988306637	0.9124723413733796	0.26563159714501655	0.07421889860168956
0.4089827612072031	-0.3808819258330791	0.8292539953697351	0.021152895877084306
0.0	0.0	0.0	1.0
19	27	17
0.982262299199772	-0.019998518797903066	-0.1864419410360375	-0.0612427609734293
0.12499847574141658	0.8109835707780086	0.57156013654817	0.1432259404326573
0.13977097428690222	-0.5847271026373486	0.799098337881658	-0.0005886809161300148
0.0	0.0	0.0	1.0
24	27	18
0.999832570539458	0.01795441957149685	0.0035566905098167244	-0.03826714593442131
-0.015115850670291572	0.7004047419909251	0.7135860410265398	0.3498146952940512
0.010320956531758293	-0.7135203532351927	0.7005586249564615	-0.02434440869733711
0.0	0.0	0.0	1.0
27	29	19
0.9698248278247373	-0.04270088903214823	-0.24003420629418287	-0.07355563006248732
0.11255395017510116	0.951763065908438	0.2854446862363024	0.11300045102459959
0.21626705493366533	-0.3038480925537224	0.9278497072365836	-0.014399097054667787
0.0	0.0	0.0	1.0
28	32	20
0.7942931512282602	-0.24870374568816456	-0.5542966764843082	-0.11201368292958128
0.25190768386635387	0.9650666969661993	-0.07203204797042406	-0.028594861444584348
0.5528481157124526	-0.08241692379198644	0.8291963549090512	-0.08954526645476858
0.0	0.0	0.0	1.0
29	33	21
0.9063725286909067	-0.2022549884463984	-0.37092057036837367	-0.07333652064648671
0.07863193397532603	0.9433794248327471	-0.3222612343594271	-0.10428252711153858
0.4150978017192568	0.2629225717542276	0.8709568263405438	-0.09640424844253223
0.0	0.0	0.0	1.0
30	33	22
0.971123947736209	-0.12009514695534741	-0.20614466778050142	-0.041388851756043114
0.057602858549262524	0.9565292401572032	-0.28589123656913	-0.10574636645830823
0.2315175282532408	0.26576133889941794	0.9358262940924746	-0.06007604377125164
0.0	0.0	0.0	1.0
30	34	23
0.9631702106333819	-0.13007186359179274	-0.23533857119452922	-0.04471303665152299
0.008301412674921219	0.8891826559296314	-0.457476925845512	-0.1691912324820527
0.26876394725279085	0.43867462589654005	0.8575141560160837	-0.12447851342147605
0.0	0.0	0.0	1.0
31	34	24
0.9931909530916849	-0.03728815036099515	-0.11036923881374654	-0.01977263780115803
-0.010751284434250637	0.9140110939573692	-0.4055466754207214	-0.1425359325275427
0.11600088955720378	0.40397200075817574	0.9073866963194924	-0.09034811479561457
0.0	0.0	0.0	1.0
32	33	25
0.9981562788611997	0.05935164833534711	0.012714746835103676	-0.0013978473041227203
-0.05575360151479722	0.9793147340150455	-0.1945106194631422	-0.05207153059874092
-0.023996308489597114	0.19344310411762397	0.980818103006867	-0.0215976564018573
0.0	0.0	0.0	1.0
32	34	26
0.9985051396633806	0.05154679060043892	-0.01817284284967593	-0.006055287456248747
-0.05459228540974827	0.9244927678998681	-0.3772701432912913	-0.12397672728939817
-0.002646365391667964	0.37769838411784074	0.9259248618917038	-0.07526388639903304
0.0	0.0	0.0	1.0
32	35	27
0.995129771175389	0.031177554651553054	-0.09351277694365724	-0.01735996570548273
-0.07403646528904326	0.8627181451098159	-0.5002359494091766	-0.17937675629941724
0.06507911146613479	0.5047231442432673	0.8608247046801143	-0.12435392612120269
0.0	0.0	0.0	1.0
33	34	28
0.9994922572065628	-0.0016548970847067202	-0.031813267745711075	-0.005431414242914777
-0.00441834796867446	0.9817959698333953	-0.18988660819551179	-0.0769603802945568
0.03154847549100075	0.18993085692134504	0.9812903092807209	-0.04413621935176112
0.0	0.0	0.0	1.0
33	35	29
0.9939562337798724	-0.006760180863795409	-0.10956731473388083	-0.018688974415309333
-0.029056583623269395	0.9463014195896684	-0.3219769557812347	-0.1370959394784983
0.1058604649214107	0.3232147852957876	0.9403858074689969	-0.08706551989977664
0.0	0.0	0.0	1.0
33	36	30
0.9931231205764971	-0.06131698646879937	-0.09973178131858097	-0.0017685068058379877
0.0030843538641785522	0.8652811311789403	-0.5012773623658656	-0.19310556227920622
0.11703292017257691	0.497522710827226	0.8595198196379029	-0.1363857926679119
0.0	0.0	0.0	1.0
34	35	31
0.996948851819712	0.00977657299976913	-0.07744361987143508	-0.015939794112252905
-0.020364755942769996	0.9903426500587141	-0.13713782473023156	-0.0670421557627448
0.07535501917644637	0.13829653414178494	0.9875199494976378	-0.032427488824684624
0.0	0.0	0.0	1.0
34	36	32
0.9958935487887062	-0.04565104650454689	-0.07818040681793444	-0.003323306316710982
0.017598108447417014	0.9447019949817915	-0.32745788724125663	-0.1347581255218242
0.08880595388343297	0.32473740244316046	0.9416258393580329	-0.06935174117978225
0.0	0.0	0.0	1.0
34	37	33
0.9956125734378433	-0.09029724529184979	-0.024539063293349754	0.03140320836219113
0.06345176738436246	0.8442433018567214	-0.5321908816074826	-0.20218353052740562
0.06877230882775197	0.528298972090082	0.8462686968338073	-0.1462347433244135
0.0	0.0	0.0	1.0
35	36	34
0.9984630839683889	-0.05476979911290953	-0.008472560380109993	0.008645360410166704
0.052139902394157805	0.9801270957908851	-0.19139611982556773	-0.07442368832606051
0.01878685403804213	0.1906602243657688	0.9814763643670097	-0.024443196297505677
0.0	0.0	0.0	1.0
35	37	35
0.9935922969499074	-0.10633536700884788	0.038303752703510524	0.041354007281734
0.11272677978652573	0.9077814190284053	-0.4040118306382022	-0.15262815469670327
0.008189278587728286	0.4057409668726234	0.9139514986727749	-0.08926530679988093
0.0	0.0	0.0	1.0
35	38	36
0.987289455183768	-0.14054674831282415	0.07420299473871907	0.07183867899589952
0.15806003469671862	0.8194383301125261	-0.5509426323014192	-0.20229408086517275
0.01662837786535107	0.5556685007884526	0.8312377283434325	-0.16836769764433462
0.0	0.0	0.0	1.0
35	39	37
0.9839326469438232	-0.14033205207562	0.11037848280987768	0.0957423524205527
0.1784962139230248	0.7868629369802008	-0.5907502824427578	-0.22928192296306393
-0.003951596559296085	0.6009607068463027	0.7992688422193555	-0.22626695185043955
0.0	0.0	0.0	1.0
35	40	38
0.9506393324963056	-0.14503519279100247	0.27431671795242724	0.16120145689855928
0.28383678179952493	0.7636685950792669	-0.5798680349540855	-0.24434732257328853
-0.12538578911471843	0.6291066060719377	0.7671396611477966	-0.23010525051799574
0.0	0.0	0.0	1.0
35	41	39
0.8521775237819615	-0.12155619677824622	0.5089376418249293	0.23583918853428143
0.402071556896155	0.7745728435271572	-0.48823697473405875	-0.23054702689565665
-0.3348611247802122	0.6206940144742786	0.7089478898754418	-0.2197144331690344
0.0	0.0	0.0	1.0
36	37	40
0.9975646230116756	-0.0597475684439475	0.03598683342581945	0.029162697488535012
0.06625750237253053	0.9729448675733005	-0.2213324695099371	-0.08620089348102235
-0.021789113152539983	0.22317786789868613	0.9745341831635276	-0.04864647677954487
0.0	0.0	0.0	1.0
36	38	41
0.9928410628561078	-0.10047866932312809	0.06457992821744163	0.05735575113509199
0.1176044863618993	0.9168430822971734	-0.38153339840298695	-0.14440185154585602
-0.02087369380148197	0.38639698887967794	0.9220963356360343	-0.11689115454153175
0.0	0.0	0.0	1.0
36	39	42
0.9891711582864035	-0.10736711122599675	0.10006318058665188	0.08164581062811682
0.14013067409042113	0.8935996317776552	-0.42643055894224036	-0.17441173107968572
-0.04363182652341851	0.4358347829561485	0.8989684187112391	-0.17147962826461235
0.0	0.0	0.0	1.0
36	40	43
0.9547976381258552	-0.14508983675989737	0.25944248486767196	0.1484903551443738
0.24648748735219494	0.8742758568054143	-0.41819310488392114	-0.19163341884974266
-0.16614871041476417	0.4632391735844581	0.8705193192227592	-0.17291457526749918
0.0	0.0	0.0	1.0
36	41	44
0.8532133961164472	-0.17211676041963853	0.49234406582070667	0.22768772696288708
0.36316697270465703	0.8735903216215584	-0.3239591235182558	-0.17658950123229258
-0.3743483050070614	0.45520942735485814	0.8078661373299474	-0.16285284574660983
0.0	0.0	0.0	1.0
36	42	45
0.7210690029494204	-0.18984491260330508	0.6663470288247931	0.30215981049366997
0.4236539133363653	0.8818042902689383	-0.20721580636244663	-0.14380179252396866
-0.5482489263634543	0.43171747228519314	0.7162703427404528	-0.19697321189459532
0.0	0.0	0.0	1.0
36	43	46
0.5833147861909557	-0.19282274279181558	0.789026769686527	0.36363357276890396
0.4512778722160904	0.884622285219172	-0.11743802162950055	-0.0913277717451431
-0.6753460199322441	0.42457370845521464	0.6030298971868764	-0.30150216435159394
0.0	0.0	0.0	1.0
37	38	47
0.9987505021680937	-0.04627067503368284	0.01887759075946241	0.025159247124503282
0.04880875841587163	0.984275845639435	-0.1697607639892315	-0.0692380523399005
-0.010725826728848711	0.17047008615445702	0.9853044725480837	-0.05395209561843061
0.0	0.0	0.0	1.0
37	39	48
0.9967780321555014	-0.06106950665945287	0.051999849503239104	0.04984243784605868
0.07105312010995572	0.9730909769161974	-0.21919283125390257	-0.10326547905440714
-0.03721462286232686	0.2221814046935576	0.9742948277534951	-0.10384610316173401
0.0	0.0	0.0	1.0
37	40	49
0.9704776194275521	-0.1353249716007974	0.1996505219052248	0.1182357709252192
0.17860190267990933	0.9595137281965312	-0.2177952117859749	-0.12472596114346753
-0.162094270102186	0.24702341641615969	0.9553557972487757	-0.10041913629101117
0.0	0.0	0.0	1.0
37	41	50
0.8791369528949189	-0.21990009549610492	0.4228026955598651	0.20366199875817642
0.2984293695248844	0.945720588938467	-0.12865631629828445	-0.11002922341089207
-0.37156175085456583	0.23928331283772178	0.8970425561373633	-0.08775270756901786
0.0	0.0	0.0	1.0
37	42	51
0.7546354079541139	-0.28441668632194184	0.5912973115806662	0.2844001648331211
0.36247945734882286	0.9318809511710561	-0.014370744756144858	-0.07474278677663429
-0.5469315124549098	0.22517783623700444	0.8063255821328977	-0.12238778426619251
0.0	0.0	0.0	1.0
37	43	52
0.6218094462020977	-0.3235942197609651	0.7131898715840007	0.35229999565252745
0.39309858981468254	0.9165822572000831	0.07314778755383998	-0.02022299533486475
-0.6773674172809485	0.23487000166080557	0.6971439019990027	-0.22758870463719302
0.0	0.0	0.0	1.0
37	47	53
0.8376076136733172	-0.21072603155915048	0.5039920110785593	0.6052602430378218
0.18898538339893417	0.9774138452626914	0.0945866803828029	0.12829077865586788
-0.5125407163951075	0.01602062491469667	0.8585134288993719	-0.3834515210942824
0.0	0.0	0.0	1.0
38	43	54
0.6494687945233006	-0.4092279194889516	0.6408766414900899	0.3422023777044923
0.35157743459069063	0.9089388454938573	0.22410636671815848	0.04595574918439614
-0.6742282961851737	0.07976769760702992	0.7342026280155388	-0.16549091445229275
0.0	0.0	0.0	1.0
38	44	55
0.600472238460977	-0.4110569879923946	0.6859046876772031	0.3821574918194276
0.36899112392835276	0.9034141275624218	0.21837691801357495	0.12518201086249237
-0.7094214189066291	0.12196352677489418	0.6941513786307918	-0.3093617728482434
0.0	0.0	0.0	1.0
38	45	56
0.664442303374355	-0.3599432701856241	0.654948285180113	0.41699441166974205
0.30911821507351567	0.9302586972070425	0.19764783968982413	0.16420969932632082
-0.6804134329221725	0.07113089652361658	0.7293682046068664	-0.3963041492565764
0.0	0.0	0.0	1.0
38	47	57
0.8558257020441903	-0.25208804285501685	0.45167908739458534	0.5906433199754629
0.14530924447313306	0.955211912266054	0.25778944783748253	0.20468022124905327
-0.49643495303992796	-0.15498969880518804	0.8541255810252637	-0.33561094485102194
0.0	0.0	0.0	1.0
40	48	58
0.9797588973381337	-0.056996461133192705	0.19189585845672277	0.6122187880678239
-0.021102223508969783	0.9238617389951105	0.3821442914231424	0.28625909133126026
-0.1990661627735581	-0.3784587007212431	0.9039589936995679	-0.1979056363815386
0.0	0.0	0.0	1.0
46	49	59
0.9037670831140973	0.139284343076395	-0.4047281060524187	0.12081669102330347
0.030476756459456276	0.922231614221711	0.38543477372176854	0.2519192772335627
0.4269382109384109	-0.3606781738864518	0.8292377350245875	0.04158417843691824
0.0	0.0	0.0	1.0
47	49	60
0.9723290098579382	0.07580636816179086	-0.2209742905118263	0.07820203894652819
0.00273767727746297	0.9421261232128976	0.33524746618548473	0.19354129086179855
0.2335995800468551	-0.32657590593183017	0.9158491018337752	0.055999199002920094
0.0	0.0	0.0	1.0
48	49	61
0.9959426134090201	-0.0052645738126986434	-0.08983531567723263	0.02505452241705444
0.026322974906127863	0.971667140066074	0.2348827660208375	0.10444365056462335
0.08605355650846845	-0.23629458268296522	0.9678635049198915	0.029954528309111512
0.0	0.0	0.0	1.0
