0	5	1
0.9296787300169174	0.23282360407422786	-0.285465442947398	0.06237866360495612
-0.28561064145131587	0.9449927380877096	-0.1594217660834714	-0.1285258380089133
0.232645662558778	0.2297429873138262	0.9450366127232582	-0.11979125023320937
0.0	0.0	0.0	1.0
1	5	2
0.9304806626701267	0.22267652057510434	-0.2908964652012334	0.0679341133919915
-0.27488435887747614	0.9492907084489439	-0.15259643453380803	-0.12582681905934737
0.24216569388047846	0.22195081906050093	0.9445070704765518	-0.11335244255642397
0.0	0.0	0.0	1.0
2	5	3
0.9378097621780308	0.23427933402123308	-0.25617542375231467	0.079686356449836
-0.263327309361579	0.9609379556270659	-0.08518746803807752	-0.11470037808137348
0.22621105313369813	0.14734759546659243	0.9628693150517524	-0.08406394799658913
0.0	0.0	0.0	1.0
3	5	4
0.9451571770374242	0.24887674564439732	-0.21151393256587442	0.09209437268827302
-0.26575634188054964	0.9624666515204263	-0.05505959235415089	-0.08860753546320291
0.18987209931246868	0.10825109243048765	0.9758228769489605	-0.029565032406410632
0.0	0.0	0.0	1.0
4	5	5
0.9677566523206749	0.21288451846445036	-0.13463717296627867	0.07739740507602288
-0.2125849519931194	0.9769987100753476	0.01676726353655693	-0.051091806409409024
0.13510991976359815	0.012395116731421492	0.9907530592549949	0.00561838371741441
0.0	0.0	0.0	1.0
4	6	6
0.9061275963934495	0.3203368389971318	-0.27625549216541534	0.14791204472786856
-0.3140570825364917	0.9469688854553822	0.06795594371055488	-0.09349777268381954
0.28337420673920655	0.02518318685935012	0.9586787906330478	0.050278381709425
0.0	0.0	0.0	1.0
5	6	7
0.9823001158653631	0.11570762157839311	-0.14730358930689552	0.07862387952603467
-0.11148512461715218	0.9930906349208259	0.0366332346631319	-0.03433613637648221
0.15052453114767994	-0.019562612759206545	0.9884127939900743	0.03207540010199151
0.0	0.0	0.0	1.0
21	42	8
0.5017785035388771	0.4922404122600079	-0.7112788790031067	-0.6304904836051329
-0.4415525047429605	0.85284762277984	0.27871549049182115	-0.2978142010407323
0.743807608422735	0.17421348572074694	0.6452905286860287	0.5304073999325465
0.0	0.0	0.0	1.0
21	43	9
0.4427584856305303	0.5062955839277591	-0.740020056712962	-0.6711068740159447
-0.4537495309863648	0.8383612291290975	0.30209600122522784	-0.28486518754209894
0.7733539887177865	0.20202821291398645	0.6009228326904817	0.5076502091952448
0.0	0.0	0.0	1.0
21	44	10
0.4140637354813649	0.5241406837134052	-0.7441961091256806	-0.6793091424022469
-0.4428174736246393	0.8302985443519778	0.33840348541390397	-0.2429397111596646
0.7952760662610884	0.1894224661167922	0.5758951096042068	0.4993268128264973
0.0	0.0	0.0	1.0
22	43	11
0.5396955267644057	0.4763945207457458	-0.6941015715488361	-0.6500274240539154
-0.4155924285741268	0.8677841475985076	0.27245887639736727	-0.21588854974864033
0.7321282211643806	0.14141856860328567	0.6663251055747801	0.4039676577932718
0.0	0.0	0.0	1.0
22	44	12
0.5128338011572955	0.4963216993464236	-0.7004758124374166	-0.654211670450037
-0.4084009320371801	0.8587440014347009	0.3094630437552482	-0.17753512361440124
0.7551226766483957	0.12737191518592278	0.6430911699283443	0.39423377132976584
0.0	0.0	0.0	1.0
23	45	13
0.5692074472451361	0.4527716945732674	-0.686294845775334	-0.5999141581031514
-0.34754027454688746	0.8889714392070879	0.29823706194708227	-0.07166827406463934
0.7451298419890481	0.06875635060235702	0.6633656838672242	0.2117882312894316
0.0	0.0	0.0	1.0
24	43	14
0.6377454607969009	0.4315589252039011	-0.637994974899311	-0.538958099417375
-0.3505447811919713	0.9001668351374519	0.258492096964268	-0.09434225927914126
0.6858564503221776	0.05879366474521097	0.7253580227884481	0.19385849417459175
0.0	0.0	0.0	1.0
24	44	15
0.6135410589457054	0.4541203436513014	-0.6460202440029859	-0.535526737146404
-0.34728764676618046	0.8899063524154224	0.2957327179688199	-0.0649984617633391
0.709195807699185	0.04291069555388769	0.7037045031316571	0.18327135419145896
0.0	0.0	0.0	1.0
24	45	16
0.5782597593481378	0.4580589380310504	-0.6751278389816628	-0.5272413922378955
-0.3348547943297615	0.8878527202857349	0.31557843299735633	-0.034585900672414356
0.7439676555539114	0.04358349665088159	0.6667927596924121	0.15160580577217755
0.0	0.0	0.0	1.0
25	43	17
0.6072823601122873	0.47418584681230197	-0.6374605475518295	-0.437082063927604
-0.35856712831596804	0.8795748304314742	0.3126943996089452	-0.04895285792840627
0.7089694448147578	0.0386785962508674	0.7041777426585392	0.16988134130467733
0.0	0.0	0.0	1.0
25	44	18
0.582393683284126	0.49659669228050574	-0.6435910710912883	-0.43199116538595705
-0.3538465340182428	0.8676406641112093	0.34927365655616244	-0.022989954114005142
0.731853943922295	0.024317684797965183	0.6810275152511439	0.1602604998611687
0.0	0.0	0.0	1.0
25	45	19
0.546071096351306	0.5011742544238305	-0.6712903535808009	-0.42247137446099214
-0.3407068634260322	0.8649110416805356	0.36857505154781567	0.006254592817082452
0.7653267811818658	0.02744504150613338	0.6430564782864219	0.13239318113733903
0.0	0.0	0.0	1.0
26	43	20
0.5899535763075416	0.534317708272129	-0.6053590473874081	-0.3479779793571424
-0.37969178003076787	0.8452458945248176	0.37602366249852454	-0.012425791753154352
0.7125933223888177	0.008013417288530292	0.7015317661151372	0.12259422354462422
0.0	0.0	0.0	1.0
26	44	21
0.5644340597769386	0.5564233535669889	-0.6097602450779146	-0.34096520279365905
-0.3743990534835198	0.8308891205189957	0.41164136317099226	0.009828677556666419
0.7356900783456374	-0.00405068505392955	0.6773064327523571	0.11392425071835505
0.0	0.0	0.0	1.0
26	45	22
0.5278095425053059	0.5619612006505101	-0.6368805738789652	-0.3292060193092746
-0.36105663701282864	0.8271593857647107	0.430633854969776	0.037455010699022066
0.7688013197406597	0.0026573650274607378	0.639482376421198	0.0895219467646752
0.0	0.0	0.0	1.0
32	48	23
0.6599809251994613	0.22450426838226994	-0.7169540643222816	0.08733096147025098
-0.27159884374427323	0.9610621779274996	0.0509273150028941	-0.08822223760092114
0.7004709102323149	0.16111283445766575	0.6952578575099696	-0.19117176257528806
0.0	0.0	0.0	1.0
32	49	24
0.5924519960450516	0.1832787572676336	-0.7844802973107659	0.20834770922254753
-0.29901683417356023	0.9542434714947634	-0.002881596169418003	-0.08762815622335454
0.7480571940775428	0.23628006107947983	0.6201470415036286	-0.1673697314879712
0.0	0.0	0.0	1.0
33	46	25
0.8224878539084287	0.04693460201031796	-0.5668429311836801	-0.04336195290243117
-0.1743779335938621	0.9694060058918273	-0.172755112313634	-0.17480704269438818
0.5413927802846917	0.24093392522041657	0.8055089390683735	-0.07773334411101107
0.0	0.0	0.0	1.0
33	47	26
0.7859697952359206	0.12129965405902911	-0.6062489807449416	0.01920161666219622
-0.22996755036910824	0.9675663305590587	-0.10454799340556427	-0.16111615406552482
0.5739045197294391	0.22158918990017118	0.7883729713891624	-0.15479215292970716
0.0	0.0	0.0	1.0
33	48	27
0.7126883997201214	0.12828230901479357	-0.6896513125398586	0.12490171907294201
-0.25889186241196344	0.961831601616416	-0.08862919372357674	-0.15721919501968884
0.6519589383318654	0.24171013408448708	0.7186974338136789	-0.2041155836573494
0.0	0.0	0.0	1.0
33	49	28
0.6494547074539333	0.0794266976833794	-0.7562405012183158	0.24872664491429664
-0.2825345159126137	0.9485361591611394	-0.1430157323151342	-0.1550385793086424
0.7059623060141375	0.3065463749889185	0.6384721323316538	-0.18021732144642844
0.0	0.0	0.0	1.0
34	45	29
0.8557248694388236	-7.551312357134647e-05	-0.517431061198517	-0.047576340989310316
-0.18078734158612644	0.9369321896051388	-0.29912189054851523	-0.2274516960470026
0.4848204693587058	0.3495110840071221	0.8017424614716329	-0.06869576010240616
0.0	0.0	0.0	1.0
34	46	30
0.8214472599162791	-0.003985168685965296	-0.5702706106027616	-0.02172826119463528
-0.17286551523364502	0.9511885676875074	-0.2556514250866763	-0.20872807424173842
0.5434537634323703	0.30858430907044815	0.7806622875752868	-0.10110053514901182
0.0	0.0	0.0	1.0
34	47	31
0.7849932977391255	0.06676810444219393	-0.615895693278683	0.03863700171250683
-0.22832279670382002	0.9553715148048266	-0.1874400339847119	-0.19730344453163107
0.5758942772639568	0.2877622229594559	0.7652050192417158	-0.1766421877023466
0.0	0.0	0.0	1.0
34	48	32
0.7115596815405784	0.06666229503073035	-0.6994562186079336	0.1453687934613451
-0.2572263161814608	0.9510954559705572	-0.171032321750363	-0.19391283939734277
0.6538483427124027	0.3016182545709076	0.6939084605188182	-0.22409941517589888
0.0	0.0	0.0	1.0
35	43	33
0.9049706860153458	-0.02502623876121599	-0.42473721175340445	-0.057007407045140915
-0.17377337515286914	0.8894719935619375	-0.42266124507826625	-0.28841670115084656
0.38836944035898113	0.4563041067058863	0.8005971179188689	-0.09768159334186667
0.0	0.0	0.0	1.0
35	44	34
0.8916102400679241	-0.010871618451333774	-0.4526732235123509	-0.05289073357751363
-0.18614742302107695	0.9025271104757161	-0.3883218054393441	-0.2798615562151661
0.41277156430697653	0.43049572393754365	0.8026786978647673	-0.09210716431619997
0.0	0.0	0.0	1.0
35	45	35
0.8706265384974052	-0.023924120813395077	-0.49136238320586667	-0.034165788898343895
-0.18218960485882063	0.9121143244513314	-0.36722520337871	-0.2585955427510605
0.4569642318467851	0.4092371949303024	0.7897522146256055	-0.09665430532092131
0.0	0.0	0.0	1.0
35	46	36
0.8379746290056663	-0.031845827008592016	-0.5447792121779272	-0.007228307232790388
-0.1757170854769455	0.929380808323284	-0.3246146846338552	-0.24127020536468743
0.5166449829323344	0.3677459211221363	0.7732016927415175	-0.1268342353457602
0.0	0.0	0.0	1.0
35	47	37
0.8021086277639397	0.035177681033782264	-0.5961411132790655	0.05116575114964327
-0.23321360240862116	0.9374453137173203	-0.2584715406818356	-0.23157232986284582
0.5497572971065152	0.3463505183196827	0.7601370576430538	-0.2011398650980055
0.0	0.0	0.0	1.0
35	48	38
0.7311883534551399	0.028462141523199362	-0.6815816511650571	0.15931533246738913
-0.2625414874672685	0.9339126048798327	-0.24265047175825727	-0.2284465966922093
0.6296313969200225	0.35636667885212553	0.6903385625570357	-0.24743128640688777
0.0	0.0	0.0	1.0
