0	5	1
0.9296787300169174	0.23282360407422795	-0.28546544294739806	0.062378663604956565
-0.2856106414513158	0.9449927380877094	-0.15942176608347128	-0.12852583800891285
0.23264566255877794	0.22974298731382622	0.9450366127232582	-0.11979125023320937
0.0	0.0	0.0	1.0
1	5	2
0.9304806626701267	0.22267652057510443	-0.29089646520123347	0.06793411339199194
-0.27488435887747614	0.9492907084489438	-0.15259643453380792	-0.12582681905934714
0.2421656938804784	0.22195081906050096	0.9445070704765517	-0.11335244255642397
0.0	0.0	0.0	1.0
2	5	3
0.9378097621780307	0.23427933402123316	-0.2561754237523147	0.079686356449836
-0.26332730936157894	0.9609379556270659	-0.08518746803807749	-0.11470037808137304
0.22621105313369808	0.14734759546659246	0.9628693150517524	-0.08406394799658913
0.0	0.0	0.0	1.0
3	5	4
0.9451571770374241	0.24887674564439743	-0.21151393256587456	0.09209437268827302
-0.26575634188054964	0.9624666515204263	-0.05505959235415085	-0.08860753546320246
0.18987209931246865	0.10825109243048768	0.9758228769489605	-0.029565032406410632
0.0	0.0	0.0	1.0
4	5	5
0.9677566523206749	0.21288451846445053	-0.1346371729662787	0.07739740507602288
-0.21258495199311928	0.9769987100753476	0.016767263536556963	-0.05109180640940858
0.1351099197635981	0.012395116731421517	0.9907530592549949	0.00561838371741441
0.0	0.0	0.0	1.0
4	6	6
0.9061275963934494	0.32033683899713183	-0.2762554921654153	0.14791204472786879
-0.3140570825364918	0.9469688854553822	0.06795594371055494	-0.09349777268381998
0.28337420673920644	0.025183186859350164	0.9586787906330478	0.050278381709425
0.0	0.0	0.0	1.0
5	6	7
0.982300115865363	0.11570762157839323	-0.1473035893068955	0.07862387952603489
-0.11148512461715218	0.9930906349208259	0.0366332346631319	-0.034336136376482654
0.15052453114767983	-0.01956261275920648	0.9884127939900744	0.032075400101991954
0.0	0.0	0.0	1.0
21	42	8
0.501778503538877	0.492240412260008	-0.7112788790031069	-0.6304904836051329
-0.44155250474296054	0.8528476227798402	0.2787154904918212	-0.2978142010407323
0.743807608422735	0.17421348572074677	0.6452905286860287	0.5304073999325467
0.0	0.0	0.0	1.0
21	43	9
0.44275848563053044	0.506295583927759	-0.740020056712962	-0.6711068740159452
-0.45374953098636495	0.8383612291290973	0.3020960012252277	-0.2848651875420985
0.7733539887177867	0.20202821291398648	0.6009228326904816	0.5076502091952448
0.0	0.0	0.0	1.0
21	44	10
0.4140637354813647	0.524140683713405	-0.7441961091256803	-0.6793091424022465
-0.4428174736246392	0.8302985443519778	0.33840348541390397	-0.24293971115966392
0.795276066261088	0.1894224661167922	0.5758951096042065	0.4993268128264973
0.0	0.0	0.0	1.0
22	43	11
0.5396955267644059	0.4763945207457456	-0.6941015715488361	-0.6500274240539159
-0.415592428574127	0.8677841475985073	0.2724588763973671	-0.21588854974863989
0.7321282211643807	0.14141856860328564	0.6663251055747801	0.4039676577932714
0.0	0.0	0.0	1.0
22	44	12
0.5128338011572953	0.49632169934642356	-0.7004758124374165	-0.6542116704500366
-0.40840093203718	0.8587440014347009	0.30946304375524825	-0.1775351236144008
0.7551226766483955	0.12737191518592275	0.643091169928344	0.3942337713297654
0.0	0.0	0.0	1.0
23	45	50
0.56920745	0.45277169	-0.68629485	-0.59991416
-0.34754027	0.88897144	0.29823706	-0.07166827
0.74512984	0.06875635	0.66336568	0.21178823
-0.00000000	0.00000000	-0.00000000	1.00000004
24	43	13
0.6377454607969011	0.43155892520390093	-0.6379949748993109	-0.5389580994173759
-0.35054478119197147	0.9001668351374517	0.2584920969642678	-0.09434225927914082
0.6858564503221778	0.05879366474521093	0.7253580227884482	0.1938584941745913
0.0	0.0	0.0	1.0
24	44	14
0.6135410589457052	0.45412034365130133	-0.6460202440029859	-0.5355267371464035
-0.3472876467661804	0.8899063524154224	0.29573271796882	-0.06499846176333865
0.7091958076991848	0.042910695553887754	0.7037045031316568	0.18327135419145896
0.0	0.0	0.0	1.0
24	45	15
0.5782597593481379	0.4580589380310505	-0.675127838981663	-0.5272413922378957
-0.33485479432976156	0.8878527202857349	0.31557843299735644	-0.034585900672414356
0.7439676555539114	0.04358349665088185	0.666792759692412	0.151605805772178
0.0	0.0	0.0	1.0
25	43	16
0.6072823601122875	0.4741858468123018	-0.6374605475518293	-0.4370820639276049
-0.3585671283159682	0.8795748304314741	0.312694399608945	-0.04895285792840583
0.7089694448147579	0.038678596250867364	0.7041777426585392	0.16988134130467733
0.0	0.0	0.0	1.0
25	44	17
0.5823936832841258	0.4965966922805057	-0.6435910710912882	-0.4319911653859566
-0.35384653401824273	0.8676406641112093	0.34927365655616244	-0.022989954114004698
0.7318539439222947	0.02431768479796519	0.6810275152511437	0.1602604998611687
0.0	0.0	0.0	1.0
25	45	18
0.5460710963513061	0.5011742544238307	-0.671290353580801	-0.4224713744609928
-0.34070686342603224	0.8649110416805357	0.3685750515478158	0.006254592817082452
0.7653267811818658	0.02744504150613369	0.6430564782864219	0.13239318113733903
0.0	0.0	0.0	1.0
26	43	19
0.5899535763075417	0.5343177082721289	-0.605359047387408	-0.3479779793571433
-0.37969178003076803	0.8452458945248175	0.37602366249852437	-0.012425791753153908
0.7125933223888179	0.008013417288530264	0.7015317661151371	0.12259422354462422
0.0	0.0	0.0	1.0
26	44	20
0.5644340597769384	0.5564233535669889	-0.6097602450779145	-0.3409652027936586
-0.3743990534835197	0.8308891205189957	0.41164136317099237	0.009828677556666863
0.7356900783456372	-0.004050685053929493	0.6773064327523569	0.11392425071835505
0.0	0.0	0.0	1.0
26	45	21
0.527809542505306	0.5619612006505104	-0.6368805738789652	-0.3292060193092753
-0.3610566370128287	0.8271593857647107	0.4306338549697762	0.03745501069902229
0.7688013197406597	0.0026573650274609867	0.6394823764211979	0.08952194676467565
0.0	0.0	0.0	1.0
32	48	22
0.6599809251994613	0.22450426838226994	-0.7169540643222816	0.08733096147025098
-0.2715988437442732	0.9610621779274996	0.050927315002893984	-0.08822223760092114
0.7004709102323149	0.16111283445766575	0.6952578575099698	-0.1911717625752885
0.0	0.0	0.0	1.0
32	49	23
0.5924519960450515	0.18327875726763354	-0.784480297310766	0.20834770922254697
-0.2990168341735602	0.9542434714947635	-0.0028815961694179716	-0.08762815622335365
0.7480571940775427	0.23628006107947971	0.6201470415036286	-0.1673697314879721
0.0	0.0	0.0	1.0
33	46	50
0.82248785	0.04693460	-0.56684293	-0.04336195
-0.17437793	0.96940601	-0.17275511	-0.17480704
0.54139278	0.24093393	0.80550894	-0.07773334
-0.00000000	-0.00000000	-0.00000000	1.00000006
33	47	24
0.7859697952359205	0.12129965405902905	-0.6062489807449416	0.019201616662195775
-0.22996755036910824	0.9675663305590588	-0.10454799340556443	-0.16111615406552526
0.573904519729439	0.22158918990017124	0.7883729713891625	-0.15479215292970627
0.0	0.0	0.0	1.0
33	48	25
0.7126883997201214	0.12828230901479354	-0.6896513125398586	0.12490171907294201
-0.2588918624119634	0.961831601616416	-0.08862919372357683	-0.15721919501968862
0.6519589383318652	0.24171013408448708	0.7186974338136791	-0.20411558365734983
0.0	0.0	0.0	1.0
33	49	26
0.6494547074539332	0.07942669768337934	-0.7562405012183159	0.24872664491429608
-0.2825345159126137	0.9485361591611395	-0.1430157323151342	-0.1550385793086415
0.7059623060141373	0.3065463749889184	0.6384721323316538	-0.18021732144642932
0.0	0.0	0.0	1.0
34	45	27
0.8557248694388239	-7.551312357124301e-05	-0.5174310611985171	-0.04757634098931076
-0.18078734158612647	0.9369321896051389	-0.2991218905485152	-0.2274516960470026
0.4848204693587059	0.3495110840071223	0.8017424614716326	-0.06869576010240616
0.0	0.0	0.0	1.0
34	46	28
0.821447259916279	-0.003985168685965285	-0.5702706106027617	-0.021728261194635057
-0.17286551523364496	0.9511885676875075	-0.2556514250866764	-0.20872807424173864
0.5434537634323701	0.30858430907044815	0.7806622875752867	-0.10110053514901138
0.0	0.0	0.0	1.0
34	47	29
0.7849932977391254	0.06676810444219387	-0.615895693278683	0.038637001712506384
-0.22832279670382	0.9553715148048266	-0.18744003398471207	-0.1973034445316315
0.5758942772639567	0.2877622229594561	0.7652050192417159	-0.17664218770234572
0.0	0.0	0.0	1.0
34	48	30
0.7115596815405784	0.06666229503073032	-0.6994562186079336	0.1453687934613451
-0.25722631618146075	0.9510954559705572	-0.1710323217503631	-0.19391283939734277
0.6538483427124027	0.30161825457090763	0.6939084605188184	-0.22409941517589932
0.0	0.0	0.0	1.0
35	43	31
0.9049706860153459	-0.025026238761216065	-0.42473721175340423	-0.0570074070451418
-0.17377337515286928	0.8894719935619373	-0.42266124507826636	-0.2884167011508461
0.38836944035898124	0.4563041067058863	0.800597117918869	-0.09768159334186667
0.0	0.0	0.0	1.0
35	44	32
0.8916102400679239	-0.01087161845133374	-0.4526732235123509	-0.052890733577513185
-0.1861474230210769	0.9025271104757161	-0.38832180543934397	-0.2798615562151657
0.4127715643069764	0.43049572393754354	0.8026786978647671	-0.09210716431619997
0.0	0.0	0.0	1.0
35	45	33
0.8706265384974055	-0.02392412081339497	-0.4913623832058668	-0.03416578889834434
-0.1821896048588207	0.9121143244513316	-0.36722520337870995	-0.2585955427510607
0.45696423184678514	0.40923719493030253	0.7897522146256053	-0.09665430532092087
0.0	0.0	0.0	1.0
35	46	34
0.8379746290056662	-0.03184582700859201	-0.5447792121779274	-0.007228307232789944
-0.17571708547694545	0.9293808083232841	-0.32461468463385523	-0.24127020536468766
0.5166449829323342	0.3677459211221362	0.7732016927415174	-0.12683423534575974
0.0	0.0	0.0	1.0
35	47	35
0.8021086277639395	0.0351776810337822	-0.5961411132790655	0.05116575114964283
-0.23321360240862116	0.9374453137173203	-0.25847154068183575	-0.23157232986284604
0.5497572971065151	0.34635051831968283	0.760137057643054	-0.20113986509800505
0.0	0.0	0.0	1.0
35	48	36
0.7311883534551399	0.028462141523199348	-0.6815816511650571	0.15931533246738913
-0.26254148746726846	0.9339126048798327	-0.24265047175825738	-0.22844659669220907
0.6296313969200225	0.3563666788521256	0.690338562557036	-0.24743128640688822
0.0	0.0	0.0	1.0
