0	13	1
0.7532478881857668	-0.16086393116655462	-0.6377620011801703	-0.16177349756292558
-0.006979700307397536	0.9676216201410995	-0.2523086035794177	-0.21029370358891705
0.6576997286591769	0.19450234921194376	0.727736058577427	-0.12976522030185703
0.0	0.0	0.0	1.0
1	13	2
0.7449189195929414	-0.1405552522563838	-0.6521810625594567	-0.13150563023216713
-0.0046777347908603505	0.9764310271167577	-0.2157790648394449	-0.20261546672748895
0.6671387006854945	0.1637886312334652	0.726704386218921	-0.12406531415157708
0.0	0.0	0.0	1.0
2	13	3
0.7430324151793207	-0.039912358966325424	-0.6680641938702793	-0.11183921915095098
-0.04696468291695035	0.9926496041419951	-0.11153908242493778	-0.17225154112482086
0.6676055246486495	0.11425258401824752	0.7356963158648695	-0.10666352940395997
0.0	0.0	0.0	1.0
3	13	4
0.7539725682279617	-0.014217037770178041	-0.6567520287087598	-0.0928206367290278
-0.02487224204686297	0.9984311236613598	-0.050167667495076854	-0.12945995138533511
0.6564349282570572	0.05415993469301284	0.752435968227283	-0.08527562528911288
0.0	0.0	0.0	1.0
4	13	5
0.7341503141074709	-0.018730966975854964	-0.6787284832876859	-0.08391894351661427
-0.028810721382327743	0.9978597768570904	-0.05870134456423453	-0.07931413831383934
0.6783754028186869	0.06265027124802325	0.732039430458962	-0.06642913058662421
0.0	0.0	0.0	1.0
5	13	6
0.7437958782151469	-0.07310832541236895	-0.6643966239555528	-0.07238617408671345
0.007755209632244319	0.9948773513302263	-0.10079146477664284	-0.030139332863841534
0.6683619169428965	0.06981574912544108	0.7405526226385171	-0.058921285273218625
0.0	0.0	0.0	1.0
6	12	7
0.8284246060735341	-0.09654019208868979	-0.5517178833003347	-0.07386556045886665
0.16504687399722168	0.9833722909132105	0.07575238653153489	0.06434965399932698
0.5352309962924313	-0.1538145073757369	0.8305834465071309	-0.02766135121621849
0.0	0.0	0.0	1.0
6	13	8
0.8113302122947456	-0.1180100988481839	-0.5725529948903505	-0.06832966932912711
0.05109978774638171	0.9899801680306363	-0.1316364359750446	0.01626174287975222
0.5823505747580535	0.07754327435113088	0.8092310348825611	-0.052915035325116225
0.0	0.0	0.0	1.0
7	12	9
0.8544649206133659	-0.0545418677587527	-0.5166380812910154	-0.07623321583771664
0.13864176602448963	0.9823466939482279	0.125591745179305	0.13858114447057684
0.500667826820577	-0.1789413971280973	0.846942529161383	-0.022980403044754242
0.0	0.0	0.0	1.0
7	13	10
0.838828951344857	-0.07542879221926192	-0.5391442993938431	-0.07269813333172102
0.034036031315064476	0.9956836497898464	-0.08634572075615365	0.08727091230628618
0.5433302188832223	0.05407895162235274	0.8377754634674949	-0.031087360965384912
0.0	0.0	0.0	1.0
8	13	11
0.9107683403651023	-0.09469995679782	-0.40191173011662873	-0.053641396622126344
0.035812994158733485	0.9877941845313877	-0.15159228498509134	0.08274713510174352
0.411361891970162	0.12367178111374166	0.9030430418911668	-0.009850300731296273
0.0	0.0	0.0	1.0
8	14	12
0.917109146136533	-0.10853453836775818	-0.38357670226788	-0.03312739516753764
-0.0625952085793907	0.9110778040521362	-0.40745444696678246	0.009338831500867742
0.3936911800109403	0.3976903188272737	0.82876406220931	-0.05828435981867297
0.0	0.0	0.0	1.0
8	15	13
0.9496014393944844	-0.05471852578951221	-0.308647233024614	-0.029912971557403696
-0.14299217621815644	0.800609843871012	-0.5818737837300076	-0.06148471966358371
0.27894531332296724	0.596682324945779	0.7524358213058753	-0.14127721075598806
0.0	0.0	0.0	1.0
9	13	14
0.9542809544542237	-0.11152010805146378	-0.27732856329224137	-0.031009534828320754
0.030801054957826608	0.9595441120263383	-0.2798687055106069	0.010383279007325535
0.29731999988132246	0.25853137547526045	0.919109571210796	-0.01220882645657247
0.0	0.0	0.0	1.0
9	14	15
0.9587001187082382	-0.12253781318525006	-0.256668073078304	-0.009369527976788146
-0.03446482716620587	0.8457292889216668	-0.5324980296752571	-0.058966883670930455
0.2823228960111141	0.5193520464048501	0.8065776168950347	-0.08117936609665805
0.0	0.0	0.0	1.0
10	13	16
0.972913033420133	-0.13435369623782512	-0.188120831426962	-0.006108151312849162
0.035481639770378146	0.8909161138776598	-0.4527797691081784	-0.04430656533342175
0.2284325908918569	0.4338404968561176	0.8715508880863763	-0.03475470080215805
0.0	0.0	0.0	1.0
11	12	17
0.9965862228855794	-0.034339589683524	-0.07507736961459052	-0.0006316328818238103
0.010621659195234109	0.9551632707770562	-0.2958887947938029	-0.026492183711132086
0.08187188202229685	0.2940812185609237	0.9522673580012936	-0.013815762872329444
0.0	0.0	0.0	1.0
11	13	18
0.993828132953061	-0.06549657945542686	-0.08953115418119231	0.006857839670429723
0.010464363766181598	0.8588441151045068	-0.5121301337683993	-0.07385856887798818
0.11043612374338747	0.5080324349565382	0.8542287924445087	-0.05859984640283146
0.0	0.0	0.0	1.0
11	14	19
0.9953038819866379	-0.07053921554437764	-0.06628962623832438	0.029043594541518617
-0.0006491424573600525	0.6799359242136347	-0.73327117996242	-0.1259832723074149
0.09679712293391454	0.729870792448234	0.6766971381344435	-0.14985243887484287
0.0	0.0	0.0	1.0
12	13	20
0.999406397595001	-0.025512599177563305	-0.023152366518944027	0.006493345153734394
0.019385643072931957	0.9719811833511192	-0.23425812919009698	-0.05133287187911819
0.02848020504493624	0.23367028373781243	0.97189872380191	-0.03896389664242657
0.0	0.0	0.0	1.0
12	14	21
0.9993053577597385	-0.037190373255845316	-0.0023823385706731757	0.028656618919710712
0.03105641133361942	0.8664097380010684	-0.49836698604387925	-0.10989588361740993
0.020598529275078072	0.4979469223584829	0.866962969297913	-0.12466996453780782
0.0	0.0	0.0	1.0
12	15	22
0.9970204368931656	0.025202866826773307	0.07290511537013306	0.023219698104324386
0.03091608582744443	0.7353361766269704	-0.6769969130913257	-0.16286019171599064
-0.07067202694645229	0.6772337363230072	0.7323659726720727	-0.23792686164684068
0.0	0.0	0.0	1.0
13	14	23
0.9997160750947507	-0.01621808259753439	0.017454737115087892	0.022012701205151745
0.02047198805508921	0.9594824513636259	-0.2810235679263564	-0.07172559881049195
-0.012189868753731544	0.2813011573696393	0.9595421878989989	-0.07276331260856367
0.0	0.0	0.0	1.0
13	17	24
0.9703389559516552	-0.017991749753546168	0.2410779060324866	0.044551925778376904
0.17981619843037616	0.7202467484067885	-0.670008043535902	-0.23203628129539752
-0.16158100101256295	0.6934846465023682	0.702118669564677	-0.33735051756381923
0.0	0.0	0.0	1.0
13	18	25
0.9098643683271431	-0.0023060510674714147	0.4148992564555025	0.08211076291473074
0.2880291506552313	0.7232778687068051	-0.6276210809783681	-0.26523095771307625
-0.2986401918499682	0.6905533343231791	0.6587490788947394	-0.362812693766009
0.0	0.0	0.0	1.0
13	22	26
0.8760697368174044	0.05388612695043287	0.47916372741933305	0.0662544611627885
0.2889966126282525	0.7367945801877105	-0.6112402932969274	-0.2347273574149959
-0.38598266979169515	0.673965927841409	0.62991056802335	-0.2972150251298803
0.0	0.0	0.0	1.0
13	25	27
0.9579685266812876	0.048062264979400575	-0.2828183524607746	0.14848913937380964
-0.21463800194947413	0.7741803326476981	-0.5954621323941336	-0.2722470501719314
0.19033307261775734	0.6311376712030758	0.7519564634630092	-0.3255270766210421
0.0	0.0	0.0	1.0
13	26	28
0.9172402569790096	0.023447390504196263	-0.3976436479873728	0.17080249268844222
-0.2648313114841901	0.7815808630602472	-0.564796961727149	-0.3487898152671968
0.29754762731942425	0.6233630924840337	0.7231070057692754	-0.3485634361364353
0.0	0.0	0.0	1.0
13	27	29
0.9369280088294484	0.02677825681449839	-0.34849507964575954	0.14330495624299258
-0.22666578035799095	0.8055264418609938	-0.547493863841837	-0.4066389307832557
0.26606106733642493	0.5919542687307341	0.7607900168402365	-0.36728376343134167
0.0	0.0	0.0	1.0
13	28	30
0.9295252254326517	0.01805677363279759	-0.36831617931960414	0.12733944216953258
-0.24546095526082246	0.7756735146753266	-0.5814460552088693	-0.4304127870108636
0.2751940357113496	0.6308760829494441	0.725440250337551	-0.39078466235396725
0.0	0.0	0.0	1.0
13	29	31
0.9284791386290168	0.045701811152800344	-0.36856177255722483	0.10886058223827791
-0.2468912189548492	0.8173121840704458	-0.520620282266905	-0.40327556681575727
0.2774367209617513	0.5743797564122433	0.7701406835637967	-0.324427945805226
0.0	0.0	0.0	1.0
13	30	32
0.9469267344712838	0.040278263249397366	-0.318916027615607	0.11596826970022699
-0.1629433460551634	0.9153547705348083	-0.36820515403567444	-0.30739826771944556
0.27709063910923354	0.40062860524861355	0.8733370609963594	-0.17995813235547006
0.0	0.0	0.0	1.0
13	31	33
0.943429137464025	0.056591484195549074	-0.32670914881228186	0.11631125675075847
-0.14806978988430372	0.9535283284326518	-0.2624100774286447	-0.21046413591729068
0.296676253595011	0.2959411269187571	0.907965897335323	-0.07022096582663738
0.0	0.0	0.0	1.0
13	32	34
0.9214663942697718	0.03627478871368104	-0.3867606679075266	0.12213950493511189
-0.11283004996011178	0.9777001960909119	-0.17712046089550693	-0.13111845278102655
0.37171105227228535	0.2068488106001424	0.905010807546235	0.006753254083450164
0.0	0.0	0.0	1.0
13	33	35
0.9259719296951636	0.048201382093060616	-0.37450324421552905	0.12718009174797484
-0.051085677649327206	0.998691774563907	0.0022280526721144517	-0.04257089880845725
0.3741206360240409	0.017068646772872644	0.927222914893458	0.06301166323071995
0.0	0.0	0.0	1.0
13	34	36
0.9423539114451356	0.054629338558308496	-0.3301283171653072	0.12525346859648892
0.011898556628303398	0.9804886844581818	0.19621497631680895	0.032089166696528316
0.33440610562805845	-0.1888320164028488	0.923317382446154	0.07704342631032134
0.0	0.0	0.0	1.0
13	35	37
0.9060605472163282	0.0397879914207892	-0.4212734316281859	0.10979015674742756
0.09180315100423413	0.9533736765766315	0.2874903169230296	0.08542027679847522
0.41306965434486065	-0.29915788085955125	0.8601615663947247	0.07687861594591061
0.0	0.0	0.0	1.0
13	36	38
0.82248292614591	0.03952516989510458	-0.567414893249176	0.07548106567060169
0.12943282881665535	0.9584045338550936	0.25437717611554583	0.09307636431391395
0.5538673415808794	-0.2826630160581895	0.7831555027054037	0.07377955675707838
0.0	0.0	0.0	1.0
13	37	39
0.7412130277605365	0.04756336622821516	-0.6695826661220649	0.05140349274645345
0.08597990733553049	0.9825433988684317	0.1649721450168399	0.057499499397985654
0.6657406513242915	-0.17985020243813538	0.7241844557935555	0.0580935931882079
0.0	0.0	0.0	1.0
13	38	40
0.7101614137700403	0.017142293031498994	-0.70383022006745	0.04630154555367374
0.00045219341933749657	0.9996921879172628	0.024804483015444558	-0.005508356952358318
0.7040387202754467	-0.017933441478515454	0.7099350133415414	0.020225247573173386
0.0	0.0	0.0	1.0
13	39	41
0.7519953184102404	0.012919963734980517	-0.6590418000445284	0.03426320768426013
-0.12079543884412831	0.9855777712283006	-0.11851143162014581	-0.0937179307876866
0.6480057223403641	0.16872929080109128	0.7427105548744933	-0.05189524586724104
0.0	0.0	0.0	1.0
13	40	42
0.7724808160767284	0.01122841730624131	-0.6349388159761101	0.020430041605805867
-0.2106792463535383	0.9477482413742465	-0.23955692194011116	-0.175683421531535
0.5990723140961709	0.31882164585835016	0.7344829286242872	-0.12727031957211002
0.0	0.0	0.0	1.0
13	41	43
0.7570784349073947	0.0239764280254878	-0.6528839262961238	0.006091055997657688
-0.35073530224400257	0.8580267987003083	-0.3751995059328995	-0.21670938142982704
0.5511959613608604	0.5130449802626003	0.6580029436655577	-0.21582942768956473
0.0	0.0	0.0	1.0
14	30	44
0.9404381098090974	0.14765467580404795	-0.30622591428028095	0.08357529971117761
-0.1841693382363284	0.9784054703863602	-0.09383175812477845	-0.23999500881152877
0.28575844177554727	0.1446404180903185	0.9473232134432551	-0.10694365824689925
0.0	0.0	0.0	1.0
14	32	45
0.9138657134110326	0.16235813320563647	-0.3721415236574097	0.08658984154497151
-0.13174605360801941	0.9855514275319595	0.10644900418580444	-0.04978352078830136
0.3840475938065995	-0.048251912159593804	0.9220516246185402	0.061929966178182645
0.0	0.0	0.0	1.0
14	33	46
0.9183904936823439	0.1704491030740145	-0.3570799680066895	0.09320708445968959
-0.06722916578034799	0.9565553454957898	0.28369374440281087	0.0481610011799369
0.38992207347181107	-0.23653546022341684	0.8899503319414613	0.10221851795191858
0.0	0.0	0.0	1.0
14	34	47
0.9354381298514538	0.1644815849742585	-0.31289186210669045	0.09369244597014634
-0.000581595106246174	0.885864307701674	0.4639440370310126	0.12939922987389318
0.35348996262473886	-0.4338090364050277	0.8287668378685064	0.09845077088897586
0.0	0.0	0.0	1.0
15	32	48
0.8763333699692478	0.2450104930382273	-0.4147404995649661	0.06220687574117977
-0.10463714848588286	0.9372485224452876	0.33259034811646854	0.05906434552488952
0.4702030759606624	-0.248062771775432	0.8469794144791377	0.1134876479202011
0.0	0.0	0.0	1.0
15	33	49
0.8824200565901392	0.24961062996064867	-0.3987849697818455	0.07059099305649594
-0.023838914108902293	0.8702790720050667	0.4919818323600276	0.16508790589757133
0.46985798439232185	-0.4246280363205056	0.7739021487957083	0.13250371065351849
0.0	0.0	0.0	1.0
16	32	50
0.8474926932877506	0.33817503410627076	-0.4091378527913491	0.06560382567959405
-0.1261706841616375	0.877033720597526	0.46356537818632726	0.16764772161537425
0.5155940018311426	-0.3412470972871574	0.7859474530616608	0.142254613395988
0.0	0.0	0.0	1.0
18	31	51
0.7227107360179162	0.5177160744253335	-0.4578856854781524	0.02815651979711449
-0.24579609790727283	0.8117116861265758	0.5298191950535556	0.21723457950198793
0.6459671697813234	-0.2703595464973	0.7138852457478331	0.06403708849220391
0.0	0.0	0.0	1.0
20	30	52
0.5419733287954642	0.5424318753750929	-0.6418975906999563	-0.03088757029224366
-0.32556721445977127	0.8396784501525855	0.4346791981627781	0.08617811109829554
0.7747715245220432	-0.026603725893135602	0.6316814700019374	-0.08647581062207983
0.0	0.0	0.0	1.0
21	31	53
0.5402934323576037	0.5475308692475805	-0.6389780255701486	-0.009096164857887354
-0.25623147728413437	0.830342805448113	0.4948496761670309	0.14307989808433863
0.8015163460800377	-0.1036377184002531	0.5889233901126765	-0.03507457710705496
0.0	0.0	0.0	1.0
23	32	54
0.7826007771399988	0.3967578308412384	-0.47970752289899177	0.057793642590824305
-0.09949857323250239	0.8403991108196278	0.5327563537078892	0.22869472573393873
0.614521218202778	-0.36920537934989667	0.697173778991066	0.1123945340195604
0.0	0.0	0.0	1.0
24	32	55
0.9334991747559452	0.20951269525472407	-0.2910046832259413	0.023717841183249704
-0.04652702754770032	0.8754593527506646	0.48104693563703727	0.22356263125925857
0.3555482798519249	-0.4355174478773614	0.8269885848231893	0.14808224450881785
0.0	0.0	0.0	1.0
25	32	56
0.9938623569832303	0.06060284273411795	-0.09254718717178281	-0.03906593357644451
-0.011004219590375694	0.8866025462707162	0.46240122072620526	0.26241461556644297
0.1100755486791071	-0.4585448472006951	0.8818277820282706	0.15262957769672186
0.0	0.0	0.0	1.0
26	32	57
0.9998496044483145	0.0027597601034939595	0.01712316471392737	-0.041706216973689265
-0.010136930773634176	0.8940698586596418	0.4478128273291526	0.3385466192538153
-0.014073379985002656	-0.44791914830373736	0.8939634634578306	0.16453037194905712
0.0	0.0	0.0	1.0
27	32	58
0.9991032500382477	0.03210450938443224	-0.027604304547401766	-0.018120613172755824
-0.017806908796849933	0.9101106550772448	0.4139827167883242	0.39356894301168494
0.03841373815831788	-0.41311996347995555	0.909866252089285	0.16743682611557292
0.0	0.0	0.0	1.0
28	32	59
0.9996314752786762	0.026833835827627186	-0.004104809756259683	0.00479252015570441
-0.021987937351944143	0.8890574667748287	0.45726713231554195	0.4330361888728831
0.01591969631282273	-0.45700846551452806	0.8893199949926001	0.155556384807004
0.0	0.0	0.0	1.0
28	39	60
0.9419676694953026	0.20863346699930607	-0.2629999652119587	-0.09866427642041674
-0.05083637753411656	0.8630450914140293	0.502562232708296	0.48061482953865897
0.331832055527367	-0.4600274726985571	0.8235668067436653	0.02968501694254551
0.0	0.0	0.0	1.0
29	31	61
0.9989531636867842	-0.016580087393110447	0.04263489881772448	0.014710243107397951
0.002812554699159019	0.9525034925994912	0.3045147008840295	0.27214416881658726
-0.04565874252047909	-0.3040759676697059	0.9515530470995444	0.12083347089657881
0.0	0.0	0.0	1.0
29	32	62
0.999765397883856	0.003501279381499437	-0.021375995338932564	0.0077814722564832845
0.005202126364777611	0.9191555644554045	0.39386034254013574	0.36676754583214055
0.021026961916506118	-0.39387916183262356	0.9189217977869611	0.14374632435800344
0.0	0.0	0.0	1.0
29	33	63
0.9999761428037026	0.005755188633473106	-0.0038356583946874355	0.01939863996639088
-0.002611160051557786	0.8276956128488502	0.5611712401526808	0.47356243211907456
0.0064043831969752074	-0.5611477850257887	0.8276908636138716	0.10454334018994513
0.0	0.0	0.0	1.0
29	38	64
0.9195584428064475	0.20510625984441602	-0.33517726959616223	-0.07982865658155143
0.03696559294572463	0.8040352644240228	0.5934313866880285	0.5072410802712668
0.3912108164380389	-0.5580848186403674	0.731775507397145	-0.010015737196157882
0.0	0.0	0.0	1.0
30	31	65
0.9998304510436301	0.01837176356599046	-0.0012396302538324809	0.005787016446697728
-0.018118009570127463	0.9935645061650193	0.11180948951876164	0.11717802030972213
0.0032858226836000653	-0.11176805252757385	0.9937288414918887	0.07387026808371444
0.0	0.0	0.0	1.0
30	32	66
0.9973664111339265	0.025464743174816763	-0.06790995934677903	0.002083516591272699
-0.01097517982153654	0.9785441797092516	0.20574460514592588	0.20798253292532853
0.07169222139421674	-0.20445747871017922	0.9762465680653669	0.11127287222345877
0.0	0.0	0.0	1.0
30	33	67
0.9982041170472395	0.031134413765519484	-0.05117852297478735	0.011780761639935996
-0.008859388274058258	0.9216610312248456	0.3878949020450221	0.3115783743602656
0.05924610953531202	-0.38674490724304855	0.920281545978672	0.10286843431324574
0.0	0.0	0.0	1.0
30	34	68
0.9998236864434906	0.01800986059474225	-0.0053097429176067685	0.013886315037466932
-0.011816654449100699	0.8233088876223534	0.5674705148098482	0.3886642068516131
0.01459157525220094	-0.5673078165537117	0.8233764943652564	0.049135125603285874
0.0	0.0	0.0	1.0
30	37	69
0.9173308225570752	0.16930541892034529	-0.36033285472981536	-0.06777841462674593
0.06837955592273331	0.8246223876403818	0.5615354214611464	0.4041100240422866
0.3922095614496584	-0.5397532617416589	0.7448744216819699	-0.01926328005884903
0.0	0.0	0.0	1.0
30	38	70
0.8976240039578223	0.15912912485805575	-0.41103417057939257	-0.08284728634421386
0.03278350981574356	0.9058662506303314	0.4222931884574817	0.34514662657893597
0.43954112733106926	-0.39253567063405903	0.8079103682699232	-0.0060223209733617404
0.0	0.0	0.0	1.0
30	47	71
0.7888140875358743	0.2440999095691643	-0.5640811904383576	-0.2345469226153918
-0.11629203924016918	0.9604512115899811	0.2530011924258571	0.22665986229079155
0.6035300649747479	-0.13397276393935986	0.7860042528320725	-0.16263121479503853
0.0	0.0	0.0	1.0
31	33	72
0.9986703216282089	0.00712634030648752	-0.051057523324094856	0.008938022550316923
0.007593804473737098	0.9592604794714534	0.28242099787324576	0.17826767011769634
0.0509900362760797	-0.2824332208615693	0.9579308049355089	0.06490571445872015
0.0	0.0	0.0	1.0
31	34	73
0.9999916333113853	-0.000814528514571128	-0.004004161750994651	0.008490580349751784
0.0026075230894382962	0.8816731195836248	0.471853393172473	0.2504804697096423
0.0031459409800419745	-0.47185996134418196	0.8816678946902228	0.03927949238325663
0.0	0.0	0.0	1.0
31	35	74
0.9946894652865891	0.01432517965656926	-0.10192036051198183	-0.010045435233793247
0.0466368779264746	0.8200351591666414	0.5704096406536162	0.29263860755356863
0.09174950375992628	-0.5721337690188156	0.8150122204105398	0.0030244219908934266
0.0	0.0	0.0	1.0
31	36	75
0.9635707819910686	0.06479889462710714	-0.25948509848171997	-0.04117651628860066
0.093240882125101	0.8279496284504823	0.552996707179653	0.2953170838644065
0.2506741986264861	-0.5570461637995501	0.7917461789078667	-0.017017733498876347
0.0	0.0	0.0	1.0
31	37	76
0.9207324318633903	0.11130701974659263	-0.3739819682111415	-0.05852329632319629
0.08282162596013799	0.8808615718621469	0.4660722197339364	0.26598423895487866
0.38130344855976983	-0.4601016933228757	0.8018191675242301	-0.026786680681798014
0.0	0.0	0.0	1.0
31	38	77
0.9009048502428051	0.09588437648601628	-0.4232927004789635	-0.06802763368248195
0.04889682207729665	0.9466589150584979	0.31850575245576496	0.21040793697016646
0.43125349514917644	-0.3076410649782124	0.848161106317938	-0.035123109384251776
0.0	0.0	0.0	1.0
31	48	78
0.740741534153085	0.15931893007872297	-0.6526249608995193	-0.08886848274599171
0.031211726184911553	0.9622607767895349	0.270333124767374	0.15628745468373775
0.6710647203482349	-0.22061658144118487	0.7078139647360229	-0.20053746635375044
0.0	0.0	0.0	1.0
31	49	79
0.6984326187532537	0.18376428109959195	-0.6916810316509252	0.03637713052112875
0.16379337608834546	0.8997764386433574	0.40444273051675667	0.19410590301546932
0.6966804654859284	-0.39576881038246225	0.5983338263391149	-0.19379825889418514
0.0	0.0	0.0	1.0
32	33	80
0.9998436439472317	0.00898123257735243	0.015234858257097032	0.006134404882678886
-0.011708132413505322	0.9817905546699707	0.18960547396242183	0.08630953640888894
-0.013254654146398433	-0.18975420455657602	0.9817420702896984	0.03312035075823824
0.0	0.0	0.0	1.0
32	34	81
0.9980097832665664	0.005557758648792824	0.06281362110654325	0.003661576339334036
-0.0293571137837287	0.9225278164539272	0.38481236745167846	0.15403652353163547
-0.05580875370310771	-0.3858905899709281	0.9208548953106152	0.027043737299522648
0.0	0.0	0.0	1.0
32	35	82
0.9992796519445284	0.0112860191667277	-0.036234242536996364	-0.010536861447446304
0.007986976056083244	0.8708350941989472	0.4915102390562519	0.1953080198653654
0.037101204418280014	-0.4914456382378274	0.8701175372490918	0.002033376804532143
0.0	0.0	0.0	1.0
32	36	83
0.9787779273265741	0.046343772752834085	-0.19961491779683307	-0.03664181397487567
0.055650814642520356	0.8773730213864728	0.4765704814630142	0.1981006047763
0.19722280833383538	-0.47756546483635853	0.8561742092831504	-0.018708747363234562
0.0	0.0	0.0	1.0
32	37	84
0.9436965135533684	0.08146841197068777	-0.32062407116244596	-0.05101186734270512
0.05106439476131565	0.9217118535607982	0.38449913509876316	0.16951934146782846
0.3268474993349341	-0.37922304381206534	0.8656560188072957	-0.03739653462105652
0.0	0.0	0.0	1.0
32	38	85
0.9272255860911441	0.06129522011721424	-0.36945326250698635	-0.056417385701399946
0.027086896447094156	0.972954889805472	0.22940151206883871	0.11720640303665186
0.37352250207818155	-0.2227142928142144	0.9004882159828622	-0.06067978876127388
0.0	0.0	0.0	1.0
32	39	86
0.9482985570905392	0.044513979230810304	-0.3142425237792142	-0.07360274933484955
-0.029721751275483068	0.9982197827512822	0.05171044545641636	0.04044809129861698
0.3159848357988238	-0.03969710791168099	0.9479333106453903	-0.10209614127469928
0.0	0.0	0.0	1.0
32	40	87
0.9577918065015679	0.03627964178695192	-0.2851642744493899	-0.08987146356405862
-0.0671032748078732	0.9928150733494825	-0.09907281239107076	-0.03664202277539517
0.2795210351208096	0.11402666419204562	0.9533445556491976	-0.1528980678233345
0.0	0.0	0.0	1.0
32	41	88
0.9510019251796936	0.05365967312231885	-0.30449311566179976	-0.10097176170117776
-0.14695362381778548	0.9449220102673492	-0.292449950272792	-0.07288884213575894
0.27202944873998786	0.3228669286198371	0.9065080409151925	-0.21284304965122386
0.0	0.0	0.0	1.0
32	42	89
0.9420615235270267	0.04672036588279955	-0.3321705107883004	-0.11766831098922939
-0.19588297564218496	0.8804928163286485	-0.431696671450121	-0.09486439869295439
0.2723047780214049	0.4717515253315128	0.8386301784762606	-0.2764760300693892
0.0	0.0	0.0	1.0
32	45	90
0.8266075123917478	0.08370300983692525	-0.5565194364358558	-0.20720173131464475
-0.36661319977014833	0.830355848097827	-0.4196473794059604	-0.04947930580147257
0.426983427072543	0.5509111234516675	0.7170649266825929	-0.39962854367777223
0.0	0.0	0.0	1.0
32	47	91
0.8312594202240499	0.11414848745592909	-0.5440386167364002	-0.19948301747502287
-0.10870943059156103	0.9931738919355471	0.04228293397031152	0.01561859500408363
0.5451514537206827	0.02399405767114609	0.8379940526622223	-0.26200339692912566
0.0	0.0	0.0	1.0
32	48	92
0.7827772054813107	0.10156250167568528	-0.613958309208151	-0.06855995445296195
0.012666076209078166	0.9837876703041256	0.17888940231672312	0.06465089158425909
0.6221731762081094	-0.14780701254446696	0.7688001441203808	-0.22632064219685996
0.0	0.0	0.0	1.0
32	49	93
0.7431734867879876	0.12189885380170112	-0.6579011586672451	0.05716274789893635
0.13597950233832315	0.9352293691327507	0.32688757405077135	0.09919568483972624
0.6551357311954701	-0.3323952840425978	0.6784618192176491	-0.19966985150421815
0.0	0.0	0.0	1.0
33	34	94
0.9988605399059345	0.005681531868369808	0.0473840066831474	-0.004525583665575171
-0.015204502027615387	0.9790353414217217	0.20312213562353265	0.06290222750433515
-0.04523659885490106	-0.20361116197096035	0.9780062283247364	0.012502911833770374
0.0	0.0	0.0	1.0
33	35	95
0.9986726661954372	-0.007489403607618397	-0.050959257675735406	-0.014328927625467199
0.023295020722399418	0.9480771894099506	0.3171858752824225	0.10283170246386955
0.045937831112227746	-0.317951994074082	0.9469932557365394	-0.0021708839075554897
0.0	0.0	0.0	1.0
33	36	96
0.9759999114182752	-0.0038078704259351527	-0.21773758250601877	-0.035088789854627565
0.0707825149647269	0.9511053497235352	0.30064652233027256	0.10561940974924752
0.20594662138446104	-0.30884302778996037	0.9285483406990349	-0.024069854067099924
0.0	0.0	0.0	1.0
33	37	97
0.9393958774821907	0.008143904950813222	-0.34273743923595107	-0.04612581168813762
0.06519232550143274	0.9772332604987405	0.2019035037106035	0.0780877561234849
0.3365787238691486	-0.21201122898578287	0.9174780285703835	-0.05154984492716024
0.0	0.0	0.0	1.0
33	38	98
0.9220024360332695	-0.02072738339238981	-0.38662885605842556	-0.04747906492062202
0.039315896189294666	0.9984165581609513	0.04023184544740131	0.029459858532809167
0.3851827304955654	-0.05229451878018401	0.9213574176695092	-0.08904481541553373
0.0	0.0	0.0	1.0
33	39	99
0.9437625281626744	-0.026981512387346328	-0.32952114355682505	-0.06614954914410556
-0.019964072106772337	0.9901953107772856	-0.13825612659142208	-0.04031364540141286
0.3300206052939076	0.1370595315590009	0.9339706261023678	-0.14688359183785749
0.0	0.0	0.0	1.0
33	40	100
0.9536233442167897	-0.029663659226048827	-0.29953712656461934	-0.08324033889570992
-0.05968546599750658	0.9567373511138954	-0.284765377946568	-0.10941990943447273
0.29502557459328743	0.2894370016414121	0.9105966526378663	-0.20984831552362207
0.0	0.0	0.0	1.0
33	41	101
0.9466961446306623	-0.01618546663656158	-0.32172100363556577	-0.09472670086094226
-0.1428995548733788	0.8739859244802491	-0.46446559137707316	-0.1320622871531118
0.28869724620399784	0.4856816493752357	0.8250862466619077	-0.2838601223114592
0.0	0.0	0.0	1.0
34	35	102
0.995077608202418	-0.032867650359884926	-0.09349007371419524	-0.006589273690997831
0.0436845682037796	0.9922743810674738	0.11611688219847661	0.03916133027731955
0.088951396900395	-0.11962939987197652	0.9888257695385407	-0.00660657221086409
0.0	0.0	0.0	1.0
34	36	103
0.96454897236843	-0.06279494355207796	-0.2563242719299455	-0.023568899768266056
0.09035146023251289	0.9911575251748347	0.09717655381881522	0.042467294267910315
0.24795563743098284	-0.1168908221315416	0.9616935918241755	-0.027618985530206017
0.0	0.0	0.0	1.0
34	37	104
0.9221315503961982	-0.07592742696933952	-0.37935257968629615	-0.032433610117361365
0.08023724401152475	0.9967657754138611	-0.004461782847600663	0.015807873239828782
0.37846450043634833	-0.026323886771276003	0.9252413758154592	-0.059749448813307786
0.0	0.0	0.0	1.0
34	38	105
0.9025141403945651	-0.11284429977160994	-0.41561332145320484	-0.03110012527102223
0.046849995305036245	0.9850593158396951	-0.165720260565291	-0.03021855546388745
0.42810438795774813	0.13009341105320524	0.8943166614633667	-0.10647211451053167
0.0	0.0	0.0	1.0
34	39	106
0.9269199007397394	-0.10769832288005085	-0.35947256653361176	-0.0506857743272082
-0.020866621645615705	0.9416568847621725	-0.3359270425835356	-0.0954403227173974
0.37467860045514867	0.31887845580675184	0.8705932080872738	-0.17613105721310893
0.0	0.0	0.0	1.0
34	40	107
0.9381750067841094	-0.10438375011952378	-0.33004796672950226	-0.06830201428472425
-0.06767505110043465	0.8797450284024171	-0.470604724710817	-0.15918016153024522
0.3394816277893045	0.46384569688778793	0.8182906214586294	-0.24771989119797216
0.0	0.0	0.0	1.0
35	38	108
0.9406361751925851	-0.12080633680432304	-0.31718987366504875	-0.02226661835475705
0.029735984761679348	0.9602528959138262	-0.27754314461444923	-0.06946101072264435
0.33811136704034156	0.25163520419673047	0.9068408716202293	-0.10810747230034508
0.0	0.0	0.0	1.0
35	39	109
0.9595040536779927	-0.10811506968691492	-0.2601211304752978	-0.041847921100869136
-0.020308101048677977	0.8944637163759088	-0.44667928369112914	-0.13355355432744792
0.2809615542644971	0.43387320730382745	0.8560459754196871	-0.18561525818960933
0.0	0.0	0.0	1.0
35	46	110
0.849466074955053	-0.1491126136359092	-0.5061352116703083	-0.19998131945098824
-0.2518474533627165	0.7283353754307537	-0.6372602956324653	-0.1720793698768611
0.4636596712042021	0.6687999762403078	0.581142578989801	-0.4583603216083655
0.0	0.0	0.0	1.0
35	47	111
0.8516616126188702	-0.16135685106134512	-0.4986346560011777	-0.15798096836793327
-0.098954222273931	0.88480498293898	-0.455333088969454	-0.15730770793056295
0.5146654462617994	0.43713177894201866	0.7375875012583277	-0.34345555330449223
0.0	0.0	0.0	1.0
36	38	112
0.9841368808509563	-0.07069089994984117	-0.16271882778107313	-0.009397180031567509
0.025810502904448262	0.9644778842317063	-0.2628997857256038	-0.07783002648017733
0.1755232640143359	0.25452954644132164	0.9510027288583459	-0.08687868004777861
0.0	0.0	0.0	1.0
36	39	113
0.9929640458864497	-0.05792976434303827	-0.10327859767513228	-0.02767503566226285
0.00684811177155319	0.898800829543741	-0.4383039214232542	-0.14555407797079872
0.11821763204340349	0.4345128205806994	0.8928735777756382	-0.1671371291107604
0.0	0.0	0.0	1.0
36	40	114
0.9960697660060868	-0.050768203691692035	-0.07257782591213466	-0.04467428616603918
0.00010801451324000665	0.820119697845231	-0.5721920667903191	-0.20980925729205596
0.08857164768103852	0.5699355227580652	0.8169018918732537	-0.24727398777537304
0.0	0.0	0.0	1.0
36	46	115
0.9259319254626129	-0.10063059879023516	-0.36403790090089283	-0.1920319644426544
-0.18259243964459193	0.7244655087957932	-0.664687872880921	-0.19111478847089755
0.3306208133532629	0.6819264076250426	0.652431330985504	-0.442211473886874
0.0	0.0	0.0	1.0
36	47	116
0.9275065818824242	-0.11286171489531638	-0.35636194307578356	-0.1498065964388365
-0.06881525215158715	0.8854850939072164	-0.4595439458427559	-0.17091553461744538
0.36741804168740627	0.4507532331849841	0.8135265953338228	-0.3226149385911394
0.0	0.0	0.0	1.0
37	38	117
0.9984687795276677	-0.03820973827624064	-0.04000264009528135	-0.0005022992193138466
0.03127523682348711	0.986371995263301	-0.16153075840826955	-0.054448010409919846
0.045629513155527164	0.1600323654643574	0.9860565993905607	-0.048605623538898406
0.0	0.0	0.0	1.0
37	39	118
0.9992862364624254	-0.03137263945452738	0.02104236550344287	-0.016522111672539898
0.03669543664731666	0.9384359601662688	-0.34349894510274154	-0.12960872212499358
-0.008970504646237252	0.34402596005168185	0.9389173634508884	-0.12576054197490752
0.0	0.0	0.0	1.0
37	40	119
0.9982509580366336	-0.027296993109665005	0.052439630769431346	-0.03236038935437858
0.049323051473956346	0.8735694554734387	-0.4841938897173855	-0.20032005419505536
-0.0325926125770445	0.4859336073596752	0.8733879408721744	-0.20427414060072605
0.0	0.0	0.0	1.0
37	41	120
0.9994565856237606	-0.019056258221739227	0.0268973334322402	-0.04575134353504111
0.03206814894605887	0.7509949672475109	-0.6595287652015376	-0.2232252485706898
-0.007631601735941529	0.660033005228735	0.7511979723146794	-0.29702851132106284
0.0	0.0	0.0	1.0
37	45	121
0.9653192983688376	-0.09462102451467633	-0.2433219735748185	-0.15101829616701584
-0.14377479067060378	0.5852738625879648	-0.7979870954216262	-0.1858707181557208
0.21791634260450535	0.8052959489925308	0.5513720754725853	-0.5044060581674537
0.0	0.0	0.0	1.0
37	46	122
0.967251619146622	-0.048606069112801784	-0.24912218232875566	-0.19081941689759394
-0.11728483087725765	0.7848362572403541	-0.6085035550426615	-0.1902555167946354
0.22509708063868722	0.6177943643987218	0.7534334173086737	-0.3965118584620987
0.0	0.0	0.0	1.0
37	47	123
0.9681879805781839	-0.06152265225386358	-0.24254303512100028	-0.1487349301615362
-0.03523335420521962	0.9261267708454426	-0.3755633448092853	-0.15721989212267734
0.24773122167285486	0.3721615614945679	0.8944971561154549	-0.279003653669594
0.0	0.0	0.0	1.0
38	40	124
0.9956676060437751	-0.004175060579465409	0.09288976213266054	-0.027572629086394827
0.03523770199121616	0.9414192222617026	-0.33539264161833243	-0.16534594233570907
-0.08604789650196108	0.3372128852573243	0.9374878191672249	-0.140389631348926
0.0	0.0	0.0	1.0
38	41	125
0.9975782700825048	0.008116943142940846	0.06907740789033662	-0.04145076466418256
0.02970661360879572	0.8482975167054088	-0.5286859611525556	-0.2027193541203821
-0.0628894792784366	0.5294577525279843	0.8460020854136514	-0.22711175235507275
0.0	0.0	0.0	1.0
38	42	126
0.9990886581993108	-0.00522609516870538	0.042360274098028776	-0.05811940464563623
0.031834019994993655	0.7523420572394538	-0.6580029409726845	-0.22117522331776363
-0.028430580968832917	0.6587519223592818	0.7518229650300802	-0.30966953708468803
0.0	0.0	0.0	1.0
38	45	127
0.9771900468500422	-0.023836934077463005	-0.21102459026616968	-0.16208233248761666
-0.13399620141805393	0.7017006215156646	-0.6997580707827199	-0.18174402439909584
0.16475618245348908	0.7120731493651891	0.6825008564597728	-0.4323790158553982
0.0	0.0	0.0	1.0
39	48	128
0.9397592193099062	0.04636810600313407	-0.33867753374468423	-0.035844267933901726
-0.0004111421135706686	0.9909102216889943	0.13452401511626177	0.03827459148931821
0.3418368115982642	-0.12628095134424663	0.9312362387216029	-0.10097707713827608
0.0	0.0	0.0	1.0
39	49	129
0.9169170300142571	0.06557304093336709	-0.3936539037350204	0.08180752475752144
0.067857972222581	0.9464263291099719	0.31570924248544624	0.0981417887547192
0.39326653821860985	-0.3161917404395495	0.8633448105077708	-0.069790836713103
0.0	0.0	0.0	1.0
40	48	130
0.9285011961907788	0.1091324390701364	-0.35493031307953654	-0.035383518794166596
-0.0031899705093541516	0.9581461518574134	0.2862616343901641	0.14324146817457958
0.37131565560225355	-0.2646621602774794	0.8899880678627597	-0.06657026172627176
0.0	0.0	0.0	1.0
40	49	131
0.9038378045795646	0.13633376108133755	-0.4055741814216433	0.08137601030122606
0.07095315143115423	0.8869993941132401	0.456286659408558	0.2078391490013179
0.421951391887073	-0.44118598789940755	0.7920302692819438	-0.056814511548425775
0.0	0.0	0.0	1.0
41	48	132
0.9368184417785429	0.16048879784451212	-0.31082857448030393	-0.02842760334725681
0.01036457205530719	0.87542508793439	0.4832426705736131	0.2323609715049175
0.34966223951420183	-0.45593239912237593	0.8184510759101583	-0.05004538854717366
0.0	0.0	0.0	1.0
45	48	133
0.9972302854671935	0.05500257994669783	-0.050063227013573776	0.12078267493808026
-0.00673959244560445	0.7371797642923509	0.6756630067027902	0.36974378055019375
0.07406884697711935	-0.6734543535958871	0.7355087703166211	0.04963479299414542
0.0	0.0	0.0	1.0
