0	13	1
0.7532478881857667	-0.16086393116655465	-0.6377620011801703	-0.16177349756292736
-0.0069797003073975294	0.9676216201410995	-0.25230860357941765	-0.210293703588917
0.657699728659177	0.1945023492119438	0.7277360585774271	-0.12976522030185703
0.0	0.0	0.0	1.0
1	13	2
0.7449189195929413	-0.1405552522563838	-0.6521810625594567	-0.13150563023216713
-0.004677734790860344	0.9764310271167577	-0.21577906483944487	-0.20261546672748892
0.6671387006854947	0.16378863123346524	0.7267043862189211	-0.12406531415157664
0.0	0.0	0.0	1.0
2	13	3
0.7430324151793206	-0.03991235896632543	-0.6680641938702793	-0.11183921915095098
-0.046964682916950336	0.9926496041419951	-0.11153908242493776	-0.17225154112482083
0.6676055246486498	0.11425258401824753	0.7356963158648696	-0.10666352940395997
0.0	0.0	0.0	1.0
3	13	4
0.7539725682279615	-0.014217037770178043	-0.6567520287087598	-0.0928206367290278
-0.024872242046862964	0.9984311236613598	-0.05016766749507686	-0.1294599513853351
0.6564349282570573	0.05415993469301285	0.7524359682272831	-0.08527562528911288
0.0	0.0	0.0	1.0
4	13	5
0.7341503141074708	-0.01873096697585497	-0.6787284832876859	-0.08391894351661427
-0.02881072138232774	0.9978597768570904	-0.05870134456423454	-0.0793141383138393
0.678375402818687	0.06265027124802325	0.7320394304589621	-0.06642913058662421
0.0	0.0	0.0	1.0
5	13	6
0.7437958782151468	-0.07310832541236895	-0.6643966239555528	-0.07238617408671345
0.007755209632244326	0.9948773513302263	-0.10079146477664286	-0.030139332863841562
0.6683619169428967	0.0698157491254411	0.7405526226385172	-0.058921285273218625
0.0	0.0	0.0	1.0
6	12	50
0.82842461	-0.09654019	-0.55171788	-0.07386556
0.16504687	0.98337229	0.07575239	0.06434965
0.53523100	-0.15381451	0.83058345	-0.02766135
0.00000000	-0.00000000	-0.00000000	1.00000006
6	13	7
0.8113302122947454	-0.1180100988481839	-0.5725529948903506	-0.06832966932912711
0.051099787746381714	0.9899801680306363	-0.1316364359750446	0.016261742879752277
0.5823505747580536	0.07754327435113088	0.8092310348825612	-0.052915035325116225
0.0	0.0	0.0	1.0
7	12	8
0.8544649206133655	-0.05454186775875264	-0.5166380812910154	-0.07623321583771842
0.13864176602448972	0.982346693948228	0.12559174517930502	0.1385811444705768
0.5006678268205771	-0.17894139712809742	0.8469425291613831	-0.022980403044753798
0.0	0.0	0.0	1.0
7	13	9
0.8388289513448569	-0.07542879221926192	-0.5391442993938432	-0.07269813333172102
0.03403603131506449	0.9956836497898464	-0.08634572075615365	0.08727091230628621
0.5433302188832224	0.05407895162235274	0.837775463467495	-0.031087360965384912
0.0	0.0	0.0	1.0
8	13	10
0.9107683403651022	-0.09469995679782	-0.4019117301166288	-0.053641396622126344
0.035812994158733485	0.9877941845313877	-0.1515922849850913	0.08274713510174354
0.41136189197016204	0.12367178111374168	0.9030430418911669	-0.009850300731296273
0.0	0.0	0.0	1.0
8	14	11
0.917109146136533	-0.1085345383677582	-0.38357670226788	-0.03312739516753942
-0.0625952085793907	0.9110778040521362	-0.40745444696678246	0.00933883150086752
0.3936911800109402	0.3976903188272737	0.82876406220931	-0.05828435981867275
0.0	0.0	0.0	1.0
8	15	12
0.9496014393944843	-0.05471852578951228	-0.308647233024614	-0.029912971557403696
-0.1429921762181565	0.8006098438710118	-0.5818737837300075	-0.06148471966358349
0.27894531332296735	0.5966823249457791	0.7524358213058754	-0.1412772107559885
0.0	0.0	0.0	1.0
9	13	13
0.9542809544542236	-0.1115201080514638	-0.2773285632922414	-0.031009534828320754
0.03080105495782661	0.9595441120263384	-0.2798687055106069	0.01038327900732559
0.29731999988132257	0.25853137547526045	0.9191095712107961	-0.012208826456572026
0.0	0.0	0.0	1.0
9	14	14
0.9587001187082382	-0.12253781318525006	-0.256668073078304	-0.009369527976789922
-0.03446482716620587	0.8457292889216668	-0.5324980296752571	-0.05896688367093068
0.28232289601111404	0.5193520464048501	0.8065776168950347	-0.08117936609665782
0.0	0.0	0.0	1.0
10	13	15
0.9729130334201329	-0.13435369623782514	-0.1881208314269621	-0.006108151312849162
0.03548163977037815	0.8909161138776598	-0.4527797691081784	-0.04430656533342175
0.22843259089185702	0.43384049685611764	0.8715508880863764	-0.034754700802157604
0.0	0.0	0.0	1.0
11	12	16
0.9965862228855791	-0.03433958968352406	-0.07507736961459072	-0.0006316328818255866
0.010621659195234159	0.9551632707770562	-0.29588879479380287	-0.026492183711131975
0.08187188202229699	0.2940812185609237	0.9522673580012938	-0.013815762872329
0.0	0.0	0.0	1.0
11	13	17
0.9938281329530609	-0.06549657945542689	-0.08953115418119235	0.006857839670429723
0.010464363766181603	0.8588441151045068	-0.5121301337683993	-0.07385856887798815
0.11043612374338754	0.5080324349565383	0.8542287924445088	-0.058599846402831016
0.0	0.0	0.0	1.0
11	14	18
0.9953038819866379	-0.07053921554437767	-0.06628962623832438	0.02904359454151684
-0.0006491424573600525	0.6799359242136347	-0.73327117996242	-0.12598327230741513
0.09679712293391449	0.729870792448234	0.6766971381344435	-0.14985243887484265
0.0	0.0	0.0	1.0
12	13	19
0.999406397595001	-0.025512599177563332	-0.02315236651894413	0.006493345153734394
0.01938564307293196	0.9719811833511192	-0.23425812919009698	-0.05133287187911816
0.028480205044936303	0.23367028373781246	0.9718987238019102	-0.03896389664242657
0.0	0.0	0.0	1.0
12	14	20
0.9993053577597385	-0.037190373255845316	-0.0023823385706731757	0.028656618919708936
0.03105641133361942	0.8664097380010684	-0.49836698604387925	-0.10989588361741015
0.020598529275078017	0.4979469223584829	0.8669629692979129	-0.1246699645378076
0.0	0.0	0.0	1.0
12	15	21
0.9970204368931654	0.025202866826773238	0.072905115370133	0.02321969810432261
0.0309160858274444	0.7353361766269702	-0.6769969130913257	-0.16286019171599064
-0.07067202694645222	0.6772337363230074	0.7323659726720728	-0.23792686164684113
0.0	0.0	0.0	1.0
13	14	22
0.9997160750947507	-0.016218082597534395	0.017454737115087892	0.02201270120514997
0.02047198805508921	0.9594824513636259	-0.2810235679263564	-0.07172559881049217
-0.0121898687537316	0.2813011573696393	0.9595421878989989	-0.07276331260856345
0.0	0.0	0.0	1.0
13	17	23
0.9703389559516553	-0.01799174975354615	0.24107790603248658	0.04455192577837868
0.17981619843037605	0.7202467484067886	-0.6700080435359022	-0.23203628129539797
-0.1615810010125628	0.6934846465023682	0.7021186695646768	-0.33735051756381834
0.0	0.0	0.0	1.0
13	18	24
0.9098643683271433	-0.0023060510674714186	0.4148992564555027	0.08211076291473252
0.2880291506552313	0.7232778687068049	-0.627621080978368	-0.26523095771307625
-0.2986401918499682	0.6905533343231792	0.6587490788947394	-0.36281269376600944
0.0	0.0	0.0	1.0
13	22	25
0.8760697368174043	0.05388612695043286	0.479163727419333	0.06625446116278762
0.2889966126282522	0.7367945801877105	-0.6112402932969275	-0.23472735741499678
-0.385982669791695	0.673965927841409	0.6299105680233502	-0.2972150251298794
0.0	0.0	0.0	1.0
13	25	26
0.9579685266812877	0.04806226497940044	-0.2828183524607748	0.14848913937380964
-0.21463800194947416	0.7741803326476981	-0.5954621323941336	-0.2722470501719317
0.19033307261775745	0.631137671203076	0.7519564634630092	-0.3255270766210413
0.0	0.0	0.0	1.0
13	26	27
0.9172402569790097	0.02344739050419609	-0.39764364798737295	0.17080249268844222
-0.2648313114841902	0.7815808630602471	-0.5647969617271492	-0.34878981526719727
0.29754762731942425	0.6233630924840338	0.7231070057692754	-0.34856343613643576
0.0	0.0	0.0	1.0
13	27	28
0.9369280088294483	0.0267782568144985	-0.3484950796457596	0.1433049562429908
-0.22666578035799104	0.8055264418609939	-0.5474938638418368	-0.40663893078325625
0.266061067336425	0.5919542687307341	0.7607900168402364	-0.3672837634313412
0.0	0.0	0.0	1.0
13	28	29
0.9295252254326517	0.018056773632797563	-0.36831617931960414	0.12733944216953258
-0.24546095526082248	0.7756735146753266	-0.5814460552088693	-0.4304127870108633
0.2751940357113495	0.6308760829494442	0.7254402503375509	-0.39078466235396836
0.0	0.0	0.0	1.0
13	29	30
0.9284791386290165	0.045701811152800254	-0.36856177255722483	0.10886058223827613
-0.24689121895484914	0.8173121840704458	-0.520620282266905	-0.40327556681575694
0.27743672096175115	0.5743797564122431	0.7701406835637965	-0.32442794580522666
0.0	0.0	0.0	1.0
13	30	31
0.9469267344712838	0.040278263249397366	-0.318916027615607	0.11596826970022699
-0.16294334605516336	0.9153547705348084	-0.3682051540356745	-0.307398267719445
0.2770906391092335	0.40062860524861355	0.8733370609963595	-0.17995813235547117
0.0	0.0	0.0	1.0
13	31	32
0.943429137464025	0.05659148419554909	-0.32670914881228175	0.11631125675075847
-0.14806978988430375	0.9535283284326517	-0.2624100774286447	-0.21046413591729102
0.296676253595011	0.2959411269187571	0.9079658973353231	-0.07022096582663649
0.0	0.0	0.0	1.0
13	32	33
0.9214663942697717	0.03627478871368109	-0.38676066790752645	0.12213950493511189
-0.11283004996011177	0.9777001960909119	-0.17712046089550695	-0.13111845278102638
0.3717110522722854	0.2068488106001424	0.9050108075462351	0.006753254083450164
0.0	0.0	0.0	1.0
13	33	34
0.9259719296951635	0.04820138209306062	-0.37450324421552933	0.12718009174797307
-0.05108567764932719	0.9986917745639072	0.0022280526721144773	-0.042570898808457026
0.37412063602404083	0.017068646772872644	0.9272229148934581	0.06301166323071973
0.0	0.0	0.0	1.0
13	34	35
0.9423539114451353	0.054629338558308524	-0.3301283171653075	0.12525346859648714
0.011898556628303388	0.980488684458182	0.19621497631680898	0.03208916669652805
0.33440610562805845	-0.18883201640284883	0.923317382446154	0.07704342631032089
0.0	0.0	0.0	1.0
13	35	36
0.9060605472163283	0.03978799142078918	-0.42127343162818587	0.10979015674742756
0.09180315100423414	0.9533736765766313	0.2874903169230296	0.08542027679847577
0.4130696543448607	-0.29915788085955125	0.8601615663947246	0.0768786159459115
0.0	0.0	0.0	1.0
13	36	37
0.8224829261459099	0.039525169895104566	-0.5674148932491762	0.07548106567059636
0.12943282881665535	0.9584045338550937	0.2543771761155458	0.09307636431391383
0.5538673415808792	-0.2826630160581895	0.7831555027054036	0.0737795567570775
0.0	0.0	0.0	1.0
13	37	38
0.7412130277605365	0.047563366228215116	-0.6695826661220647	0.05140349274645345
0.08597990733553047	0.9825433988684319	0.16497214501683993	0.05749949939798532
0.6657406513242916	-0.1798502024381354	0.7241844557935556	0.0580935931882079
0.0	0.0	0.0	1.0
13	38	39
0.7101614137700402	0.01714229303149899	-0.7038302200674499	0.046301545553675515
0.0004521934193374928	0.9996921879172628	0.02480448301544455	-0.005508356952358262
0.7040387202754466	-0.01793344147851546	0.7099350133415414	0.020225247573174274
0.0	0.0	0.0	1.0
13	39	40
0.7519953184102404	0.01291996373498052	-0.6590418000445282	0.03426320768426013
-0.12079543884412834	0.9855777712283007	-0.11851143162014581	-0.09371793078768671
0.6480057223403642	0.1687292908010913	0.7427105548744933	-0.05189524586724104
0.0	0.0	0.0	1.0
13	40	41
0.7724808160767285	0.011228417306241372	-0.6349388159761098	0.02043004160580409
-0.21067924635353832	0.9477482413742467	-0.23955692194011122	-0.175683421531535
0.5990723140961709	0.31882164585835016	0.7344829286242872	-0.12727031957211002
0.0	0.0	0.0	1.0
13	41	42
0.7570784349073947	0.02397642802548783	-0.6528839262961239	0.006091055997655912
-0.35073530224400257	0.8580267987003083	-0.3751995059328996	-0.2167093814298266
0.5511959613608602	0.5130449802626001	0.6580029436655576	-0.21582942768956562
0.0	0.0	0.0	1.0
14	30	50
0.94043811	0.14765468	-0.30622591	0.08357530
-0.18416934	0.97840547	-0.09383176	-0.23999501
0.28575844	0.14464042	0.94732321	-0.10694366
0.00000000	-0.00000000	0.00000000	1.00000000
14	32	44
0.9138657134110325	0.16235813320563647	-0.3721415236574095	0.08658984154497151
-0.13174605360801941	0.9855514275319595	0.10644900418580441	-0.04978352078830108
0.3840475938065994	-0.048251912159593846	0.9220516246185403	0.06192996617818242
0.0	0.0	0.0	1.0
14	33	45
0.9183904936823438	0.1704491030740146	-0.35707996800668984	0.09320708445968959
-0.06722916578034797	0.95655534549579	0.283693744402811	0.04816100117993715
0.389922073471811	-0.23653546022341687	0.8899503319414614	0.10221851795191836
0.0	0.0	0.0	1.0
14	34	46
0.9354381298514535	0.16448158497425858	-0.3128918621066907	0.09369244597014456
-0.0005815951062461706	0.8858643077016742	0.4639440370310127	0.12939922987389316
0.35348996262473886	-0.43380903640502777	0.8287668378685062	0.09845077088897541
0.0	0.0	0.0	1.0
15	32	47
0.8763333699692477	0.24501049303822722	-0.41474049956496595	0.06220687574117977
-0.10463714848588285	0.9372485224452876	0.3325903481164685	0.05906434552488974
0.47020307596066246	-0.24806277177543207	0.8469794144791378	0.1134876479202011
0.0	0.0	0.0	1.0
15	33	48
0.8824200565901391	0.24961062996064884	-0.3987849697818458	0.07059099305649594
-0.023838914108902265	0.8702790720050668	0.49198183236002774	0.1650879058975716
0.4698579843923218	-0.42462803632050566	0.7739021487957084	0.13250371065351826
0.0	0.0	0.0	1.0
16	32	49
0.8474926932877506	0.3381750341062707	-0.4091378527913489	0.06560382567959405
-0.1261706841616375	0.877033720597526	0.46356537818632726	0.16764772161537447
0.5155940018311426	-0.34124709728715746	0.7859474530616609	0.14225461339598822
0.0	0.0	0.0	1.0
18	31	50
0.7227107360179162	0.5177160744253334	-0.4578856854781523	0.02815651979711449
-0.2457960979072729	0.8117116861265757	0.5298191950535555	0.21723457950198782
0.6459671697813235	-0.2703595464973	0.7138852457478331	0.0640370884922048
0.0	0.0	0.0	1.0
20	30	51
0.5419733287954642	0.5424318753750929	-0.6418975906999563	-0.03088757029224366
-0.32556721445977127	0.8396784501525855	0.43467919816277817	0.08617811109829632
0.7747715245220433	-0.026603725893135668	0.6316814700019375	-0.08647581062208094
0.0	0.0	0.0	1.0
21	31	52
0.5402934323576037	0.5475308692475805	-0.6389780255701485	-0.00909616485788913
-0.25623147728413437	0.8303428054481129	0.4948496761670309	0.14307989808433852
0.8015163460800379	-0.1036377184002531	0.5889233901126764	-0.03507457710705407
0.0	0.0	0.0	1.0
23	32	53
0.7826007771399988	0.39675783084123833	-0.47970752289899155	0.05779364259082253
-0.09949857323250239	0.8403991108196278	0.5327563537078892	0.22869472573393898
0.6145212182027782	-0.3692053793498968	0.6971737789910661	0.1123945340195604
0.0	0.0	0.0	1.0
24	32	54
0.9334991747559451	0.209512695254724	-0.2910046832259411	0.023717841183247927
-0.04652702754770031	0.8754593527506646	0.4810469356370372	0.2235626312592588
0.35554827985192483	-0.4355174478773615	0.8269885848231893	0.14808224450881763
0.0	0.0	0.0	1.0
25	32	55
0.9938623569832302	0.06060284273411791	-0.09254718717178269	-0.039065933576446284
-0.011004219590375675	0.8866025462707162	0.46240122072620526	0.2624146155664432
0.11007554867910703	-0.4585448472006952	0.8818277820282707	0.15262957769672164
0.0	0.0	0.0	1.0
26	32	56
0.9998496044483144	0.002759760103493935	0.01712316471392754	-0.04170621697369104
-0.010136930773634156	0.8940698586596418	0.4478128273291526	0.3385466192538155
-0.014073379985002686	-0.44791914830373747	0.8939634634578306	0.1645303719490569
0.0	0.0	0.0	1.0
27	32	57
0.9991032500382475	0.03210450938443219	-0.027604304547401638	-0.0181206131727576
-0.017806908796849912	0.9101106550772448	0.4139827167883242	0.39356894301168516
0.03841373815831792	-0.41311996347995567	0.9098662520892851	0.16743682611557315
0.0	0.0	0.0	1.0
28	32	58
0.999631475278676	0.026833835827627155	-0.004104809756259508	0.004792520155702634
-0.021987937351944122	0.8890574667748287	0.4572671323155419	0.4330361888728833
0.015919696312822702	-0.4570084655145282	0.8893199949926001	0.1555563848070038
0.0	0.0	0.0	1.0
28	39	59
0.9419676694953026	0.20863346699930602	-0.2629999652119586	-0.09866427642041674
-0.050836377534116566	0.8630450914140293	0.5025622327082961	0.48061482953865886
0.33183205552736716	-0.4600274726985571	0.8235668067436653	0.02968501694254551
0.0	0.0	0.0	1.0
29	31	60
0.9989531636867841	-0.016580087393110482	0.04263489881772455	0.014710243107396175
0.002812554699159019	0.9525034925994911	0.30451470088402943	0.27214416881658715
-0.04565874252047898	-0.30407596766970596	0.9515530470995445	0.1208334708965797
0.0	0.0	0.0	1.0
29	32	61
0.9997653978838559	0.0035012793814993923	-0.02137599533893238	0.007781472256481508
0.005202126364777632	0.9191555644554045	0.39386034254013574	0.3667675458321408
0.021026961916506035	-0.39387916183262367	0.9189217977869613	0.14374632435800322
0.0	0.0	0.0	1.0
29	33	62
0.9999761428037026	0.005755188633473318	-0.0038356583946877305	0.01939863996639088
-0.002611160051557767	0.8276956128488503	0.5611712401526809	0.47356243211907495
0.006404383196975124	-0.5611477850257887	0.8276908636138717	0.1045433401899449
0.0	0.0	0.0	1.0
29	38	63
0.9195584428064474	0.205106259844416	-0.33517726959616223	-0.07982865658155143
0.03696559294572463	0.8040352644240228	0.5934313866880285	0.5072410802712668
0.39121081643803873	-0.5580848186403674	0.7317755073971451	-0.010015737196156994
0.0	0.0	0.0	1.0
30	31	64
0.99983045104363	0.018371763565990462	-0.0012396302538324072	0.005787016446697728
-0.018118009570127463	0.9935645061650192	0.11180948951876159	0.11717802030972202
0.003285822683600121	-0.11176805252757388	0.9937288414918888	0.07387026808371533
0.0	0.0	0.0	1.0
30	32	65
0.9973664111339263	0.02546474317481674	-0.06790995934677888	0.002083516591272699
-0.010975179821536521	0.9785441797092516	0.20574460514592588	0.20798253292532878
0.07169222139421677	-0.20445747871017927	0.976246568065367	0.11127287222345877
0.0	0.0	0.0	1.0
30	33	66
0.9982041170472395	0.031134413765519616	-0.05117852297478767	0.01178076163993422
-0.008859388274058244	0.9216610312248458	0.3878949020450222	0.31157837436026586
0.059246109535311946	-0.3867449072430486	0.9202815459786721	0.10286843431324552
0.0	0.0	0.0	1.0
30	34	67
0.9998236864434904	0.018009860594742414	-0.005309742917607064	0.013886315037465156
-0.011816654449100683	0.8233088876223537	0.5674705148098483	0.38866420685161307
0.01459157525220094	-0.5673078165537118	0.8233764943652564	0.04913512560328543
0.0	0.0	0.0	1.0
30	37	68
0.9173308225570751	0.1693054189203452	-0.3603328547298153	-0.06777841462674593
0.06837955592273333	0.824622387640382	0.5615354214611465	0.4041100240422867
0.3922095614496585	-0.539753261741659	0.7448744216819699	-0.01926328005884903
0.0	0.0	0.0	1.0
30	38	69
0.8976240039578222	0.15912912485805572	-0.41103417057939257	-0.08284728634421208
0.032783509815743565	0.9058662506303314	0.4222931884574817	0.3451466265789359
0.4395411273310692	-0.392535670634059	0.8079103682699231	-0.0060223209733617404
0.0	0.0	0.0	1.0
30	47	70
0.7888140875358745	0.2440999095691643	-0.5640811904383577	-0.2345469226153927
-0.11629203924016922	0.9604512115899811	0.25300119242585706	0.22665986229079177
0.6035300649747479	-0.13397276393935986	0.7860042528320724	-0.16263121479503942
0.0	0.0	0.0	1.0
31	33	71
0.9986703216282089	0.00712634030648762	-0.051057523324095175	0.008938022550316923
0.007593804473737117	0.9592604794714537	0.28242099787324587	0.17826767011769665
0.05099003627607962	-0.28243322086156936	0.9579308049355089	0.06490571445871993
0.0	0.0	0.0	1.0
31	34	72
0.9999916333113852	-0.0008145285145710018	-0.0040041617509949485	0.008490580349750008
0.002607523089438284	0.881673119583625	0.4718533931724731	0.25048046970964205
0.0031459409800419745	-0.471859961344182	0.8816678946902228	0.03927949238325618
0.0	0.0	0.0	1.0
31	35	73
0.9946894652865892	0.014325179656569218	-0.10192036051198172	-0.010045435233793247
0.04663687792647459	0.8200351591666412	0.5704096406536161	0.29263860755356885
0.09174950375992637	-0.5721337690188156	0.8150122204105397	0.0030244219908943147
0.0	0.0	0.0	1.0
31	36	74
0.9635707819910686	0.06479889462710718	-0.25948509848172013	-0.04117651628860421
0.093240882125101	0.8279496284504824	0.552996707179653	0.2953170838644064
0.250674198626486	-0.5570461637995501	0.7917461789078666	-0.017017733498877235
0.0	0.0	0.0	1.0
31	37	75
0.9207324318633903	0.11130701974659257	-0.37398196821114144	-0.05852329632319629
0.082821625960138	0.8808615718621471	0.4660722197339365	0.26598423895487844
0.38130344855976994	-0.46010169332287576	0.8018191675242302	-0.026786680681798902
0.0	0.0	0.0	1.0
31	38	76
0.9009048502428049	0.09588437648601626	-0.4232927004789635	-0.06802763368248017
0.04889682207729664	0.9466589150584979	0.31850575245576496	0.2104079369701665
0.4312534951491764	-0.3076410649782124	0.8481611063179381	-0.03512310938425089
0.0	0.0	0.0	1.0
31	48	77
0.7407415341530849	0.15931893007872303	-0.6526249608995195	-0.08886848274599171
0.031211726184911567	0.962260776789535	0.27033312476737403	0.15628745468373775
0.6710647203482347	-0.22061658144118482	0.7078139647360226	-0.20053746635375044
0.0	0.0	0.0	1.0
31	49	78
0.6984326187532536	0.18376428109959195	-0.6916810316509251	0.036377130521126975
0.1637933760883455	0.8997764386433572	0.4044427305167566	0.1941059030154691
0.6966804654859285	-0.39576881038246225	0.598333826339115	-0.19379825889418603
0.0	0.0	0.0	1.0
32	33	79
0.9998436439472317	0.008981232577352501	0.015234858257096723	0.006134404882678886
-0.011708132413505306	0.9817905546699708	0.1896054739624219	0.08630953640888922
-0.013254654146398518	-0.18975420455657602	0.9817420702896985	0.03312035075823802
0.0	0.0	0.0	1.0
32	34	80
0.9980097832665663	0.0055577586487929155	0.06281362110654296	0.0036615763393322595
-0.0293571137837287	0.9225278164539275	0.3848123674516785	0.15403652353163522
-0.05580875370310771	-0.3858905899709282	0.9208548953106152	0.027043737299522204
0.0	0.0	0.0	1.0
32	35	81
0.9992796519445285	0.011286019166727659	-0.03623424253699625	-0.01053686144744808
0.007986976056083292	0.870835094198947	0.4915102390562519	0.1953080198653656
0.037101204418280104	-0.4914456382378274	0.8701175372490918	0.002033376804532587
0.0	0.0	0.0	1.0
32	36	82
0.978777927326574	0.04634377275283411	-0.19961491779683324	-0.03664181397487922
0.055650814642520384	0.8773730213864729	0.4765704814630142	0.1981006047762999
0.1972228083338353	-0.47756546483635853	0.8561742092831501	-0.01870874736323545
0.0	0.0	0.0	1.0
32	37	83
0.9436965135533683	0.08146841197068772	-0.32062407116244585	-0.05101186734270512
0.05106439476131563	0.9217118535607984	0.3844991350987632	0.16951934146782835
0.32684749933493423	-0.3792230438120654	0.8656560188072957	-0.03739653462105652
0.0	0.0	0.0	1.0
32	38	84
0.927225586091144	0.06129522011721424	-0.36945326250698635	-0.056417385701399946
0.027086896447094163	0.972954889805472	0.22940151206883871	0.11720640303665195
0.3735225020781814	-0.22271429281421443	0.9004882159828622	-0.060679788761272994
0.0	0.0	0.0	1.0
32	39	85
0.9482985570905392	0.04451397923081029	-0.314242523779214	-0.07360274933484955
-0.02972175127548308	0.9982197827512823	0.05171044545641637	0.040448091298616866
0.31598483579882397	-0.03969710791168096	0.9479333106453904	-0.10209614127469928
0.0	0.0	0.0	1.0
32	40	86
0.9577918065015679	0.0362796417869519	-0.2851642744493896	-0.08987146356405862
-0.0671032748078732	0.9928150733494827	-0.09907281239107076	-0.03664202277539517
0.2795210351208096	0.1140266641920456	0.9533445556491977	-0.1528980678233345
0.0	0.0	0.0	1.0
32	41	87
0.9510019251796936	0.05365967312231892	-0.30449311566179993	-0.10097176170117954
-0.14695362381778546	0.9449220102673492	-0.292449950272792	-0.07288884213575805
0.27202944873998774	0.32286692861983707	0.9065080409151925	-0.21284304965122475
0.0	0.0	0.0	1.0
32	42	88
0.9420615235270267	0.046720365882799514	-0.3321705107883004	-0.11766831098922761
-0.195882975642185	0.8804928163286484	-0.4316966714501209	-0.09486439869295395
0.2723047780214049	0.4717515253315128	0.8386301784762605	-0.2764760300693892
0.0	0.0	0.0	1.0
32	45	89
0.826607512391748	0.08370300983692527	-0.5565194364358557	-0.2072017313146412
-0.3666131997701484	0.830355848097827	-0.4196473794059604	-0.04947930580147346
0.42698342707254305	0.5509111234516674	0.717064926682593	-0.39962854367777045
0.0	0.0	0.0	1.0
32	47	90
0.83125942022405	0.11414848745592909	-0.5440386167364002	-0.19948301747502376
-0.10870943059156107	0.9931738919355471	0.04228293397031148	0.015618595004083852
0.5451514537206827	0.023994057671146065	0.8379940526622223	-0.26200339692912566
0.0	0.0	0.0	1.0
32	48	91
0.7827772054813107	0.10156250167568534	-0.6139583092081512	-0.06855995445296284
0.012666076209078173	0.9837876703041257	0.17888940231672315	0.06465089158425906
0.6221731762081092	-0.14780701254446693	0.7688001441203807	-0.22632064219685996
0.0	0.0	0.0	1.0
32	49	92
0.7431734867879874	0.12189885380170112	-0.6579011586672449	0.05716274789893457
0.13597950233832318	0.9352293691327505	0.32688757405077135	0.09919568483972624
0.6551357311954702	-0.3323952840425978	0.6784618192176493	-0.19966985150421904
0.0	0.0	0.0	1.0
33	34	93
0.9988605399059343	0.005681531868369837	0.047384006683147	-0.004525583665576947
-0.015204502027615401	0.9790353414217219	0.2031221356235327	0.06290222750433487
-0.04523659885490106	-0.20361116197096038	0.9780062283247364	0.01250291183376993
0.0	0.0	0.0	1.0
33	35	94
0.9986726661954373	-0.007489403607618418	-0.05095925767573535	-0.014328927625467199
0.02329502072239941	0.9480771894099503	0.3171858752824225	0.1028317024638701
0.04593783111222783	-0.317951994074082	0.9469932557365393	-0.0021708839075550456
0.0	0.0	0.0	1.0
33	36	95
0.9759999114182752	-0.003807870425935166	-0.21773758250601896	-0.03508878985463112
0.07078251496472693	0.9511053497235353	0.30064652233027256	0.10561940974924741
0.205946621384461	-0.30884302778996037	0.9285483406990348	-0.024069854067100813
0.0	0.0	0.0	1.0
33	37	96
0.9393958774821907	0.008143904950813186	-0.3427374392359509	-0.04612581168813762
0.06519232550143272	0.9772332604987407	0.20190350371060353	0.0780877561234849
0.3365787238691486	-0.2120112289857829	0.9174780285703836	-0.05154984492716024
0.0	0.0	0.0	1.0
33	38	97
0.9220024360332694	-0.020727383392389814	-0.38662885605842556	-0.04747906492062024
0.03931589618929467	0.9984165581609513	0.0402318454474013	0.029459858532809195
0.3851827304955653	-0.05229451878018401	0.9213574176695091	-0.08904481541553373
0.0	0.0	0.0	1.0
33	39	98
0.9437625281626744	-0.026981512387346324	-0.32952114355682494	-0.06614954914410556
-0.019964072106772365	0.9901953107772857	-0.1382561265914221	-0.04031364540141286
0.33002060529390775	0.1370595315590009	0.9339706261023679	-0.14688359183785749
0.0	0.0	0.0	1.0
33	40	99
0.9536233442167897	-0.029663659226048772	-0.299537126564619	-0.08324033889570992
-0.05968546599750661	0.9567373511138956	-0.28476537794656803	-0.10941990943447273
0.2950255745932874	0.2894370016414121	0.9105966526378663	-0.20984831552362207
0.0	0.0	0.0	1.0
33	41	100
0.9466961446306623	-0.016185466636561546	-0.32172100363556594	-0.09472670086094404
-0.14289955487337877	0.8739859244802491	-0.46446559137707316	-0.13206228715311136
0.28869724620399784	0.4856816493752356	0.8250862466619076	-0.2838601223114601
0.0	0.0	0.0	1.0
34	35	101
0.9950776082024181	-0.032867650359884926	-0.09349007371419518	-0.006589273690999607
0.04368456820377961	0.9922743810674736	0.11611688219847667	0.03916133027732016
0.08895139690039507	-0.11962939987197654	0.9888257695385406	-0.006606572210863202
0.0	0.0	0.0	1.0
34	36	102
0.96454897236843	-0.06279494355207801	-0.25632427192994567	-0.02356889976826961
0.09035146023251289	0.9911575251748348	0.09717655381881521	0.042467294267910204
0.24795563743098276	-0.11689082213154162	0.9616935918241754	-0.02761898553020735
0.0	0.0	0.0	1.0
34	37	103
0.9221315503961982	-0.07592742696933953	-0.379352579686296	-0.032433610117361365
0.08023724401152477	0.9967657754138614	-0.004461782847600687	0.01580787323982856
0.37846450043634844	-0.026323886771276016	0.9252413758154593	-0.059749448813307786
0.0	0.0	0.0	1.0
34	38	104
0.9025141403945649	-0.11284429977160992	-0.4156133214532048	-0.03110012527102223
0.046849995305036245	0.9850593158396951	-0.165720260565291	-0.030218555463887423
0.4281043879577481	0.13009341105320524	0.8943166614633667	-0.10647211451053167
0.0	0.0	0.0	1.0
34	39	105
0.9269199007397393	-0.10769832288005082	-0.3594725665336116	-0.0506857743272082
-0.020866621645615733	0.9416568847621726	-0.3359270425835357	-0.09544032271739751
0.3746786004551487	0.31887845580675184	0.8705932080872739	-0.17613105721310804
0.0	0.0	0.0	1.0
34	40	106
0.9381750067841094	-0.10438375011952365	-0.33004796672950193	-0.06830201428472603
-0.06767505110043466	0.8797450284024173	-0.4706047247108171	-0.159180161530245
0.33948162778930446	0.46384569688778793	0.8182906214586295	-0.24771989119797305
0.0	0.0	0.0	1.0
35	38	107
0.940636175192585	-0.12080633680432303	-0.3171898736650487	-0.02226661835475705
0.02973598476167934	0.9602528959138262	-0.27754314461444923	-0.06946101072264434
0.3381113670403415	0.2516352041967304	0.9068408716202292	-0.10810747230034419
0.0	0.0	0.0	1.0
35	39	108
0.9595040536779926	-0.10811506968691488	-0.26012113047529767	-0.041847921100869136
-0.020308101048678	0.8944637163759088	-0.4466792836911292	-0.13355355432744792
0.2809615542644972	0.4338732073038275	0.8560459754196871	-0.18561525818960845
0.0	0.0	0.0	1.0
35	46	109
0.8494660749550531	-0.1491126136359091	-0.5061352116703084	-0.19998131945098824
-0.2518474533627165	0.7283353754307536	-0.6372602956324652	-0.1720793698768602
0.46365967120420215	0.6687999762403078	0.5811425789898009	-0.4583603216083655
0.0	0.0	0.0	1.0
35	47	110
0.8516616126188703	-0.16135685106134515	-0.49863465600117773	-0.15798096836793415
-0.09895422227393104	0.88480498293898	-0.455333088969454	-0.15730770793056273
0.5146654462617994	0.4371317789420186	0.7375875012583277	-0.3434555533044931
0.0	0.0	0.0	1.0
36	38	111
0.9841368808509562	-0.07069089994984115	-0.16271882778107316	-0.009397180031567509
0.02581050290444825	0.9644778842317063	-0.2628997857256038	-0.07783002648017731
0.1755232640143358	0.25452954644132164	0.951002728858346	-0.08687868004777773
0.0	0.0	0.0	1.0
36	39	112
0.9929640458864496	-0.05792976434303825	-0.10327859767513219	-0.02767503566226285
0.006848111771553177	0.898800829543741	-0.43830392142325425	-0.14555407797079895
0.11821763204340359	0.43451282058069945	0.8928735777756382	-0.1671371291107604
0.0	0.0	0.0	1.0
36	40	113
0.9960697660060868	-0.050768203691691854	-0.0725778259121344	-0.04467428616603918
0.00010801451324001712	0.8201196978452312	-0.5721920667903192	-0.20980925729205596
0.08857164768103847	0.5699355227580652	0.8169018918732537	-0.24727398777537304
0.0	0.0	0.0	1.0
36	46	114
0.925931925462613	-0.10063059879023505	-0.3640379009008929	-0.1920319644426544
-0.18259243964459193	0.7244655087957931	-0.664687872880921	-0.1911147884708971
0.3306208133532629	0.6819264076250425	0.6524313309855039	-0.442211473886874
0.0	0.0	0.0	1.0
36	47	115
0.9275065818824243	-0.11286171489531638	-0.3563619430757836	-0.1498065964388374
-0.06881525215158718	0.8854850939072164	-0.4595439458427559	-0.17091553461744538
0.36741804168740627	0.45075323318498406	0.8135265953338228	-0.3226149385911394
0.0	0.0	0.0	1.0
37	38	50
0.99846878	-0.03820974	-0.04000264	-0.00050230
0.03127524	0.98637200	-0.16153076	-0.05444801
0.04562951	0.16003237	0.98605660	-0.04860562
0.00000000	0.00000000	0.00000000	0.99999986
37	39	116
0.9992862364624254	-0.031372639454527354	0.02104236550344296	-0.016522111672539898
0.03669543664731665	0.938435960166269	-0.3434989451027416	-0.12960872212499358
-0.0089705046462372	0.3440259600516819	0.9389173634508885	-0.12576054197490663
0.0	0.0	0.0	1.0
37	40	117
0.9982509580366334	-0.027296993109664876	0.052439630769431644	-0.032360389354380355
0.04932305147395638	0.8735694554734388	-0.4841938897173855	-0.20032005419505536
-0.03259261257704456	0.4859336073596752	0.8733879408721744	-0.20427414060072605
0.0	0.0	0.0	1.0
37	41	118
0.9994565856237607	-0.019056258221739213	0.02689733343224011	-0.045751343535042885
0.032068148946058896	0.7509949672475109	-0.6595287652015376	-0.22322524857068934
-0.007631601735941585	0.6600330052287349	0.7511979723146793	-0.2970285113210637
0.0	0.0	0.0	1.0
37	45	119
0.9653192983688378	-0.09462102451467624	-0.2433219735748183	-0.1510182961670123
-0.14377479067060378	0.5852738625879648	-0.7979870954216262	-0.18587071815572168
0.21791634260450535	0.8052959489925308	0.5513720754725854	-0.5044060581674519
0.0	0.0	0.0	1.0
37	46	120
0.9672516191466223	-0.048606069112801686	-0.2491221823287557	-0.19081941689759394
-0.11728483087725765	0.784836257240354	-0.6085035550426614	-0.1902555167946345
0.22509708063868725	0.6177943643987218	0.7534334173086736	-0.3965118584620987
0.0	0.0	0.0	1.0
37	47	121
0.968187980578184	-0.0615226522538636	-0.2425430351210003	-0.14873493016153708
-0.03523335420521965	0.9261267708454426	-0.3755633448092854	-0.15721989212267712
0.24773122167285488	0.37216156149456786	0.8944971561154549	-0.279003653669594
0.0	0.0	0.0	1.0
38	40	122
0.995667606043775	-0.0041750605794653355	0.09288976213266083	-0.027572629086394827
0.03523770199121619	0.9414192222617028	-0.3353926416183325	-0.16534594233570885
-0.08604789650196114	0.3372128852573243	0.9374878191672249	-0.140389631348926
0.0	0.0	0.0	1.0
38	41	123
0.9975782700825049	0.008116943142940876	0.06907740789033648	-0.041450764664184334
0.029706613608795746	0.8482975167054088	-0.5286859611525556	-0.20271935412038167
-0.06288947927843666	0.5294577525279842	0.8460020854136513	-0.22711175235507364
0.0	0.0	0.0	1.0
38	42	124
0.9990886581993108	-0.005226095168705421	0.042360274098028776	-0.058119404645634455
0.03183401999499368	0.7523420572394537	-0.6580029409726844	-0.22117522331776363
-0.028430580968832865	0.6587519223592818	0.7518229650300801	-0.30966953708468803
0.0	0.0	0.0	1.0
38	45	125
0.9771900468500424	-0.023836934077462946	-0.21102459026616951	-0.162082332487614
-0.13399620141805396	0.7017006215156646	-0.6997580707827199	-0.18174402439909673
0.1647561824534891	0.7120731493651891	0.6825008564597729	-0.4323790158553964
0.0	0.0	0.0	1.0
39	48	126
0.9397592193099064	0.046368106003134096	-0.3386775337446844	-0.035844267933902614
-0.0004111421135706651	0.9909102216889945	0.1345240151162618	0.03827459148931818
0.3418368115982641	-0.1262809513442466	0.9312362387216027	-0.10097707713827608
0.0	0.0	0.0	1.0
39	49	127
0.9169170300142568	0.06557304093336712	-0.3936539037350203	0.08180752475751966
0.06785797222258101	0.9464263291099717	0.31570924248544624	0.0981417887547192
0.3932665382186099	-0.31619174043954956	0.8633448105077709	-0.06979083671310478
0.0	0.0	0.0	1.0
40	48	128
0.9285011961907789	0.10913243907013645	-0.35493031307953676	-0.035383518794166596
-0.003189970509354148	0.9581461518574135	0.2862616343901641	0.14324146817457958
0.37131565560225355	-0.26466216027747935	0.8899880678627595	-0.06657026172627176
0.0	0.0	0.0	1.0
40	49	129
0.9038378045795645	0.13633376108133755	-0.4055741814216432	0.08137601030122517
0.07095315143115424	0.8869993941132398	0.45628665940855795	0.20783914900131767
0.42195139188707304	-0.44118598789940755	0.7920302692819439	-0.05681451154842755
0.0	0.0	0.0	1.0
41	48	130
0.9368184417785429	0.1604887978445122	-0.3108285744803041	-0.028427603347257697
0.010364572055307197	0.8754250879343901	0.48324267057361314	0.2323609715049175
0.3496622395142017	-0.4559323991223758	0.8184510759101581	-0.05004538854717277
0.0	0.0	0.0	1.0
45	48	131
0.9972302854671936	0.05500257994669795	-0.050063227013573894	0.12078267493807937
-0.0067395924456044465	0.737179764292351	0.6756630067027903	0.36974378055019375
0.07406884697711934	-0.6734543535958869	0.735508770316621	0.04963479299414542
0.0	0.0	0.0	1.0
