28	29	1
0.64670205	-0.58193392	0.49308136	1.77886319
0.54953897	0.80378908	0.2278816	-0.18713795
-0.52894551	0.12359593	0.83960748	0.34788454
0.0	0.0	0.0	1.0
29	30	2
0.72571075	-0.59099507	0.35223389	1.51889205
0.50890499	0.80564195	0.30324331	-0.76046044
-0.46298981	-0.04081335	0.88542342	1.36859
0.0	0.0	0.0	1.0
32	33	3
0.79337448	-0.46324697	0.39491671	1.57981622
0.47248301	0.87767148	0.08032764	-0.67441827
-0.38381872	0.12286153	0.9151985	0.50016576
0.0	0.0	0.0	1.0
37	38	4
0.82797694	0.30658212	-0.46953341	-0.50165379
-0.40730461	0.90431011	-0.12777244	0.84768629
0.38543117	0.29703569	0.87362021	-1.47598958
0.0	0.0	0.0	1.0
38	39	5
0.49700978	0.58060259	-0.644889	-0.52356088
-0.40346399	0.81257993	0.42063135	1.05722702
0.76824355	0.05113165	0.63811249	-1.06903362
0.0	0.0	0.0	1.0
39	40	6
0.76370883	-0.49884689	0.40975699	1.87101567
0.49820167	0.85908765	0.11731867	-0.78691095
-0.41054124	0.11454435	0.90461904	0.66285568
0.0	0.0	0.0	1.0
40	41	7
0.94650418	-0.20754103	0.24709658	0.54176307
0.20565842	0.97804344	0.03370168	-0.67135918
-0.24866576	0.01891874	0.96840471	0.76533443
0.0	0.0	0.0	1.0
75	76	8
0.47314632	-0.63142204	0.61436045	2.66283965
0.69211102	0.69788182	0.18423748	-0.75594962
-0.54508239	0.3380343	0.76721412	0.38024241
0.0	0.0	0.0	1.0
76	77	9
0.65220374	-0.55417448	0.51722431	1.53401983
0.56405318	0.81062186	0.15727818	-0.58378136
-0.50643259	0.18916449	0.84127444	0.53160316
0.0	0.0	0.0	1.0
77	78	10
0.91914517	-0.2142231	0.33057612	0.72542542
0.25717849	0.96200728	-0.09165879	-0.86692965
-0.29838127	0.16926482	0.93931788	0.51581466
0.0	0.0	0.0	1.0
80	81	11
0.98491931	0.13679573	-0.10592875	-0.62135345
-0.13112167	0.98961943	0.05882695	0.20171045
0.11287642	-0.04405026	0.99263215	0.39919645
0.0	0.0	0.0	1.0
81	82	12
0.94381231	0.24904527	-0.2172444	-0.54766107
-0.2394166	0.96838963	0.07000703	0.35338461
0.22781211	-0.01406155	0.97360355	-0.31686628
0.0	0.0	0.0	1.0
82	83	13
0.81350499	0.37507528	-0.44444162	-0.67278868
-0.38023981	0.92128938	0.08150879	0.91584766
0.44003123	0.10268661	0.89209187	-1.2349633
0.0	0.0	0.0	1.0
113	114	14
0.97359395	0.05397976	-0.2218129	-0.22920437
-0.12432052	0.94029361	-0.31684759	0.19130611
0.19146591	0.3360568	0.92217499	-1.31650317
0.0	0.0	0.0	1.0
114	115	15
0.99898988	-0.01451087	-0.04252814	-0.03257866
0.00078115	0.95188934	-0.30644134	0.23108841
0.04492881	0.30609861	0.95093888	-0.67999983
0.0	0.0	0.0	1.0
115	116	16
0.99946499	0.03199429	0.00676475	-0.08633901
-0.03160631	0.9981848	-0.05126835	-0.23765792
-0.00839276	0.0510271	0.99866182	-0.19997972
0.0	0.0	0.0	1.0
116	117	17
0.99181628	-0.11498263	0.05549328	0.32221344
0.07428454	0.87321424	0.48164153	0.45708305
-0.10383796	-0.47357762	0.87460953	1.19933009
0.0	0.0	0.0	1.0
122	123	18
0.88210076	0.37666136	-0.28288522	-0.54867935
-0.37203273	0.92541468	0.07210569	0.36884698
0.28894562	0.04163804	0.95643955	-0.18022272
0.0	0.0	0.0	1.0
124	125	19
0.74285787	0.44746548	-0.49793258	-0.59165347
-0.46561632	0.87976921	0.09595604	1.30468798
0.48100278	0.16056386	0.86189061	-0.82773644
0.0	0.0	0.0	1.0
125	126	20
0.66922706	0.48826548	-0.56011766	-0.70296443
-0.48104167	0.85920835	0.17424121	1.34860849
0.56633371	0.15283301	0.80988151	-1.49222326
0.0	0.0	0.0	1.0
136	137	21
0.91969043	0.2575745	-0.29635319	-0.29732314
-0.2483644	0.9662053	0.06901069	1.10021496
0.30411336	0.01013511	0.952582	-1.22732484
0.0	0.0	0.0	1.0
144	145	22
0.60627186	0.63979936	-0.47232503	0.11118071
-0.59779865	0.75834435	0.25990519	1.83189094
0.52447218	0.124782	0.84223408	-1.3776325
0.0	0.0	0.0	1.0
151	152	23
0.9100095	-0.29704389	0.28921905	1.05669677
0.249016	0.94936967	0.19154182	-0.43648574
-0.3314721	-0.10228471	0.93790406	1.14155638
0.0	0.0	0.0	1.0
152	153	24
0.24975325	-0.87452692	0.41572356	3.44156742
0.69458187	0.4609355	0.5523535	-0.60260528
-0.67466968	0.15080202	0.72255069	1.63145435
0.0	0.0	0.0	1.0
154	155	25
0.75183457	-0.53206074	0.3894304	1.42249513
0.5779016	0.8161062	-0.00068901	-0.78072917
-0.31744993	0.22557048	0.92105567	0.06292243
0.0	0.0	0.0	1.0
182	183	26
0.97498047	0.05014377	-0.21656196	0.11655582
-0.00628415	0.98005337	0.19863437	0.70440269
0.22220258	-0.19230369	0.95584786	0.00649727
0.0	0.0	0.0	1.0
194	195	27
0.80459136	-0.50104165	0.31873181	1.54508102
0.46584967	0.8654232	0.18446365	-0.50821042
-0.3682619	6.326e-05	0.92972207	0.66959018
0.0	0.0	0.0	1.0
195	196	28
0.35129181	-0.71236789	0.60755754	2.70082164
0.79640782	0.56854355	0.20613787	-0.57665956
-0.49226892	0.41144904	0.76706004	-0.00573881
0.0	0.0	0.0	1.0
197	198	29
0.38614911	0.75925094	-0.52385741	-0.53218746
-0.74873525	0.5896911	0.30275422	2.13372684
0.53878039	0.27532223	0.79618651	-1.44975328
0.0	0.0	0.0	1.0
201	202	30
0.81078368	0.1932407	-0.55252844	-0.22321783
-0.37525338	0.89604038	-0.23726895	0.79920453
0.44923788	0.39971203	0.79900914	-1.82826948
0.0	0.0	0.0	1.0
202	203	31
0.96529782	0.14227854	-0.21899034	-0.49124712
-0.11768123	0.9855783	0.12159987	0.37943307
0.23313317	-0.09160905	0.96812016	-0.27163586
0.0	0.0	0.0	1.0
214	215	32
0.76504123	-0.25608224	0.59087551	1.00893223
0.27837911	0.95888704	0.05514266	-0.50461864
-0.58070391	0.12230095	0.80487609	0.94214034
0.0	0.0	0.0	1.0
236	237	33
0.47491798	0.76373154	-0.43722588	-0.49969715
-0.73365402	0.61798412	0.28257358	2.40427804
0.48600909	0.18657331	0.85380667	-1.39337981
0.0	0.0	0.0	1.0
246	247	34
0.97707778	0.15903161	-0.14152007	-0.38035354
-0.16738041	0.98466837	-0.04911147	0.3509787
0.13154007	0.07167342	0.98871642	-0.41002256
0.0	0.0	0.0	1.0
277	278	35
0.86300939	0.36210775	-0.3522678	0.00303909
-0.34827226	0.9315654	0.10436607	0.5783208
0.36595219	0.03261616	0.93006182	-0.37732562
0.0	0.0	0.0	1.0
296	297	36
0.98704529	0.10008667	-0.12539665	-0.58278054
-0.09726053	0.99485141	0.02847622	0.53527665
0.12760113	-0.01591116	0.99169791	-0.70078421
0.0	0.0	0.0	1.0
2	9	37
0.62635839	0.25616762	-0.73624253	1.65935266
-0.53531122	0.82791001	-0.16735302	0.29757479
0.56667215	0.49894154	0.65569788	-1.77360463
0.0	0.0	0.0	1.0
6	18	38
0.4310452	0.56048477	-0.7071467	1.7350533
-0.39747405	0.82150149	0.40883988	0.98583704
0.81007099	0.10484379	0.57688212	-1.54763973
0.0	0.0	0.0	1.0
1	77	39
0.14582114	0.74219269	-0.65412986	2.40324068
-0.53642601	0.61487889	0.57807487	2.00068784
0.83125395	0.26659676	0.48779392	-2.2070365
0.0	0.0	0.0	1.0
6	77	40
0.57214618	0.59157401	-0.5680573	0.76408553
-0.30690455	0.79673266	0.52060151	1.61128271
0.76056421	-0.12352056	0.63740462	-2.07979846
0.0	0.0	0.0	1.0
7	77	41
0.78893477	0.42069417	-0.44788229	0.05938624
-0.15021126	0.83880758	0.52329546	0.78914583
0.59583443	-0.34556866	0.72495753	-1.57187212
0.0	0.0	0.0	1.0
0	77	42
0.23291039	0.73532832	-0.63643134	1.68028951
-0.47685453	0.65670884	0.58424562	1.96278512
0.84756243	0.16740827	0.50359887	-2.24668336
0.0	0.0	0.0	1.0
2	77	43
-0.14125665	0.78661907	-0.60106379	3.14339733
-0.60828769	0.41005027	0.67959112	1.85819066
0.78104538	0.46161696	0.42056838	-2.1405251
0.0	0.0	0.0	1.0
0	318	44
0.87602204	0.23770621	-0.41962013	0.58574367
-0.32941666	0.9304179	-0.16064526	0.25828913
0.35223582	0.27895853	0.89337087	-0.81373358
0.0	0.0	0.0	1.0
13	29	45
0.9157725	0.32649431	-0.23401253	-0.51772851
-0.26004791	0.92587024	0.27411473	-0.24267025
0.30616194	-0.19017233	0.93279105	1.53484917
0.0	0.0	0.0	1.0
13	30	46
0.94791085	-0.24138711	0.20783815	0.24498239
0.13256864	0.89224571	0.43165076	-0.92538065
-0.28963786	-0.38161388	0.87777048	3.40332055
0.0	0.0	0.0	1.0
13	31	47
0.05237223	-0.72088313	0.69107461	2.77807736
0.60830623	0.57184649	0.5504126	-1.55765629
-0.79197198	0.39155909	0.468467	3.03989077
0.0	0.0	0.0	1.0
13	32	48
0.21539794	-0.66278666	0.71715951	2.31244659
0.58104861	0.67723423	0.45137119	-1.7212311
-0.78484786	0.31947994	0.53098607	3.14931941
0.0	0.0	0.0	1.0
13	33	49
-0.41653359	-0.59486896	0.68748111	3.45764422
0.60992694	0.37790862	0.69654429	-1.04832458
-0.67415857	0.70944703	0.20541556	1.97162426
0.0	0.0	0.0	1.0
14	29	50
0.9846518	-0.10207806	0.14156736	0.84782863
0.07289261	0.97751778	0.19785173	-1.00664365
-0.15858099	-0.18449567	0.96995538	2.19456792
0.0	0.0	0.0	1.0
17	26	51
0.92754871	-0.27029166	0.2580604	1.87425208
0.21106976	0.94877738	0.23509784	-0.37313434
-0.30838698	-0.16359586	0.93708771	1.38048482
0.0	0.0	0.0	1.0
17	27	52
0.9412573	0.22504355	-0.25177297	1.15386426
-0.1799901	0.9651804	0.18981647	0.51000643
0.28572318	-0.13334948	0.94898909	0.28911087
0.0	0.0	0.0	1.0
16	77	53
0.80671495	0.38529488	-0.44806173	-0.70643628
-0.26648253	0.91393626	0.30611715	0.94451922
0.52744496	-0.12754862	0.83996034	-0.92510301
0.0	0.0	0.0	1.0
16	81	54
0.94557273	0.22245385	-0.23749959	-1.32321346
-0.21309093	0.97488558	0.064734	0.16274586
0.24593538	-0.01060174	0.96922821	0.41984782
0.0	0.0	0.0	1.0
17	77	55
0.98576319	0.0617807	-0.15637711	-1.03001773
-0.02201158	0.96946168	0.2442546	0.26919457
0.16669178	-0.23733512	0.95701951	0.21261244
0.0	0.0	0.0	1.0
18	27	56
0.99878252	0.03166685	-0.03782702	0.97618306
-0.02743359	0.99381399	0.10761563	0.54213339
0.04100087	-0.10644688	0.99347281	0.1581803
0.0	0.0	0.0	1.0
18	77	57
0.98457038	-0.1649006	0.05855541	-1.08318973
0.15150234	0.9707365	0.18632528	-0.11317293
-0.08756708	-0.17457919	0.98074156	0.6429776
0.0	0.0	0.0	1.0
19	27	58
0.87390977	0.37305507	-0.31162751	1.02099454
-0.35903427	0.92756236	0.10354694	1.11516035
0.32768273	0.02139429	0.94454563	-0.78884298
0.0	0.0	0.0	1.0
18	80	59
0.82209182	-0.31575814	0.47377414	-0.07627227
0.33465979	0.9411872	0.04657609	-0.90512764
-0.46061698	0.12026334	0.87941384	1.27065146
0.0	0.0	0.0	1.0
20	26	60
0.86828715	-0.35038072	0.35115603	1.73432767
0.24189259	0.91708094	0.31693962	0.01063877
-0.4330883	-0.1902526	0.88104415	0.96649045
0.0	0.0	0.0	1.0
20	27	61
0.98029363	0.13966125	-0.13970934	0.82231128
-0.10297219	0.96480811	0.24195506	0.76778424
0.16858441	-0.22280081	0.96017653	-0.06871307
0.0	0.0	0.0	1.0
19	77	62
0.95621973	0.20601644	-0.20784734	-1.15506971
-0.18013498	0.97408599	0.13677824	1.17347336
0.23063962	-0.09334944	0.96855086	-1.04387343
0.0	0.0	0.0	1.0
20	77	63
0.99738109	-0.06305367	-0.03542509	-1.31717205
0.07093232	0.94842935	0.30895105	0.30761233
0.01411774	-0.31065461	0.95041794	0.24717563
0.0	0.0	0.0	1.0
28	30	64
-0.0521333	-0.8721602	0.48643494	3.87434912
0.70353055	0.31362471	0.6377179	0.34409732
-0.70875001	0.37546849	0.59724134	0.60225493
0.0	0.0	0.0	1.0
30	33	65
-0.12202784	-0.71687865	0.68643588	3.45759916
0.89620399	0.21762684	0.38659659	-0.32634741
-0.42652965	0.66236192	0.61591345	-0.62930226
0.0	0.0	0.0	1.0
31	33	66
0.88750243	-0.35198542	0.29739845	1.18784714
0.37407774	0.92720395	-0.01893974	-0.60584182
-0.26908278	0.12805922	0.95456553	0.25598276
0.0	0.0	0.0	1.0
31	38	67
0.52433878	-0.37316725	0.76538557	2.07779932
0.59373122	0.80453271	-0.01449098	-1.0711174
-0.61037016	0.4620319	0.64340878	0.11153077
0.0	0.0	0.0	1.0
32	38	68
0.34810022	-0.44028378	0.82763338	2.54261541
0.62780786	0.76512384	0.14297594	-1.02301955
-0.69619179	0.46982509	0.54275364	0.27609512
0.0	0.0	0.0	1.0
32	39	69
0.98285431	-0.12842591	0.1322981	1.02951407
0.12814488	0.99169767	0.01067224	-0.72284055
-0.13257039	0.00646406	0.99115211	0.58270836
0.0	0.0	0.0	1.0
30	50	70
0.97247928	0.19546382	-0.12679915	0.54602802
-0.21239394	0.96744746	-0.13760079	0.40054125
0.0957756	0.16074526	0.98233777	-0.68073279
0.0	0.0	0.0	1.0
33	36	71
0.23742728	-0.59746182	0.76594239	2.88140345
0.68681788	0.66085005	0.30258605	-0.68408823
-0.6869567	0.45422047	0.56725097	0.28749451
0.0	0.0	0.0	1.0
33	37	72
0.44288516	-0.55641299	0.70303482	2.41060972
0.61700714	0.7580663	0.2112769	-0.78009433
-0.65050411	0.34020561	0.67904699	0.48577154
0.0	0.0	0.0	1.0
33	38	73
0.85197276	-0.16431746	0.49713391	0.69165331
0.29464963	0.93532956	-0.19580705	-0.78798389
-0.43280938	0.31330234	0.84529126	0.14253727
0.0	0.0	0.0	1.0
33	39	74
0.87393886	0.38595742	-0.29541039	-0.4835332
-0.38004026	0.92153132	0.07968516	0.25293776
0.30298498	0.04262783	0.95204139	-0.18566081
0.0	0.0	0.0	1.0
33	40	75
0.98251176	-0.1344403	0.1288289	0.66912901
0.13194863	0.99086881	0.02772334	-1.13806295
-0.13137968	-0.01023969	0.99127913	0.98034132
0.0	0.0	0.0	1.0
33	41	76
0.87203288	-0.33134738	0.3602322	1.37238002
0.31997108	0.94288075	0.09270602	-1.70375121
-0.37037385	0.03442118	0.92824465	1.6688441
0.0	0.0	0.0	1.0
33	42	77
0.64169723	0.66216791	-0.38698468	-0.24574503
-0.5749476	0.74926573	0.32868972	0.29376313
0.50760192	0.01157656	0.8615135	0.23273136
0.0	0.0	0.0	1.0
34	36	78
0.76595014	-0.41822785	0.48826844	1.38722289
0.3822256	0.90691584	0.17722212	-0.35272983
-0.51693726	0.05088541	0.85450965	0.79639965
0.0	0.0	0.0	1.0
34	37	79
0.88600469	-0.30359238	0.35046703	0.8993997
0.26561874	0.95185322	0.15304096	-0.25835562
-0.38005513	-0.04250422	0.92398626	0.7590816
0.0	0.0	0.0	1.0
34	38	80
0.99606514	0.08104146	-0.03586279	-0.3104189
-0.08463919	0.98987997	-0.1139015	0.13014439
0.02626913	0.11648868	0.99284434	-0.37134764
0.0	0.0	0.0	1.0
33	72	81
-0.01750461	0.81361181	-0.58114451	2.07008052
-0.72397268	0.3905701	0.56861055	0.151113
0.68960649	0.43068632	0.58219606	-0.28671363
0.0	0.0	0.0	1.0
33	73	82
0.02591264	0.78139216	-0.62350267	1.58283627
-0.74425077	0.43148363	0.509817	0.59650922
0.66739798	0.45083135	0.59273201	-0.62256825
0.0	0.0	0.0	1.0
33	74	83
0.30700365	0.73211128	-0.60808057	0.49610656
-0.72142249	0.59574741	0.35303551	0.6600737
0.62072426	0.33029991	0.71105862	-0.66261339
0.0	0.0	0.0	1.0
35	38	84
0.98075294	0.12870625	-0.14682488	-0.44202945
-0.13273427	0.99098963	-0.01793194	0.28604621
0.14319399	0.03707553	0.98899978	-0.40276989
0.0	0.0	0.0	1.0
38	40	85
0.93052042	0.187943	-0.31433895	-0.48603445
-0.08421643	0.94509178	0.31576803	-0.0486622
0.35642526	-0.26735604	0.89525527	0.75032037
0.0	0.0	0.0	1.0
38	41	86
0.99714482	-0.01076345	-0.07474149	-0.34884667
0.03409971	0.94730514	0.31851214	-0.4868229
0.06737474	-0.32015151	0.94496769	1.80260623
0.0	0.0	0.0	1.0
39	41	87
0.52430087	-0.63757914	0.56444794	2.92310905
0.61896098	0.74057865	0.26159286	-1.00421822
-0.58480376	0.21221788	0.78292274	1.04751778
0.0	0.0	0.0	1.0
39	72	88
0.47770917	0.69574839	-0.5364027	2.20264935
-0.64497024	0.69231963	0.32358539	0.89135152
0.59649557	0.1913837	0.77946424	-0.84736574
0.0	0.0	0.0	1.0
39	73	89
0.49830672	0.65730923	-0.56536204	1.55064809
-0.65162385	0.71408111	0.25587782	1.11181927
0.57190567	0.24089809	0.78415	-1.01397693
0.0	0.0	0.0	1.0
39	74	90
0.72231829	0.51750511	-0.4587425	0.56361443
-0.52749795	0.84125912	0.11844336	0.76501673
0.44721675	0.15643199	0.88063955	-0.74152064
0.0	0.0	0.0	1.0
40	77	91
0.02978946	-0.72899574	0.68387014	3.29702282
0.80149257	0.42623404	0.41944551	-1.20315659
-0.59726214	0.53562135	0.59698093	0.75888586
0.0	0.0	0.0	1.0
41	72	92
-0.49741575	0.68165445	-0.53658599	1.89877498
-0.65508622	0.1103518	0.74745172	1.4640696
0.56871724	0.72330493	0.39165184	-1.3991406
0.0	0.0	0.0	1.0
41	86	93
0.34166071	0.59460205	-0.72781628	1.75372052
-0.7080189	0.67211449	0.21672875	0.54795063
0.61804324	0.44126025	0.65062451	-1.05933857
0.0	0.0	0.0	1.0
41	91	94
0.21618742	0.68277371	-0.69791275	1.02444887
-0.74360901	0.57836205	0.33547363	0.46769169
0.63269901	0.44644925	0.63275194	-0.78818589
0.0	0.0	0.0	1.0
42	72	95
0.75610352	0.51298666	-0.40638918	1.31939876
-0.54619527	0.83670461	0.03995606	1.43926585
0.36052468	0.19175695	0.9128257	-1.39073038
0.0	0.0	0.0	1.0
43	73	96
0.99820983	0.0466366	0.03743971	0.85536134
-0.04879439	0.99706775	0.05895343	0.7747584
-0.03458052	-0.06067472	0.99755847	-0.54928946
0.0	0.0	0.0	1.0
43	74	97
0.96058124	-0.14907794	0.23464845	0.72025996
0.14214082	0.98876315	0.04630323	-0.00450801
-0.23891431	-0.0111249	0.97097713	0.19115242
0.0	0.0	0.0	1.0
50	73	98
0.92335075	-0.26433599	0.27847829	1.54262555
0.28986451	0.95553797	-0.05409217	0.86644655
-0.25179774	0.13066705	0.95891827	-0.91959047
0.0	0.0	0.0	1.0
50	74	99
0.77322912	-0.43025592	0.46582896	1.83540773
0.48069546	0.87680644	0.01194299	-0.01433003
-0.41358048	0.2146872	0.88479424	-0.30713359
0.0	0.0	0.0	1.0
51	60	100
0.89785129	0.15428346	-0.41238338	0.62240237
-0.28136316	0.92146212	-0.2678473	-0.21073358
0.33867118	0.35651687	0.87074554	-1.10068619
0.0	0.0	0.0	1.0
51	73	101
0.9983381	0.04033677	0.04115807	0.99111456
-0.03762923	0.99720407	-0.06456384	1.15969765
-0.04364739	0.06290778	0.99706441	-1.08565283
0.0	0.0	0.0	1.0
51	74	102
0.95413601	-0.15100574	0.25849879	0.82744867
0.17397046	0.98238212	-0.0682638	0.2894893
-0.24363621	0.11010411	0.96359646	-0.40623364
0.0	0.0	0.0	1.0
52	59	103
0.86799425	0.1147183	-0.48314169	0.55077022
-0.3361147	0.85192031	-0.40156952	0.23285918
0.36553153	0.51095098	0.7780202	-1.77387178
0.0	0.0	0.0	1.0
52	73	104
0.97823775	-0.1343105	0.15814877	0.62150222
0.13262379	0.9909395	0.02121939	1.19062901
-0.1595659	0.00021657	0.98718715	-1.20430541
0.0	0.0	0.0	1.0
52	74	105
0.87101597	-0.31457856	0.37732074	0.67730534
0.32079825	0.94592541	0.04809538	0.36269429
-0.37204722	0.07915198	0.9248333	-0.45510933
0.0	0.0	0.0	1.0
58	60	106
0.99216282	-0.12153836	-0.02901331	0.21087268
0.12384595	0.92564821	0.35754389	-0.33144796
-0.01659919	-0.3583349	0.93344533	0.78835672
0.0	0.0	0.0	1.0
75	87	107
0.98700297	0.15006769	-0.0574909	1.85023928
-0.15775494	0.97298479	-0.16856328	0.24754964
0.03064186	0.17544191	0.98401254	-0.55289066
0.0	0.0	0.0	1.0
77	80	108
0.89815521	-0.18432839	0.39917451	0.83206236
0.27636528	0.94278812	-0.1864755	-1.05460656
-0.34196419	0.27780193	0.89771193	0.52691507
0.0	0.0	0.0	1.0
77	81	109
0.95399559	-0.07041396	0.29143545	0.39284986
0.12101363	0.97976756	-0.15940829	-1.09582365
-0.27431461	0.18734251	0.94321471	1.15682828
0.0	0.0	0.0	1.0
76	85	110
0.33658704	0.55364579	-0.76169932	1.26382089
-0.69265777	0.69354767	0.19803119	0.94002432
0.637914	0.46094209	0.61692649	-0.81886357
0.0	0.0	0.0	1.0
78	81	111
0.99084079	0.12242793	-0.05696717	-0.53626549
-0.12556054	0.99055445	-0.05510125	-0.05398129
0.04968317	0.06174937	0.99685436	0.50296593
0.0	0.0	0.0	1.0
78	82	112
0.8955642	0.36491328	-0.25456402	-1.01320314
-0.36677909	0.92936492	0.04188887	0.38321254
0.25186872	0.05585467	0.9661482	0.19503655
0.0	0.0	0.0	1.0
80	82	113
0.87807947	0.37440908	-0.29798353	-1.07983029
-0.34375814	0.92675942	0.15148479	0.59991062
0.33287638	-0.03058133	0.94247454	0.02615138
0.0	0.0	0.0	1.0
81	137	114
0.71883297	0.46034589	-0.52092361	-1.37502015
-0.41993025	0.88470906	0.20235707	0.49813548
0.55401999	0.07329056	0.82927084	-1.0113852
0.0	0.0	0.0	1.0
81	140	115
0.99509734	-0.04209535	-0.08949423	-1.59727979
0.05151179	0.99306726	0.10565782	-1.16223121
0.08442596	-0.10974976	0.99036765	0.89642477
0.0	0.0	0.0	1.0
81	313	116
0.99470514	-0.04534096	-0.09222205	-0.9067024
0.04362976	0.99883777	-0.02048993	-0.98942697
0.09304391	0.01635786	0.99552739	0.31156069
0.0	0.0	0.0	1.0
83	133	117
0.19118957	-0.76270252	0.61784476	2.14464712
0.76227319	0.51192641	0.3960689	-2.17242217
-0.61837381	0.39524212	0.67926252	1.78965855
0.0	0.0	0.0	1.0
83	134	118
0.18988171	-0.77263337	0.60579056	2.489501
0.7628184	0.50454515	0.40440288	-2.14176869
-0.61810404	0.3853195	0.68518335	1.88135087
0.0	0.0	0.0	1.0
83	135	119
0.10416783	-0.74019462	0.66427475	3.22276568
0.72689086	0.51252103	0.45711043	-2.11961699
-0.67880636	0.4352394	0.59142911	1.98872542
0.0	0.0	0.0	1.0
83	136	120
0.80946684	-0.40306777	0.42696491	1.68051696
0.40956405	0.90865022	0.08131574	-1.7221626
-0.42073742	0.10904701	0.90060461	1.63986814
0.0	0.0	0.0	1.0
83	137	121
0.97384411	-0.17849569	0.14059606	0.47619554
0.17693624	0.98393893	0.02361731	-0.95193678
-0.14255354	0.00187698	0.98978531	0.79361099
0.0	0.0	0.0	1.0
83	138	122
0.90594453	-0.35250401	0.23453349	1.2491262
0.33809796	0.93573719	0.10042556	-1.12831771
-0.25486216	-0.01168467	0.96690661	1.02358031
0.0	0.0	0.0	1.0
77	315	123
0.14770408	-0.61784679	0.77230102	2.59510994
0.74114323	0.5862022	0.3272208	-2.77516198
-0.6548965	0.52405405	0.54449695	2.052531
0.0	0.0	0.0	1.0
77	316	124
0.22269653	-0.59738672	0.77041221	2.66133523
0.71222597	0.63931185	0.28985271	-2.26076388
-0.66568744	0.48415869	0.56784683	1.59608293
0.0	0.0	0.0	1.0
88	99	125
0.99254674	-0.05949156	0.10635475	1.1887418
0.0644277	0.99696958	-0.04359276	-0.26689541
-0.10343911	0.05012006	0.99337232	0.31982723
0.0	0.0	0.0	1.0
93	113	126
0.95148695	0.27256551	-0.14276379	1.28660083
-0.2844778	0.95607781	-0.07062531	0.05452274
0.11724323	0.1078121	0.98723364	-0.19442777
0.0	0.0	0.0	1.0
94	125	127
0.77308112	-0.38479644	0.50425875	2.0355258
0.43746281	0.89910412	0.01542401	-0.78091639
-0.45931628	0.20867039	0.8634147	1.13387287
0.0	0.0	0.0	1.0
94	126	128
0.9889794	0.1199311	-0.08681303	0.21701014
-0.12683208	0.98878241	-0.07888833	0.0973563
0.07637798	0.08902964	0.99309635	0.45355293
0.0	0.0	0.0	1.0
95	125	129
0.95415777	-0.14302915	0.26291758	1.35033274
0.18865985	0.96935779	-0.15733005	-0.5256592
-0.23235855	0.19971967	0.95190412	0.68565106
0.0	0.0	0.0	1.0
99	125	130
0.34537464	-0.61452305	0.70927978	2.03976655
0.59835446	0.72643679	0.33802655	-0.74361145
-0.72297168	0.30765507	0.61859518	1.52556419
0.0	0.0	0.0	1.0
100	125	131
0.14592585	-0.62317717	0.76834655	2.1974082
0.64399248	0.64940858	0.40440267	-0.84659821
-0.75098509	0.43579665	0.49608687	1.34767318
0.0	0.0	0.0	1.0
101	125	132
0.11010907	-0.62191498	0.77530485	1.73916173
0.74690807	0.56641835	0.34827954	-0.72448659
-0.65574747	0.54073268	0.52688074	0.84250003
0.0	0.0	0.0	1.0
102	125	133
0.12901081	-0.6087389	0.78281033	1.64936697
0.6662969	0.63787216	0.38622156	-0.17917652
-0.73444217	0.47175759	0.48789376	1.06626379
0.0	0.0	0.0	1.0
108	126	134
0.73926514	-0.47319186	0.47914159	0.17209925
0.45367053	0.87577355	0.16493316	-0.10199236
-0.4976646	0.09544308	0.86210221	1.38515842
0.0	0.0	0.0	1.0
107	173	135
0.61046022	0.37109599	-0.69973308	0.67438626
-0.44061598	0.89324123	0.08931963	-0.09550963
0.65817612	0.25378707	0.70879918	-0.06771877
0.0	0.0	0.0	1.0
107	174	136
0.60306185	0.10667044	-0.79053044	1.0939132
-0.46578732	0.85161102	-0.24041684	-0.17143974
0.64757955	0.51320505	0.5632599	-0.52843326
0.0	0.0	0.0	1.0
111	125	137
-0.36669663	-0.6589334	0.65676475	2.99203134
0.637613	0.33607146	0.69318473	0.69267601
-0.67748272	0.67295021	0.29690865	-0.02394444
0.0	0.0	0.0	1.0
113	116	138
0.96552682	-0.00354908	-0.26027885	-0.1499787
-0.16427951	0.76731366	-0.61987263	0.53545815
0.20191544	0.64126188	0.74027902	-2.20039821
0.0	0.0	0.0	1.0
112	116	139
0.77391702	0.12103781	-0.62161261	-0.0389952
-0.49335828	0.73064393	-0.47197136	1.24349451
0.39705095	0.6719445	0.62517285	-2.63707542
0.0	0.0	0.0	1.0
112	125	140
-0.25916266	-0.54472977	0.79756135	2.80605984
0.71428704	0.4477267	0.53789806	0.65572971
-0.65009868	0.70909059	0.27305958	-0.40579525
0.0	0.0	0.0	1.0
114	116	141
0.99908751	0.02550585	-0.03425369	-0.11560401
-0.03590064	0.93599957	-0.35016489	0.03980276
0.0231302	0.35107496	0.93606144	-0.95446032
0.0	0.0	0.0	1.0
114	117	142
0.99621606	-0.0791323	0.03594293	0.17510028
0.07312278	0.98665172	0.14550515	0.03009134
-0.0469773	-0.14232627	0.9887045	0.34416923
0.0	0.0	0.0	1.0
114	118	143
0.97753882	0.16013205	-0.13702269	-0.19579117
-0.09672465	0.91851354	0.38337639	0.66364908
0.18724804	-0.36151186	0.91337156	0.69801795
0.0	0.0	0.0	1.0
116	118	144
0.98436838	0.1281431	-0.12082341	-0.08559968
-0.0122832	0.73430163	0.67871249	1.18234468
0.17569308	-0.66661924	0.72439724	1.33388937
0.0	0.0	0.0	1.0
124	133	145
0.95071173	-0.26036739	0.16838899	-0.47794467
0.25214455	0.96523488	0.06887984	-0.95086783
-0.18046902	-0.02302649	0.98331076	0.96165735
0.0	0.0	0.0	1.0
125	127	146
0.60530961	0.59144026	-0.53272831	-0.92766154
-0.47563615	0.80539185	0.35371503	1.4314605
0.63825637	0.03927761	0.7688216	-1.84790373
0.0	0.0	0.0	1.0
133	137	147
0.41162115	0.71247035	-0.56829041	1.23585236
-0.70185375	0.64559102	0.30101982	1.47669303
0.5813511	0.27495092	0.76578891	-1.22409165
0.0	0.0	0.0	1.0
134	137	148
0.40968814	0.714849	-0.56669772	1.20687509
-0.71303451	0.63841707	0.28983742	1.71389413
0.56897938	0.28533211	0.77126366	-1.4839747
0.0	0.0	0.0	1.0
139	150	149
0.98163807	0.13120949	-0.13845776	-1.1792177
-0.14472893	0.98513484	-0.09253646	-0.63425142
0.12425781	0.11087623	0.98603553	0.31421179
0.0	0.0	0.0	1.0
137	309	150
0.46767601	0.64386541	-0.60557061	1.8925252
-0.66878277	0.70572096	0.23385449	1.41504371
0.5779351	0.2956275	0.76065469	-1.11451113
0.0	0.0	0.0	1.0
142	278	151
0.67841482	-0.5350132	0.50350237	1.58074749
0.55355877	0.82284021	0.12847582	-0.92715263
-0.48303822	0.19155841	0.85438854	0.92581058
0.0	0.0	0.0	1.0
141	278	152
-0.01598515	-0.7166568	0.69724214	3.52955341
0.706442	0.48539293	0.51510447	-0.92551231
-0.70759016	0.50079572	0.49851745	1.16907763
0.0	0.0	0.0	1.0
141	280	153
0.6299898	-0.64964646	0.42552596	2.15480828
0.61102062	0.75283509	0.24473092	-0.99902433
-0.47933924	0.10582738	0.87122583	1.30348206
0.0	0.0	0.0	1.0
143	278	154
0.86219442	-0.24490924	0.44344127	0.82407403
0.32889187	0.9364152	-0.12229893	-0.50749195
-0.38529316	0.25128976	0.88792068	0.46829653
0.0	0.0	0.0	1.0
141	305	155
0.9938131	-0.07273046	0.0839352	0.25456664
0.0773349	0.99559623	-0.05297277	-1.1267767
-0.07971288	0.05913634	0.99506217	0.89204639
0.0	0.0	0.0	1.0
148	151	156
0.70469582	0.39339638	-0.59046024	-0.54553562
-0.45844087	0.88762248	0.04424655	0.42822674
0.54151225	0.23951077	0.80585283	-0.783885
0.0	0.0	0.0	1.0
148	152	157
0.93300009	0.22559857	-0.28038606	-0.63474059
-0.21160868	0.97410578	0.07962555	-0.39699823
0.29108894	-0.01495858	0.95657915	0.59614813
0.0	0.0	0.0	1.0
148	153	158
0.58157521	-0.74803716	0.31970391	1.95822573
0.55969703	0.65313673	0.51005054	-1.57792556
-0.59034705	-0.11769516	0.79852217	3.18345356
0.0	0.0	0.0	1.0
149	151	159
-0.00810252	0.60562456	-0.79570919	0.60879916
-0.64103848	0.60757357	0.46895996	1.88937235
0.76746565	0.51388019	0.383306	-2.30195761
0.0	0.0	0.0	1.0
149	152	160
0.40175667	0.65945578	-0.63538152	-0.55683029
-0.58590966	0.71834451	0.37508759	1.47333729
0.70377624	0.22158204	0.67498112	-1.28205216
0.0	0.0	0.0	1.0
149	153	161
0.98601389	-0.14061396	0.08946724	-0.62551647
0.09070718	0.90310955	0.4197205	-0.35172167
-0.1398173	-0.40573493	0.90323299	2.12236261
0.0	0.0	0.0	1.0
149	154	162
-0.04872184	-0.83291882	0.55124575	2.67889714
0.64272559	0.39631066	0.65562344	-0.73438507
-0.7645455	0.38624296	0.51602888	2.00140071
0.0	0.0	0.0	1.0
151	153	163
-0.16923085	-0.89052022	0.42229658	4.84499741
0.59519619	0.24917641	0.76397127	0.14417394
-0.7855581	0.38063699	0.48786664	1.61251998
0.0	0.0	0.0	1.0
150	152	164
0.91568244	0.27961454	-0.28868887	-0.35480389
-0.25147614	0.95893693	0.13114662	0.3258298
0.31350493	-0.04749041	0.94839829	-0.02218745
0.0	0.0	0.0	1.0
150	153	165
0.62169009	-0.71086872	0.32888848	2.13832712
0.5099889	0.68606824	0.518866	-0.90373641
-0.59448528	-0.15484443	0.78905636	2.6375649
0.0	0.0	0.0	1.0
150	154	166
-0.71365857	-0.59918469	0.3628628	4.71824408
0.44573441	0.01117311	0.89509559	0.27052462
-0.54038167	0.80053288	0.25910363	0.83776903
0.0	0.0	0.0	1.0
148	195	167
0.98094982	-0.18964198	0.04211271	-0.67517483
0.17291655	0.95119375	0.2555967	-1.74479735
-0.08852922	-0.24344561	0.96586597	2.58146548
0.0	0.0	0.0	1.0
148	196	168
0.18239948	-0.78926104	0.58634257	2.06958866
0.69365138	0.52594006	0.49217373	-1.82335663
-0.69683456	0.31694511	0.64340264	2.46464419
0.0	0.0	0.0	1.0
149	195	169
0.81740969	0.47308454	-0.3286826	-2.24945855
-0.34966099	0.86090952	0.36955708	0.70473439
0.45779771	-0.18715204	0.8691352	0.19266661
0.0	0.0	0.0	1.0
149	196	170
0.82700139	-0.44701338	0.34095153	-0.32021868
0.3799105	0.89138734	0.24717785	-0.73714793
-0.41441149	-0.07488519	0.90700346	1.52939463
0.0	0.0	0.0	1.0
152	154	171
-0.93801606	-0.29443261	0.18285145	4.92414236
0.24804722	-0.2018187	0.94749248	1.35749698
-0.2420696	0.93411905	0.26234275	-0.67775846
0.0	0.0	0.0	1.0
152	155	172
-0.92799735	0.31323627	-0.20175245	3.80232596
-0.23509181	-0.07217562	0.96928948	1.91155732
0.28905508	0.94692856	0.14061813	-1.74962842
0.0	0.0	0.0	1.0
151	195	173
0.53547025	-0.71459812	0.45013475	2.81871295
0.52727842	0.69921464	0.48277938	-1.17978024
-0.65973437	-0.02116746	0.75120068	2.70495987
0.0	0.0	0.0	1.0
150	195	174
0.98870325	-0.14184202	0.04844547	-0.48568067
0.12215587	0.949826	0.28793821	-0.96490228
-0.08685652	-0.27876747	0.95642263	2.03305101
0.0	0.0	0.0	1.0
151	196	175
-0.57224345	-0.62288624	0.53343207	4.65007019
0.51949686	0.22797485	0.82349902	-0.195925
-0.63455516	0.74835867	0.19313022	0.9784317
0.0	0.0	0.0	1.0
150	196	176
0.23965125	-0.7630834	0.60022539	2.22234941
0.65536523	0.58328098	0.47987491	-1.17376411
-0.71628481	0.27836412	0.63988209	1.93836951
0.0	0.0	0.0	1.0
151	206	177
0.57020485	-0.61294222	0.54696184	3.5231874
0.52396423	0.78415251	0.33251581	-0.93659735
-0.63271481	0.09698654	0.76828766	1.95203829
0.0	0.0	0.0	1.0
151	207	178
0.99126607	-0.12696224	-0.03566189	2.04021001
0.13167384	0.96782941	0.21440171	-0.41379437
0.00729367	-0.21722491	0.97609448	1.18813694
0.0	0.0	0.0	1.0
150	206	179
0.99184197	-0.11912957	0.0453687	0.56315613
0.11335476	0.98703521	0.11362964	-1.19277453
-0.05831716	-0.10755979	0.99248666	1.92721558
0.0	0.0	0.0	1.0
151	208	180
0.95006919	0.26346257	-0.16720137	1.66521299
-0.22405627	0.9489274	0.22211543	0.28747603
0.21718101	-0.17356263	0.96057713	0.70862252
0.0	0.0	0.0	1.0
150	207	181
0.70289397	0.48091313	-0.52408201	0.28773153
-0.36553159	0.87628698	0.31385905	-0.10104168
0.61018574	-0.02904112	0.79172575	0.56777376
0.0	0.0	0.0	1.0
150	208	182
0.39144868	0.70114464	-0.59595597	0.50095558
-0.62821507	0.67685479	0.38368356	0.65607893
0.67239344	0.22419651	0.70542407	0.1040671
0.0	0.0	0.0	1.0
150	209	183
0.97956419	0.14140663	-0.14303486	0.0845051
-0.11276927	0.97497588	0.1915853	-0.74133068
0.16654702	-0.17154008	0.97099751	1.54813302
0.0	0.0	0.0	1.0
151	210	184
0.8979798	-0.35186455	0.26424092	2.47606874
0.28031331	0.92030382	0.27288219	-0.77021039
-0.33919969	-0.17097251	0.92504704	1.80269134
0.0	0.0	0.0	1.0
150	210	185
0.92123944	0.28086895	-0.26912871	0.03784106
-0.22681345	0.94991875	0.21496533	-0.55652589
0.3160274	-0.13699244	0.93880689	1.22877026
0.0	0.0	0.0	1.0
145	305	186
0.98245269	0.14215285	-0.12074276	-0.51884782
-0.15680097	0.98006618	-0.12199683	-0.37488282
0.10099373	0.13878873	0.98515856	-0.05615733
0.0	0.0	0.0	1.0
152	194	187
0.99977702	0.00148259	-0.02106812	-0.58045912
0.00035215	0.9962244	0.08681647	-0.98116851
0.02111729	-0.08680452	0.99600154	1.15232694
0.0	0.0	0.0	1.0
152	195	188
0.84739769	-0.45568621	0.27251965	0.84912318
0.39702222	0.88460636	0.24463266	-1.36362886
-0.35254839	-0.0991047	0.93053102	1.81402218
0.0	0.0	0.0	1.0
152	196	189
-0.18175472	-0.75470394	0.63038647	3.3717432
0.72722799	0.32834178	0.60276979	-0.81068736
-0.66189486	0.56799084	0.48916423	0.91760701
0.0	0.0	0.0	1.0
152	198	190
0.41991141	-0.71946657	0.55321079	3.09730482
0.6122784	0.6745168	0.41248301	-1.16990483
-0.6699183	0.16551276	0.72375065	1.72662747
0.0	0.0	0.0	1.0
152	199	191
0.97478563	-0.12405788	0.18547773	0.62381446
0.11558621	0.9917258	0.05585324	-1.06479824
-0.19087206	-0.03300633	0.98105955	1.25402582
0.0	0.0	0.0	1.0
152	200	192
0.98059374	-0.10115048	0.16794229	0.56767899
0.07979885	0.98838174	0.12936029	-1.04053891
-0.17907587	-0.11344824	0.97727239	1.53947115
0.0	0.0	0.0	1.0
152	203	193
0.99074882	0.08593213	-0.10503588	-0.33794752
-0.11431511	0.94556779	-0.30468503	-0.77135259
0.07313639	0.31387365	0.94664371	-0.08547376
0.0	0.0	0.0	1.0
152	204	194
0.9786005	-0.17532459	0.10771689	0.26117966
0.17087758	0.98405874	0.04928588	-1.17887652
-0.11464076	-0.02982474	0.99295908	1.10483563
0.0	0.0	0.0	1.0
152	205	195
0.70062774	-0.47888914	0.52894908	1.94980145
0.4986586	0.85885668	0.11706805	-1.47039294
-0.51035368	0.18174398	0.84053993	1.30389571
0.0	0.0	0.0	1.0
152	206	196
0.85421789	-0.39732447	0.33532822	1.86016285
0.39696893	0.9149363	0.0728499	-1.29358935
-0.33574906	0.07088507	0.93928069	1.37835908
0.0	0.0	0.0	1.0
152	207	197
0.92872792	0.20366217	-0.30981752	0.89511561
-0.17446482	0.97738415	0.11950826	-0.28055069
0.32715002	-0.05693831	0.94325542	0.33565217
0.0	0.0	0.0	1.0
152	209	198
0.97981304	-0.15984342	0.120069	1.15417743
0.14988983	0.98479205	0.08785353	-0.9533729
-0.13228577	-0.06808294	0.98887116	1.18804431
0.0	0.0	0.0	1.0
152	210	199
0.99941802	-0.03406285	0.00193922	0.9916622
0.03377342	0.9957813	0.08532044	-0.80660385
-0.00483729	-0.08520524	0.99635172	0.96634233
0.0	0.0	0.0	1.0
153	195	200
0.71348888	0.57419425	-0.40153986	-1.26845646
-0.61927915	0.78486383	0.02195491	1.97561622
0.32776055	0.23300059	0.91557848	-1.40645635
0.0	0.0	0.0	1.0
154	195	201
-0.6238184	0.66436499	-0.41166723	2.59013987
-0.64493966	-0.14004737	0.75129211	4.03397608
0.44147924	0.73417026	0.51583922	-2.68286777
0.0	0.0	0.0	1.0
154	242	202
0.20536119	-0.58577561	0.78402418	1.12128282
0.8389343	0.51791006	0.1672077	-1.19282472
-0.50400019	0.62340671	0.59778559	0.29719672
0.0	0.0	0.0	1.0
157	168	203
0.99650574	0.06536168	-0.05200552	1.16575849
-0.07211144	0.98741364	-0.14076339	-0.28730217
0.04215041	0.14402166	0.98867673	0.03034998
0.0	0.0	0.0	1.0
159	168	204
0.55616927	0.44167981	-0.70398456	0.84603173
-0.50831825	0.85094613	0.13229606	1.00973964
0.65748543	0.2842696	0.69778442	-0.98002785
0.0	0.0	0.0	1.0
160	168	205
0.9518699	0.10659046	-0.2873725	1.12485039
-0.09970261	0.99427032	0.03854224	0.57610369
0.2898342	-0.00803538	0.95704305	-0.30548549
0.0	0.0	0.0	1.0
160	169	206
0.65872103	0.37077764	-0.65468365	0.71276557
-0.29109424	0.9279719	0.23266372	0.95438266
0.69379473	0.03731432	0.71920556	-1.18893981
0.0	0.0	0.0	1.0
157	191	207
0.73646438	-0.4514136	0.50383216	1.3982029
0.35913488	0.89206624	0.27429917	-0.28675506
-0.57327402	-0.02106803	0.81909305	1.28885567
0.0	0.0	0.0	1.0
167	170	208
0.43369403	0.52283114	-0.73386478	-0.37185901
-0.31153256	0.85122335	0.42233506	1.24268651
0.84549242	0.04545881	0.53204894	-2.37377167
0.0	0.0	0.0	1.0
167	174	209
0.86167645	-0.04746083	0.50523436	0.66821027
0.19574609	0.94965082	-0.24463601	-0.38077232
-0.46818557	0.30969456	0.82758176	-0.48313043
0.0	0.0	0.0	1.0
170	190	210
0.13184859	-0.47537094	0.86984962	2.18511152
0.53022349	0.77524638	0.34330133	-0.06840935
-0.83754337	0.41595095	0.35426793	0.52006608
0.0	0.0	0.0	1.0
172	190	211
0.99600965	0.08738743	-0.01811726	-0.02864578
-0.08773483	0.99595529	-0.01936026	0.60896307
0.01635213	0.02087256	0.99964827	-0.54440337
0.0	0.0	0.0	1.0
183	202	212
0.89545375	-0.17963573	0.40729985	1.01540637
0.17686361	0.98321521	0.04480072	-0.15586574
-0.40851131	0.03191958	0.91219467	0.33211672
0.0	0.0	0.0	1.0
190	193	213
0.72588921	-0.53302759	0.43470263	1.18768334
0.40179819	0.84157383	0.36098582	-0.16954418
-0.55824977	-0.08737305	0.82505918	0.97271514
0.0	0.0	0.0	1.0
193	202	214
0.46047965	-0.28141981	0.84187943	2.08518553
0.6270346	0.77443933	-0.0840908	-0.67164373
-0.62831962	0.56661028	0.53307331	-0.54410309
0.0	0.0	0.0	1.0
194	202	215
0.98919827	-0.03964174	0.14111757	0.76799977
0.10421699	0.86720335	-0.48692614	-0.09331239
-0.10307509	0.49637359	0.86196804	-1.22864377
0.0	0.0	0.0	1.0
194	207	216
0.9335584	0.20247966	-0.29575393	1.47119594
-0.20172013	0.97887242	0.03342087	0.77822828
0.29627246	0.02845917	0.95467943	-0.79753929
0.0	0.0	0.0	1.0
194	210	217
0.99906009	-0.03840868	0.02007467	1.58865833
0.03844604	0.99925941	-0.00147894	0.19135803
-0.02000303	0.00224933	0.99979705	-0.20710671
0.0	0.0	0.0	1.0
196	198	218
0.8351208	0.48545539	-0.25866246	-0.76641136
-0.46624178	0.87422937	0.13543157	0.46609432
0.29187641	0.00749758	0.9564268	0.07622427
0.0	0.0	0.0	1.0
195	198	219
0.85326302	-0.37865156	0.35855973	1.96526098
0.39065972	0.91960025	0.04147837	-0.84021294
-0.3454375	0.10468291	0.93258482	0.59885544
0.0	0.0	0.0	1.0
196	200	220
0.03233716	0.81316781	-0.5811305	-0.17169967
-0.80556256	0.36537737	0.46644226	2.30999184
0.59162748	0.45305318	0.66687304	-1.58344293
0.0	0.0	0.0	1.0
195	200	221
0.91199434	0.37008286	-0.17693342	-0.0066549
-0.38329056	0.92247361	-0.04615928	0.49483797
0.14613365	0.10991389	0.98313975	-0.30100948
0.0	0.0	0.0	1.0
196	204	222
-0.00853223	0.76166111	-0.64791936	0.27035776
-0.73980731	0.43112025	0.51654601	2.30686331
0.67276448	0.48374316	0.55980432	-2.12602592
0.0	0.0	0.0	1.0
196	205	223
0.63556373	0.56241632	-0.52891159	-0.59836298
-0.61023206	0.7856164	0.10210007	0.92296183
0.4729436	0.25786757	0.84251368	-0.99746448
0.0	0.0	0.0	1.0
195	204	224
0.91937923	0.2852799	-0.27084541	-0.1564263
-0.31949461	0.94320363	-0.09104744	0.59578854
0.22948852	0.17024085	0.95830762	-0.84356713
0.0	0.0	0.0	1.0
195	205	225
0.97134483	-0.13573271	0.19510569	1.09199524
0.17594668	0.96253145	-0.20633851	-0.58653855
-0.15978867	0.23475398	0.95883203	-0.16660066
0.0	0.0	0.0	1.0
195	206	226
0.99798578	0.03181408	-0.0548919	1.00782466
-0.04077894	0.9844563	-0.17083029	-0.31916973
0.04860388	0.17272447	0.98377007	-0.13462858
0.0	0.0	0.0	1.0
195	207	227
0.56232101	0.60559934	-0.56306756	1.02587664
-0.63686526	0.75149077	0.17223504	1.15433741
0.52744508	0.26174656	0.80826396	-1.14124036
0.0	0.0	0.0	1.0
196	209	228
-0.00666141	0.78416729	-0.62051398	0.1821326
-0.75975019	0.3994951	0.51301378	1.767349
0.6501807	0.47485271	0.59311008	-1.37935758
0.0	0.0	0.0	1.0
195	209	229
0.93066198	0.28729066	-0.22656663	0.65497464
-0.30841154	0.9491424	-0.06332362	0.27988419
0.19685172	0.12880844	0.97193485	-0.40442127
0.0	0.0	0.0	1.0
195	210	230
0.83426028	0.43210971	-0.34247816	0.62613201
-0.46291956	0.88635099	-0.00932673	0.59346861
0.29952556	0.16632074	0.93947947	-0.66209364
0.0	0.0	0.0	1.0
197	205	231
0.06760158	0.6884436	-0.72213262	0.26879892
-0.78393793	0.48435983	0.38837677	2.41079497
0.61714756	0.53985214	0.57244098	-2.34378529
0.0	0.0	0.0	1.0
196	242	232
-0.73028755	-0.37459767	0.57127583	3.91160583
0.54942042	0.17490146	0.81703502	-1.38268173
-0.4059768	0.91054124	0.07808323	0.9717688
0.0	0.0	0.0	1.0
197	242	233
-0.25643024	-0.58689052	0.76798588	2.3659277
0.76072419	0.36761683	0.53493571	-1.37463021
-0.59627354	0.72139966	0.35219407	0.9489392
0.0	0.0	0.0	1.0
201	203	234
0.63064271	0.34507892	-0.69513327	-0.36545345
-0.50970036	0.85961205	-0.03568324	1.34748578
0.58523142	0.37681314	0.71799493	-2.10928869
0.0	0.0	0.0	1.0
203	210	235
0.98603666	-0.15544859	0.05972476	1.41846704
0.11961485	0.91066933	0.39544132	0.41137019
-0.1158603	-0.38277569	0.91654736	0.86559463
0.0	0.0	0.0	1.0
215	222	236
0.68223065	0.53208858	-0.50144094	0.41213715
-0.32375377	0.83478564	0.44532713	1.14922214
0.65554959	-0.14147283	0.74178201	-0.5613426
0.0	0.0	0.0	1.0
232	237	237
0.93737507	0.20521425	-0.28145161	-0.74282444
0.10543031	0.60296178	0.79077333	1.41079462
0.33198258	-0.77092385	0.54356593	1.44740832
0.0	0.0	0.0	1.0
240	264	238
-0.17921813	0.69961822	-0.69167566	2.16625285
-0.73583287	0.37134105	0.56626469	1.17959261
0.65301657	0.61044276	0.4482511	-1.22814918
0.0	0.0	0.0	1.0
249	251	239
-0.27886146	-0.81862378	0.50208747	4.22285509
0.60341257	0.2573649	0.75475585	0.0797227
-0.74708045	0.51343834	0.4221985	0.9573217
0.0	0.0	0.0	1.0
257	260	240
0.64607191	-0.40778694	0.64521319	2.10348606
0.56134033	0.82663506	-0.03963818	-1.74741101
-0.51719183	0.38779306	0.76297349	0.83666319
0.0	0.0	0.0	1.0
257	264	241
0.49949652	-0.43972665	0.7464205	2.35779142
0.65399003	0.75646114	0.00799867	-1.28853333
-0.56815493	0.48415622	0.66542649	0.48743156
0.0	0.0	0.0	1.0
267	303	242
0.9710936	-0.18216662	0.15424702	0.92844397
0.18145217	0.98321944	0.01881854	0.2932395
-0.1550868	0.00971389	0.98785269	-0.66888845
0.0	0.0	0.0	1.0
269	296	243
0.42308089	0.51807964	-0.74336809	1.49453962
-0.60612106	0.77164674	0.19282007	0.51863909
0.67351317	0.36899248	0.64048761	-1.0772326
0.0	0.0	0.0	1.0
269	297	244
0.26418296	0.56848264	-0.77912402	2.07276964
-0.65106899	0.70110476	0.29079401	1.15236294
0.711559	0.43044066	0.55534178	-1.72018898
0.0	0.0	0.0	1.0
268	297	245
0.20093617	0.60954297	-0.76686507	1.8558836
-0.55801922	0.71462739	0.421808	1.48156488
0.80513293	0.34316897	0.48373148	-2.1034627
0.0	0.0	0.0	1.0
269	301	246
0.99459642	-0.01898268	-0.10206776	0.15967457
0.01223152	0.99772042	-0.06636723	-0.645711
0.10309495	0.0647601	0.99256098	-0.20227145
0.0	0.0	0.0	1.0
289	296	247
0.99442738	0.09152955	-0.05229967	-0.01488132
-0.09558256	0.99211061	-0.08112001	-1.03715861
0.04446217	0.08566701	0.9953317	0.79722685
0.0	0.0	0.0	1.0
289	297	248
0.96807724	0.18462645	-0.1695269	-0.51515716
-0.19431573	0.98002565	-0.04231822	-0.41099647
0.15832755	0.07390909	0.98461658	0.1327657
