12	16	1
0.6567377956755223	0.4276838063425641	-0.6211134934475283	-0.0613846976363251
-0.07118060090494799	0.8551065716060929	0.5135426248384427	0.1987878377631697
0.7507521990254097	-0.2930516426319345	0.5920236790141145	-0.665249449280623
0.0	0.0	0.0	1.0
13	15	2
0.9427638215926715	0.17478408952114852	-0.2839841742378701	-0.09367411251029442
-0.1266198351939086	0.9754777862821971	0.18002919016310745	0.15211834190405693
0.30848653024868705	-0.13376695833049304	0.9417762619995644	-0.2849407509657411
0.0	0.0	0.0	1.0
13	16	3
0.8675228534372456	0.28700907317537444	-0.4062386917889129	-0.0021933651578916525
-0.0609382844003182	0.8719042168029438	0.4858696759777707	0.19335869361963934
0.49365040725690346	-0.3967476159770842	0.77388672809874	-0.4323878572537091
0.0	0.0	0.0	1.0
13	21	4
0.7407667134946343	0.3902502442635181	-0.5467810464665054	0.7382240670085107
-0.17922695834055896	0.8992601140550963	0.39901003971870275	0.26821684894796183
0.6474123005166349	-0.19757541939192402	0.7360852475091075	-0.8141697951096801
0.0	0.0	0.0	1.0
19	25	5
0.985216416766333	0.012198425126533987	0.1708798594107399	1.3369884584037826
-0.051188746872216744	0.9728550098043014	0.22568304892106358	-0.02865012394285406
-0.1634883639617588	-0.23109383306322248	0.9590971221775602	-0.923892628641526
0.0	0.0	0.0	1.0
