12	16	1
0.6567377956755222	0.4276838063425641	-0.6211134934475282	-0.06138469763632532
-0.071180600904948	0.8551065716060929	0.5135426248384428	0.19878783776316958
0.7507521990254097	-0.2930516426319345	0.5920236790141145	-0.6652494492806229
0.0	0.0	0.0	1.0
13	15	2
0.9427638215926712	0.1747840895211485	-0.2839841742378701	-0.0936741125102942
-0.12661983519390863	0.9754777862821972	0.1800291901631074	0.15211834190405693
0.3084865302486871	-0.1337669583304931	0.9417762619995645	-0.2849407509657411
0.0	0.0	0.0	1.0
13	16	3
0.8675228534372454	0.28700907317537444	-0.4062386917889129	-0.0021933651578916525
-0.06093828440031821	0.8719042168029438	0.4858696759777707	0.19335869361963923
0.49365040725690346	-0.3967476159770842	0.77388672809874	-0.4323878572537091
0.0	0.0	0.0	1.0
13	21	4
0.7407667134946342	0.3902502442635181	-0.5467810464665055	0.7382240670085112
-0.179226958340559	0.8992601140550963	0.39901003971870286	0.26821684894796194
0.647412300516635	-0.19757541939192405	0.7360852475091079	-0.8141697951096803
0.0	0.0	0.0	1.0
19	25	5
0.985216416766333	0.012198425126534015	0.1708798594107399	1.3369884584037828
-0.051188746872216785	0.9728550098043014	0.22568304892106356	-0.028650123942853836
-0.16348836396175861	-0.2310938330632225	0.9590971221775602	-0.9238926286415261
0.0	0.0	0.0	1.0
