2	 3	 66	
 5.00000000e+03	  0.00000000e+00	  0.00000000e+00	  0.00000000e+00	  1.26888809e+04	 -4.24158301e+03	
 0.00000000e+00	  5.00000000e+03	  0.00000000e+00	 -1.26888809e+04	  0.00000000e+00	  3.92013867e+03	
 0.00000000e+00	  0.00000000e+00	  5.00000000e+03	  4.24158301e+03	 -3.92013867e+03	  0.00000000e+00	
 0.00000000e+00	 -1.26888809e+04	  4.24158301e+03	  3.68974023e+04	 -3.45563330e+03	 -9.81096289e+03	
 1.26888809e+04	  0.00000000e+00	 -3.92013867e+03	 -3.45563330e+03	  3.72564609e+04	 -1.05228301e+04	
-4.24158301e+03	  3.92013867e+03	  0.00000000e+00	 -9.81096289e+03	 -1.05228301e+04	  7.80456348e+03	
4	 46	 66	
 5.00000000e+03	  0.00000000e+00	  0.00000000e+00	  0.00000000e+00	  1.59464160e+04	 -2.82331836e+03	
 0.00000000e+00	  5.00000000e+03	  0.00000000e+00	 -1.59464160e+04	  0.00000000e+00	 -5.04175098e+03	
 0.00000000e+00	  0.00000000e+00	  5.00000000e+03	  2.82331836e+03	  5.04175098e+03	  0.00000000e+00	
 0.00000000e+00	 -1.59464160e+04	  2.82331836e+03	  5.30584336e+04	  2.75492090e+03	  1.61789521e+04	
 1.59464160e+04	  0.00000000e+00	  5.04175098e+03	  2.75492090e+03	  5.66920273e+04	 -8.81480078e+03	
-2.82331836e+03	 -5.04175098e+03	  0.00000000e+00	  1.61789521e+04	 -8.81480078e+03	  7.36596729e+03	
4	 47	 66	
 5.00000000e+03	  0.00000000e+00	  0.00000000e+00	  0.00000000e+00	  1.59897500e+04	 -2.70839355e+03	
 0.00000000e+00	  5.00000000e+03	  0.00000000e+00	 -1.59897500e+04	  0.00000000e+00	 -4.34633398e+03	
 0.00000000e+00	  0.00000000e+00	  5.00000000e+03	  2.70839355e+03	  4.34633398e+03	  0.00000000e+00	
 0.00000000e+00	 -1.59897500e+04	  2.70839355e+03	  5.32000117e+04	  2.21616919e+03	  1.39852490e+04	
 1.59897500e+04	  0.00000000e+00	  4.34633398e+03	  2.21616919e+03	  5.58712695e+04	 -8.47737207e+03	
-2.70839355e+03	 -4.34633398e+03	  0.00000000e+00	  1.39852490e+04	 -8.47737207e+03	  6.11545117e+03	
4	 48	 66	
 5.00000000e+03	  0.00000000e+00	  0.00000000e+00	  0.00000000e+00	  1.56976523e+04	 -3.05095728e+03	
 0.00000000e+00	  5.00000000e+03	  0.00000000e+00	 -1.56976523e+04	  0.00000000e+00	 -4.55759814e+03	
 0.00000000e+00	  0.00000000e+00	  5.00000000e+03	  3.05095728e+03	  4.55759814e+03	  0.00000000e+00	
 0.00000000e+00	 -1.56976523e+04	  3.05095728e+03	  5.17560820e+04	  2.66546875e+03	  1.44718906e+04	
 1.56976523e+04	  0.00000000e+00	  4.55759814e+03	  2.66546875e+03	  5.43986836e+04	 -9.39190723e+03	
-3.05095728e+03	 -4.55759814e+03	  0.00000000e+00	  1.44718906e+04	 -9.39190723e+03	  6.77741504e+03	
12	 54	 66	
 5.00000000e+03	  0.00000000e+00	  0.00000000e+00	  0.00000000e+00	  1.26335059e+04	 -4.18930469e+03	
 0.00000000e+00	  5.00000000e+03	  0.00000000e+00	 -1.26335059e+04	  0.00000000e+00	 -1.90054642e+02	
 0.00000000e+00	  0.00000000e+00	  5.00000000e+03	  4.18930469e+03	  1.90054642e+02	  0.00000000e+00	
 0.00000000e+00	 -1.26335059e+04	  4.18930469e+03	  3.65367148e+04	  4.27350540e+01	  4.89363953e+02	
 1.26335059e+04	  0.00000000e+00	  1.90054642e+02	  4.27350540e+01	  3.38277461e+04	 -1.05738154e+04	
-4.18930469e+03	 -1.90054642e+02	  0.00000000e+00	  4.89363953e+02	 -1.05738154e+04	  4.48923584e+03	
13	 54	 66	
 5.00000000e+03	  0.00000000e+00	  0.00000000e+00	  0.00000000e+00	  1.16746855e+04	 -1.41488843e+03	
 0.00000000e+00	  5.00000000e+03	  0.00000000e+00	 -1.16746855e+04	  0.00000000e+00	  2.76389746e+03	
 0.00000000e+00	  0.00000000e+00	  5.00000000e+03	  1.41488843e+03	 -2.76389746e+03	  0.00000000e+00	
 0.00000000e+00	 -1.16746855e+04	  1.41488843e+03	  2.84379336e+04	 -7.18755249e+02	 -6.70666504e+03	
 1.16746855e+04	  0.00000000e+00	 -2.76389746e+03	 -7.18755249e+02	  2.98858125e+04	 -3.13734009e+03	
-1.41488843e+03	  2.76389746e+03	  0.00000000e+00	 -6.70666504e+03	 -3.13734009e+03	  2.32577490e+03	
13	 55	 66	
 5.00000000e+03	  0.00000000e+00	  0.00000000e+00	  0.00000000e+00	  1.18358809e+04	 -1.43058228e+03	
 0.00000000e+00	  5.00000000e+03	  0.00000000e+00	 -1.18358809e+04	  0.00000000e+00	  1.75930396e+03	
 0.00000000e+00	  0.00000000e+00	  5.00000000e+03	  1.43058228e+03	 -1.75930396e+03	  0.00000000e+00	
 0.00000000e+00	 -1.18358809e+04	  1.43058228e+03	  2.98363867e+04	 -3.97820923e+02	 -4.50054053e+03	
 1.18358809e+04	  0.00000000e+00	 -1.75930396e+03	 -3.97820923e+02	  3.06321582e+04	 -3.08826221e+03	
-1.43058228e+03	  1.75930396e+03	  0.00000000e+00	 -4.50054053e+03	 -3.08826221e+03	  1.79920312e+03	
14	 18	 66	
 5.00000000e+03	  0.00000000e+00	  0.00000000e+00	  0.00000000e+00	  1.13215645e+04	 -6.32946387e+03	
 0.00000000e+00	  5.00000000e+03	  0.00000000e+00	 -1.13215645e+04	  0.00000000e+00	 -5.28635254e+03	
 0.00000000e+00	  0.00000000e+00	  5.00000000e+03	  6.32946387e+03	  5.28635254e+03	  0.00000000e+00	
 0.00000000e+00	 -1.13215645e+04	  6.32946387e+03	  3.45542852e+04	  6.66295605e+03	  1.20549785e+04	
 1.13215645e+04	  0.00000000e+00	  5.28635254e+03	  6.66295605e+03	  3.23681113e+04	 -1.44038330e+04	
-6.32946387e+03	 -5.28635254e+03	  0.00000000e+00	  1.20549785e+04	 -1.44038330e+04	  1.39777158e+04	
14	 57	 66	
 5.00000000e+03	  0.00000000e+00	  0.00000000e+00	  0.00000000e+00	  1.39516992e+04	 -5.82643555e+03	
 0.00000000e+00	  5.00000000e+03	  0.00000000e+00	 -1.39516992e+04	  0.00000000e+00	 -3.42767993e+03	
 0.00000000e+00	  0.00000000e+00	  5.00000000e+03	  5.82643555e+03	  3.42767993e+03	  0.00000000e+00	
 0.00000000e+00	 -1.39516992e+04	  5.82643555e+03	  4.71864766e+04	  4.43176904e+03	  9.81203027e+03	
 1.39516992e+04	  0.00000000e+00	  3.42767993e+03	  4.43176904e+03	  4.39573008e+04	 -1.63983164e+04	
-5.82643555e+03	 -3.42767993e+03	  0.00000000e+00	  9.81203027e+03	 -1.63983164e+04	  1.08519297e+04	
16	 61	 66	
 4.90300000e+03	  0.00000000e+00	  0.00000000e+00	  0.00000000e+00	  1.60333613e+04	 -3.62118872e+03	
 0.00000000e+00	  4.90300000e+03	  0.00000000e+00	 -1.60333613e+04	  0.00000000e+00	 -5.41506445e+03	
 0.00000000e+00	  0.00000000e+00	  4.90300000e+03	  3.62118872e+03	  5.41506445e+03	  0.00000000e+00	
 0.00000000e+00	 -1.60333613e+04	  3.62118872e+03	  5.59633672e+04	  3.57579736e+03	  1.77487812e+04	
 1.60333613e+04	  0.00000000e+00	  5.41506445e+03	  3.57579736e+03	  5.91283555e+04	 -1.18286367e+04	
-3.62118872e+03	 -5.41506445e+03	  0.00000000e+00	  1.77487812e+04	 -1.18286367e+04	  9.89611523e+03	
22	 23	 66	
 5.00000000e+03	  0.00000000e+00	  0.00000000e+00	  0.00000000e+00	  1.55570420e+04	 -1.88443591e+03	
 0.00000000e+00	  5.00000000e+03	  0.00000000e+00	 -1.55570420e+04	  0.00000000e+00	 -1.35437170e+03	
 0.00000000e+00	  0.00000000e+00	  5.00000000e+03	  1.88443591e+03	  1.35437170e+03	  0.00000000e+00	
 0.00000000e+00	 -1.55570420e+04	  1.88443591e+03	  5.04064297e+04	  9.50176331e+02	  4.00278931e+03	
 1.55570420e+04	  0.00000000e+00	  1.35437170e+03	  9.50176331e+02	  5.09519961e+04	 -5.62599219e+03	
-1.88443591e+03	 -1.35437170e+03	  0.00000000e+00	  4.00278931e+03	 -5.62599219e+03	  3.54088696e+03	
22	 24	 66	
 5.00000000e+03	  0.00000000e+00	  0.00000000e+00	  0.00000000e+00	  1.55452305e+04	 -2.11152979e+03	
 0.00000000e+00	  5.00000000e+03	  0.00000000e+00	 -1.55452305e+04	  0.00000000e+00	 -2.89313867e+03	
 0.00000000e+00	  0.00000000e+00	  5.00000000e+03	  2.11152979e+03	  2.89313867e+03	  0.00000000e+00	
 0.00000000e+00	 -1.55452305e+04	  2.11152979e+03	  5.04038008e+04	  1.50575061e+03	  8.96265527e+03	
 1.55452305e+04	  0.00000000e+00	  2.89313867e+03	  1.50575061e+03	  5.15585352e+04	 -6.32430225e+03	
-2.11152979e+03	 -2.89313867e+03	  0.00000000e+00	  8.96265527e+03	 -6.32430225e+03	  4.45656445e+03	
23	 24	 66	
 5.00000000e+03	  0.00000000e+00	  0.00000000e+00	  0.00000000e+00	  1.47957246e+04	 -6.57624072e+03	
 0.00000000e+00	  5.00000000e+03	  0.00000000e+00	 -1.47957246e+04	  0.00000000e+00	 -1.75072974e+03	
 0.00000000e+00	  0.00000000e+00	  5.00000000e+03	  6.57624072e+03	  1.75072974e+03	  0.00000000e+00	
 0.00000000e+00	 -1.47957246e+04	  6.57624072e+03	  5.34124648e+04	  2.54791748e+03	  5.01101416e+03	
 1.47957246e+04	  0.00000000e+00	  1.75072974e+03	  2.54791748e+03	  4.73770742e+04	 -1.93369023e+04	
-6.57624072e+03	 -1.75072974e+03	  0.00000000e+00	  5.01101416e+03	 -1.93369023e+04	  1.18630039e+04	
39	 48	 66	
 5.00000000e+03	  0.00000000e+00	  0.00000000e+00	  0.00000000e+00	  9.73627246e+03	 -2.62297363e+03	
 0.00000000e+00	  5.00000000e+03	  0.00000000e+00	 -9.73627246e+03	  0.00000000e+00	  3.67723907e+02	
 0.00000000e+00	  0.00000000e+00	  5.00000000e+03	  2.62297363e+03	 -3.67723907e+02	  0.00000000e+00	
 0.00000000e+00	 -9.73627246e+03	  2.62297363e+03	  2.09437148e+04	 -2.70686829e+02	 -3.77919098e+02	
 9.73627246e+03	  0.00000000e+00	 -3.67723907e+02	 -2.70686829e+02	  2.05652871e+04	 -4.96771338e+03	
-2.62297363e+03	  3.67723907e+02	  0.00000000e+00	 -3.77919098e+02	 -4.96771338e+03	  2.75095312e+03	
56	 57	 66	
 5.00000000e+03	  0.00000000e+00	  0.00000000e+00	  0.00000000e+00	  1.31733975e+04	 -1.35211401e+03	
 0.00000000e+00	  5.00000000e+03	  0.00000000e+00	 -1.31733975e+04	  0.00000000e+00	 -3.83158154e+03	
 0.00000000e+00	  0.00000000e+00	  5.00000000e+03	  1.35211401e+03	  3.83158154e+03	  0.00000000e+00	
 0.00000000e+00	 -1.31733975e+04	  1.35211401e+03	  3.70682969e+04	  1.34269604e+03	  1.03582031e+04	
 1.31733975e+04	  0.00000000e+00	  3.83158154e+03	  1.34269604e+03	  3.99878984e+04	 -3.12263330e+03	
-1.35211401e+03	 -3.83158154e+03	  0.00000000e+00	  1.03582031e+04	 -3.12263330e+03	  4.85326172e+03	
