2	3	1
0.8732552967430001	-0.197770727197	0.44532841144499996	-0.13713247945699997
0.184413416504	0.980087564963	0.07363592119100003	0.06844091133700005
-0.451023550987	0.017820231502999998	0.89233814651	-0.05506276917200002
0.0	0.0	0.0	1.0
4	46	2
0.7208241944730001	0.144022556207	-0.677998320403	-0.0676020156199999
-0.10218204227399999	0.989564604898	0.101571639226	-0.20373526283199997
0.685548202432	-0.003937218264000026	0.7280218560380001	0.948423895672
0.0	0.0	0.0	1.0
4	47	3
0.83880499971	0.23672246274300002	-0.49028278437899997	-0.3023803739379999
-0.039497200674	0.9246089368800001	0.37885647169200004	-0.03724410548600009
0.5430015998650001	-0.2984248477409999	0.784920085211	0.568554040535
0.0	0.0	0.0	1.0
4	48	4
0.879503771843	0.291206444308	-0.37640804707200004	-0.29860019035400004
-0.07919945054	0.869460844268	0.4876053561360001	0.07127211738800007
0.469262413325	-0.39904322879399995	0.787759273304	0.2134797760040001
0.0	0.0	0.0	1.0
12	54	5
0.910663257965	-0.051967220334999994	0.40987560394799993	-0.33318796302600007
0.005321436492000002	0.993448691102	0.11413621307300001	0.0018691076589999363
-0.41312320687099996	-0.101754179545	0.9049793012409999	-0.06277466104299999
0.0	0.0	0.0	1.0
13	54	6
0.558819263412	-0.07488518805	0.825906747634	-0.603190683382
0.170240853292	0.98505962872	-0.025869649852999978	-0.01994604837499992
-0.8116320202220001	0.155059387682	0.5632238735449999	0.09662890308700006
0.0	0.0	0.0	1.0
13	55	7
0.727641359682	-0.103969628986	0.678040559729	-0.592189156526
0.158283942831	0.987218428003	-0.018482340728000018	0.0004780633779999568
-0.667452358911	0.12077241503900002	0.73479998691	0.0456478776060001
0.0	0.0	0.0	1.0
14	18	8
0.461429627187	0.25774694789599994	-0.848915222103	0.6606778773830001
-0.056984794079000006	0.9635025857930001	0.26156081207299997	0.017709863337999905
0.8853503475119999	-0.07231425130299998	0.459274756915	0.3890907610289999
0.0	0.0	0.0	1.0
14	57	9
0.998200513631	-0.05954822849100002	0.007809006496000094	-0.5016267274399999
0.053770401714	0.943988942381	0.325561083111	0.060727334609999906
-0.026753752967	-0.32455291163999994	0.945493306151	0.266579695998
0.0	0.0	0.0	1.0
16	61	10
0.6820588940919999	0.346172739199	-0.644185085349	0.838156029098
-0.010080835572999988	0.8852364962189999	0.465026982662	-0.1324775674910001
0.731233623675	-0.31067918026999997	0.607272679445	2.536882056903
0.0	0.0	0.0	1.0
22	23	11
0.998424282557	0.016695176316000006	-0.053676904891000035	-0.344897427525
-0.03128690024399999	0.958322910683	-0.28396086091199996	0.029084324916999887
0.046695699773999975	0.285187625731	0.957335159994	0.06451915373300014
0.0	0.0	0.0	1.0
22	24	12
0.98936147592	0.09215715944100002	-0.11260619024400001	-0.6611340590350001
-0.09247096219199999	0.99571043406	0.002416572682000069	-0.07497832314999998
0.11234292571499999	0.008015572976999985	0.9936392345809999	0.3996000959620001
0.0	0.0	0.0	1.0
23	24	13
0.9959364364129999	0.06123124780600001	-0.06610326284900002	-0.29683313819900004
-0.04006197350599999	0.958039290587	0.283812024268	-0.009443371500999912
0.080704343981	-0.280013449094	0.9566014682949999	0.36730727370099986
0.0	0.0	0.0	1.0
39	48	14
0.9741563720190001	-0.14128332999199994	0.17625942019799998	-1.0705046048190001
0.09039908352600004	0.9588900539599999	0.26898369352400003	0.5760993432340001
-0.207021638692	-0.24610585328199996	0.9468832280999999	-0.9317851922909998
0.0	0.0	0.0	1.0
56	57	15
0.8808537999880001	0.19319519652300002	-0.432179156653	0.092395182731
-0.18119964840500002	0.981003263806	0.06922417538299999	-0.09598414105399991
0.43735436146	0.017330506426	0.8991313920860001	0.2085027096900001
0.0	0.0	0.0	1.0
