8	24	1
0.8554525425680881	0.07740087959710196	-0.5120644565168544	0.3147698671445745
0.17669539114420743	0.885814681221965	0.4290814401672245	0.12627627166761524
0.48680562123594373	-0.45753830502846193	0.744096085389061	-0.42170395761421053
0.0	0.0	0.0	1.0
21	24	2
0.9991533789499989	0.04061108486883048	0.006590755875801542	0.283465098498261
-0.03773723406009442	0.8408088986727977	0.5400150868192961	0.23328951694836447
0.016389159770967325	-0.5398066795154568	0.8416294712931282	-0.2372528459035271
0.0	0.0	0.0	1.0
21	25	3
0.9996901995133735	0.013026298378943073	-0.021210229515344736	0.2921503757006655
0.004652386252338496	0.7393228108096322	0.6733351601559457	0.25414800608501964
0.024452250906547887	-0.6732252980558032	0.7390329282412461	-0.35416781915785744
0.0	0.0	0.0	1.0
21	40	4
0.9648613186689993	0.16153352659734102	-0.2072426471504768	1.7392657496769461
-0.01948087584423916	0.8305215696575531	0.5566456674727246	0.14749049143475232
0.26203652034486175	-0.53304868214082	0.8044848764876189	-0.6246350861625537
0.0	0.0	0.0	1.0
21	41	5
0.794584607157145	0.2872416380624679	-0.5349088326289699	1.712179224979299
0.08192575136713685	0.8222300575516682	0.563227919777374	0.32008248421967334
0.6016008468007777	-0.4913551709178561	0.6297988205956231	0.04249660968020001
0.0	0.0	0.0	1.0
22	24	6
0.9644892313001753	0.021696224046575972	0.2632296745214496	0.21010600600864385
-0.11259091226320189	0.9353059397720809	0.33544894233130695	0.1309100578016986
-0.23892225887356533	-0.3531741999703256	0.9045353641995428	-0.1733404411745194
0.0	0.0	0.0	1.0
22	25	7
0.9700839175073417	-0.011072534579047265	0.24251708657410626	0.2222180046411956
-0.11325064512412852	0.8629639650052794	0.4924099295222634	0.16114552207722366
-0.21473580108289894	-0.5051442135482668	0.8358933938710075	-0.27411837661357147
0.0	0.0	0.0	1.0
22	26	8
0.9916151543232028	0.07070711667974133	-0.10816673145404491	0.2784992526695255
0.0022148355330810173	0.8276089233362633	0.5613009980868786	0.21230271886611865
0.12920770541483664	-0.5568340831664793	0.8205129574142618	-0.23746358885006233
0.0	0.0	0.0	1.0
22	34	9
0.9728280256664869	0.12465697480272468	-0.1951057766455394	0.8490100168192398
-0.15727613418559372	0.9742171508850223	-0.16175659097518183	0.07140713731888979
0.16991134105707303	0.18804682512428675	0.9673513981765767	-0.4283802703596431
0.0	0.0	0.0	1.0
22	36	10
0.9457514955162111	-0.00590986034852852	0.32483690787179925	0.8951710800558151
0.06006219896825691	0.9857809952503489	-0.15693431761922344	0.27430550642830287
-0.3192906929367707	0.16793130467378292	0.932658907669085	-0.9205807200141575
0.0	0.0	0.0	1.0
22	37	11
0.9076808134295048	0.008506448292992672	0.41957495223341434	0.9572087387317321
0.037019886613776885	0.9942739237698316	-0.10024430069219778	0.2714884616093853
-0.41802517378565207	0.10652243292891429	0.9021684984589533	-1.1174365863502487
0.0	0.0	0.0	1.0
22	38	12
0.9364988819936888	0.019301024128276632	0.3501391184172968	1.1558999482100618
-0.02326501135326627	0.9997039954561027	0.007118164368050968	0.1948757276178357
-0.34989817927340905	-0.014812138457268014	0.9366706356364439	-1.1095596674778578
0.0	0.0	0.0	1.0
22	39	13
0.9756219188773871	0.0850660245080358	0.20230078149439476	1.453944159242549
-0.11720088799350226	0.9813171303036057	0.15257978381474918	0.059586155422849715
-0.18554186202250447	-0.17257002075133882	0.9673643627361531	-0.9046368755937801
0.0	0.0	0.0	1.0
22	40	14
0.9949565398791016	0.09614344184491161	0.028597483994031895	1.653733478041115
-0.0999971069519581	0.9283500973579281	0.35800359222037836	0.045100762137587055
0.007871214036133906	-0.35905771136643483	0.9332821503816138	-0.5782829491392671
0.0	0.0	0.0	1.0
22	41	15
0.9237729804168566	0.15423469269117338	-0.35050688957747067	1.6234074487051802
-0.004531700181182627	0.9196425591130871	0.3927298481471771	0.21176941761986878
0.3829137286337623	-0.36120489592346905	0.8502400007308459	0.060821289760096965
0.0	0.0	0.0	1.0
22	42	16
0.659298054790724	0.18536616782437398	-0.7286736379890316	1.2326310892543815
0.08231537586432333	0.9455132346291747	0.3150059238022451	0.3814575040052315
0.7473620958991039	-0.26766387920729534	0.6081165967391418	0.6684420802675256
0.0	0.0	0.0	1.0
24	34	17
0.8896290783465294	-0.05838722774884674	-0.4529359843791865	0.5912249799910874
-0.1731334024781413	0.874637945652896	-0.4528060834267243	-0.08520500867661648
0.4225930867793489	0.48124790313709953	0.7679945802858479	-0.44704530532177034
0.0	0.0	0.0	1.0
30	34	18
0.7648714488416444	-0.003678070204669165	0.6441724345277112	0.6106022067485861
0.21176555950267437	0.9458424800541069	-0.24604367785258238	-0.07601294218500113
-0.608380778466259	0.32460535369086735	0.7242267755259706	-0.2985535908561498
0.0	0.0	0.0	1.0
30	40	19
0.600273832795974	0.0023492918446126713	0.7997910039648264	1.4592753873086703
-0.1632875219492856	0.979292923666846	0.11967696045616275	-0.004335274630111646
-0.7829486324119727	-0.2024348568944198	0.5882275011732214	-0.34340414554329274
0.0	0.0	0.0	1.0
31	34	20
0.8357152904171479	-0.03768728635064891	0.5478680396028799	0.5610787348157826
0.17199868122681544	0.9654104755896616	-0.19595636699492397	-0.06613717594881056
-0.5215326570923857	0.2579963298723776	0.8132906050080089	-0.15976677868113254
0.0	0.0	0.0	1.0
31	40	21
0.6906357148163006	-0.046414013034748125	0.7217116332782142	1.4401682529962294
-0.15745482989651158	0.9643491215622436	0.21269328530531878	0.07665994688109484
-0.7058541611418043	-0.2605306113904266	0.6587059600021685	-0.22139361057378973
0.0	0.0	0.0	1.0
32	34	22
0.9281614503541109	-0.06358419610602885	0.3667059965544441	0.439777152762995
0.10334847307702691	0.9905810406457999	-0.08982344762544621	-0.042635088337923815
-0.3575406953632277	0.12126912748128714	0.9259906307994987	-0.055759213935200766
0.0	0.0	0.0	1.0
32	40	23
0.8205636441067721	-0.10271235717171566	0.5622502142837817	1.3427364727299425
-0.13876409181442184	0.9184866383024891	0.37030612881192493	0.15556872009011125
-0.5544544022025738	-0.3818799381084793	0.7394240994109148	-0.11958778599623504
0.0	0.0	0.0	1.0
33	35	24
0.8761309938550771	-0.1469760103035745	0.4591212510567853	0.4286020056695068
0.16467064830115152	0.9863473910701618	0.0015166229906344582	0.015435640706438655
-0.45307592543414327	0.07427506569392292	0.8883722626942299	-0.08750128693853432
0.0	0.0	0.0	1.0
33	38	25
0.7216629244838614	-0.20078510964298496	0.662486194741133	0.8654971427577745
0.1112359361546209	0.9782104690490688	0.1753020933820806	0.12430892334297569
-0.6832490251649287	-0.05281671256754759	0.7282726151462886	-0.4152779349787847
0.0	0.0	0.0	1.0
33	39	26
0.8233906244242453	-0.12752153624709597	0.552961125892367	1.0567425795251328
-0.03317178555665215	0.9619417445458629	0.2712335370585369	0.11855283576955199
-0.5665045045206009	-0.2416738945876634	0.7878237146090314	-0.26425077906663086
0.0	0.0	0.0	1.0
33	40	27
0.9096653558225581	-0.1008455151871219	0.40291304203798023	1.1504390468080805
-0.10403774768259559	0.8838253227974304	0.45610173491108885	0.21241470496406364
-0.4021005795092676	-0.4568182022189565	0.7934935857387638	-0.03972816719984979
0.0	0.0	0.0	1.0
33	41	28
0.9991061769441892	0.012240302412762543	0.040457897794454835	0.9438283937241334
-0.031542712576738366	0.8530602469393848	0.5208578702679423	0.34987305815030156
-0.02813747806157249	-0.5216686319462394	0.8526839739465174	0.3615539930366671
0.0	0.0	0.0	1.0
34	39	29
0.9202463650148909	-0.1032927159267504	0.377461475047488	0.8417186632848291
-0.0214574645473569	0.9497680693341535	0.312218035980794	0.14373158547566808
-0.3907507796546649	-0.29541690916950664	0.8718041839219579	-0.17832696177849752
0.0	0.0	0.0	1.0
34	40	30
0.9743270242533513	-0.06744413059010466	0.21479762422822357	0.9233511314262345
-0.05140323144794483	0.8622322846306335	0.5038978397468074	0.24303297420874745
-0.2191904765142836	-0.5020026439561932	0.8366293648891564	0.0020540462662012498
0.0	0.0	0.0	1.0
34	41	31
0.9862846047623285	0.06166745653595777	-0.1531004643272113	0.716053224989712
0.03360744234368089	0.8331176245938471	0.5520735506549295	0.36024323469621544
0.1615957359450641	-0.5496470797800702	0.8196186266178339	0.31398206463258965
0.0	0.0	0.0	1.0
35	40	32
0.9967940398285332	0.05093757930669849	-0.06170109083738152	0.7170259717527949
-0.011645827984883615	0.8553186398211906	0.5179713566428739	0.24952690926689702
0.07915824400301046	-0.5155922556140303	0.8531697179408386	0.008956396118929899
0.0	0.0	0.0	1.0
42	47	33
0.5383607519772974	-0.2062171008393621	-0.8170938782541074	-0.034786696012939
0.16457973065823167	0.9766553802897333	-0.13804993690064038	-0.05589282428889428
0.8264873539964546	-0.06015642444253622	0.5597320586469371	-0.08332138103550857
0.0	0.0	0.0	1.0
43	46	34
0.8938284997857737	-0.09548492019390621	-0.4381246440233136	0.022970941247996007
0.17225845828872918	0.9752109923081222	0.13889094887702477	0.06567244868142494
0.4140019977885131	-0.19961543348016442	0.8881193405992444	0.09307092446561839
0.0	0.0	0.0	1.0
43	47	35
0.7945922763758235	-0.15284580758250843	-0.5875893726102303	-0.021433101651606817
0.14250508006115073	0.9877086283760403	-0.0642177933219296	-0.031810632886619686
0.5901825641760876	-0.03270752297234366	0.8066069622950229	0.07376906333747765
0.0	0.0	0.0	1.0
43	48	36
0.7772085812497427	-0.18583233700933605	-0.6011763313575329	-0.02376118994043516
0.035770387080818096	0.9668994156240904	-0.2526382298092775	-0.15900323725443757
0.628225490546831	0.1748483248298124	0.7581298935933618	-0.0026832729971225503
0.0	0.0	0.0	1.0
44	47	37
0.9442657211380978	-0.18410357711680916	-0.2728886243383464	-0.004899707034807227
0.16308083916488061	0.9817314349973323	-0.09802026943420965	-0.0680484323248758
0.2859492595627136	0.048054281075910435	0.9570390739480116	0.144546355786052
0.0	0.0	0.0	1.0
44	48	38
0.9321880054461839	-0.2184876956344287	-0.2885975581462551	-0.007427450483213551
0.12540757333337055	0.942847832277153	-0.30872472430361086	-0.20906977807519547
0.3395561925355439	0.25159722278637553	0.9063114972743792	0.05914315500999069
0.0	0.0	0.0	1.0
45	47	39
0.9499349541622424	-0.21950091301448124	-0.22235769772256672	-0.005488561874658388
0.158737301704862	0.9520205321509976	-0.2616472287785191	-0.11740254981792943
0.2691209502296322	0.2132513716686919	0.9392006003571363	0.03770775315738348
0.0	0.0	0.0	1.0
45	48	40
0.9383401829328089	-0.2561685292579632	-0.2321534382592343	-0.004176903063073691
0.12493790198328211	0.877409834186041	-0.46318735276453876	-0.23437829382362
0.3223478031024385	0.4056225885127776	0.855314160311607	-0.05574625891548256
0.0	0.0	0.0	1.0
