8	24	1
0.8554525425680882	0.077400879597102	-0.5120644565168543	0.3147698671445745
0.17669539114420743	0.885814681221965	0.42908144016722444	0.12627627166761501
0.48680562123594373	-0.45753830502846204	0.7440960853890609	-0.42170395761421053
0.0	0.0	0.0	1.0
21	24	2
0.999153378949999	0.04061108486883049	0.006590755875801592	0.283465098498261
-0.03773723406009442	0.8408088986727977	0.5400150868192961	0.23328951694836425
0.016389159770967325	-0.5398066795154568	0.8416294712931282	-0.2372528459035271
0.0	0.0	0.0	1.0
21	25	3
0.9996901995133735	0.013026298378943268	-0.021210229515344955	0.2921503757006655
0.004652386252338468	0.7393228108096324	0.6733351601559459	0.25414800608502
0.02445225090654784	-0.6732252980558032	0.7390329282412461	-0.3541678191578568
0.0	0.0	0.0	1.0
21	40	4
0.9648613186689992	0.16153352659734105	-0.20724264715047683	1.739265749676947
-0.01948087584423916	0.8305215696575531	0.5566456674727246	0.14749049143475232
0.26203652034486175	-0.5330486821408199	0.8044848764876189	-0.6246350861625537
0.0	0.0	0.0	1.0
21	41	5
0.7945846071571453	0.287241638062468	-0.5349088326289703	1.7121792249792964
0.08192575136713688	0.8222300575516683	0.563227919777374	0.3200824842196735
0.601600846800778	-0.49135517091785613	0.6297988205956232	0.04249660968019957
0.0	0.0	0.0	1.0
22	24	6
0.9644892313001753	0.021696224046576014	0.26322967452144974	0.21010600600864385
-0.11259091226320186	0.9353059397720809	0.33544894233130695	0.13091005780169837
-0.23892225887356533	-0.35317419997032573	0.9045353641995428	-0.1733404411745194
0.0	0.0	0.0	1.0
22	25	7
0.9700839175073418	-0.011072534579047132	0.24251708657410603	0.2222180046411956
-0.11325064512412852	0.8629639650052795	0.4924099295222635	0.161145522077224
-0.214735801082899	-0.5051442135482668	0.8358933938710075	-0.2741183766135708
0.0	0.0	0.0	1.0
22	26	8
0.9916151543232028	0.07070711667974136	-0.10816673145404498	0.2784992526695255
0.0022148355330810577	0.8276089233362633	0.5613009980868787	0.21230271886611857
0.12920770541483667	-0.5568340831664793	0.8205129574142619	-0.23746358885006258
0.0	0.0	0.0	1.0
22	34	50
0.97282803	0.12465697	-0.19510578	0.84901002
-0.15727613	0.97421715	-0.16175659	0.07140714
0.16991134	0.18804683	0.96735140	-0.42838027
0.00000000	0.00000000	0.00000000	1.00000000
22	36	9
0.9457514955162112	-0.005909860348528534	0.3248369078717995	0.8951710800558151
0.060062198968256944	0.9857809952503488	-0.15693431761922344	0.27430550642830276
-0.3192906929367708	0.16793130467378292	0.9326589076690849	-0.9205807200141575
0.0	0.0	0.0	1.0
22	37	10
0.9076808134295047	0.008506448292992779	0.41957495223341434	0.9572087387317303
0.0370198866137769	0.9942739237698316	-0.10024430069219777	0.2714884616093852
-0.4180251737856521	0.10652243292891438	0.9021684984589531	-1.1174365863502482
0.0	0.0	0.0	1.0
22	38	11
0.9364988819936887	0.019301024128276594	0.35013911841729695	1.1558999482100627
-0.023265011353266255	0.9997039954561028	0.00711816436805095	0.19487572761783586
-0.34989817927340905	-0.014812138457267986	0.936670635636444	-1.1095596674778578
0.0	0.0	0.0	1.0
22	39	12
0.9756219188773873	0.08506602450803587	0.20230078149439445	1.4539441592425482
-0.11720088799350228	0.9813171303036058	0.1525797838147492	0.059586155422849826
-0.18554186202250442	-0.17257002075133884	0.9673643627361533	-0.9046368755937801
0.0	0.0	0.0	1.0
22	40	13
0.9949565398791015	0.09614344184491165	0.02859748399403182	1.653733478041116
-0.0999971069519581	0.9283500973579281	0.35800359222037836	0.045100762137587055
0.007871214036133906	-0.3590577113664348	0.9332821503816138	-0.5782829491392671
0.0	0.0	0.0	1.0
22	41	14
0.9237729804168571	0.1542346926911734	-0.3505068895774709	1.6234074487051766
-0.0045317001811826145	0.9196425591130872	0.39272984814717715	0.21176941761986898
0.38291372863376244	-0.36120489592346916	0.850240000730846	0.0608212897600963
0.0	0.0	0.0	1.0
22	42	15
0.6592980547907242	0.18536616782437404	-0.7286736379890317	1.2326310892543806
0.08231537586432333	0.9455132346291747	0.31500592380224507	0.3814575040052313
0.747362095899104	-0.26766387920729534	0.6081165967391415	0.6684420802675247
0.0	0.0	0.0	1.0
24	34	16
0.8896290783465297	-0.05838722774884666	-0.4529359843791864	0.5912249799910847
-0.17313340247814132	0.874637945652896	-0.45280608342672435	-0.08520500867661637
0.42259308677934904	0.48124790313709964	0.767994580285848	-0.4470453053217709
0.0	0.0	0.0	1.0
30	34	17
0.7648714488416445	-0.003678070204669092	0.6441724345277116	0.6106022067485843
0.2117655595026744	0.9458424800541069	-0.2460436778525824	-0.07601294218500124
-0.608380778466259	0.3246053536908674	0.7242267755259707	-0.2985535908561504
0.0	0.0	0.0	1.0
30	40	18
0.600273832795974	0.002349291844612712	0.7997910039648263	1.4592753873086712
-0.1632875219492856	0.979292923666846	0.11967696045616275	-0.004335274630111646
-0.7829486324119727	-0.20243485689441978	0.5882275011732214	-0.34340414554329274
0.0	0.0	0.0	1.0
31	34	19
0.835715290417148	-0.03768728635064886	0.5478680396028802	0.5610787348157809
0.17199868122681547	0.9654104755896616	-0.19595636699492402	-0.06613717594881056
-0.5215326570923857	0.25799632987237764	0.813290605008009	-0.15976677868113265
0.0	0.0	0.0	1.0
31	40	20
0.6906357148163006	-0.04641401303474807	0.7217116332782141	1.4401682529962294
-0.15745482989651158	0.9643491215622436	0.21269328530531878	0.07665994688109484
-0.7058541611418043	-0.26053061139042655	0.6587059600021685	-0.22139361057378973
0.0	0.0	0.0	1.0
32	34	21
0.928161450354111	-0.06358419610602883	0.3667059965544444	0.43977715276299234
0.10334847307702692	0.9905810406457999	-0.08982344762544626	-0.042635088337923815
-0.35754069536322763	0.12126912748128717	0.9259906307994988	-0.055759213935201335
0.0	0.0	0.0	1.0
32	40	22
0.8205636441067721	-0.1027123571717156	0.5622502142837816	1.3427364727299433
-0.13876409181442184	0.9184866383024891	0.37030612881192493	0.15556872009011125
-0.5544544022025738	-0.38187993810847926	0.7394240994109148	-0.1195877859962346
0.0	0.0	0.0	1.0
33	35	23
0.876130993855077	-0.14697601030357446	0.4591212510567854	0.428602005669505
0.16467064830115144	0.9863473910701617	0.0015166229906344337	0.015435640706438904
-0.45307592543414327	0.07427506569392289	0.8883722626942299	-0.08750128693853454
0.0	0.0	0.0	1.0
33	38	24
0.7216629244838612	-0.20078510964298502	0.6624861947411332	0.8654971427577753
0.11123593615462092	0.9782104690490689	0.17530209338208064	0.12430892334297577
-0.6832490251649287	-0.05281671256754756	0.7282726151462886	-0.4152779349787847
0.0	0.0	0.0	1.0
33	39	25
0.8233906244242456	-0.12752153624709592	0.5529611258923668	1.056742579525132
-0.033171785556652164	0.961941744545863	0.271233537058537	0.11855283576955199
-0.566504504520601	-0.24167389458766345	0.7878237146090316	-0.26425077906663086
0.0	0.0	0.0	1.0
33	40	26
0.9096653558225581	-0.10084551518712183	0.4029130420379802	1.1504390468080814
-0.10403774768259559	0.8838253227974304	0.45610173491108885	0.21241470496406364
-0.4021005795092676	-0.4568182022189565	0.7934935857387638	-0.03972816719984979
0.0	0.0	0.0	1.0
33	41	27
0.9991061769441897	0.012240302412762501	0.040457897794454814	0.9438283937241299
-0.03154271257673837	0.8530602469393849	0.5208578702679423	0.3498730581503018
-0.028137478061572404	-0.5216686319462395	0.8526839739465175	0.36155399303666663
0.0	0.0	0.0	1.0
34	39	28
0.9202463650148911	-0.10329271592675031	0.3774614750474877	0.8417186632848274
-0.02145746454735691	0.9497680693341536	0.31221803598079406	0.14373158547566808
-0.390750779654665	-0.2954169091695067	0.871804183921958	-0.17832696177849752
0.0	0.0	0.0	1.0
34	40	29
0.9743270242533512	-0.0674441305901046	0.21479762422822346	0.9233511314262354
-0.05140323144794483	0.8622322846306335	0.5038978397468074	0.24303297420874745
-0.2191904765142836	-0.5020026439561932	0.8366293648891564	0.0020540462662012498
0.0	0.0	0.0	1.0
34	41	30
0.9862846047623289	0.06166745653595777	-0.15310046432721136	0.7160532249897085
0.033607442343680904	0.8331176245938472	0.5520735506549296	0.3602432346962156
0.16159573594506424	-0.5496470797800703	0.819618626617834	0.3139820646325892
0.0	0.0	0.0	1.0
35	40	31
0.9967940398285331	0.05093757930669854	-0.06170109083738158	0.7170259717527958
-0.011645827984883615	0.8553186398211906	0.5179713566428739	0.24952690926689702
0.07915824400301046	-0.5155922556140303	0.8531697179408386	0.008956396118929899
0.0	0.0	0.0	1.0
42	47	32
0.5383607519772974	-0.2062171008393621	-0.8170938782541075	-0.034786696012939
0.16457973065823167	0.9766553802897332	-0.13804993690064035	-0.0558928242888945
0.8264873539964545	-0.06015642444253625	0.5597320586469371	-0.08332138103550857
0.0	0.0	0.0	1.0
43	46	33
0.8938284997857738	-0.09548492019390618	-0.43812464402331375	0.02297094124799795
0.1722584582887292	0.9752109923081224	0.1388909488770248	0.06567244868142583
0.414001997788513	-0.19961543348016447	0.8881193405992444	0.09307092446562017
0.0	0.0	0.0	1.0
43	47	34
0.7945922763758235	-0.15284580758250846	-0.5875893726102304	-0.021433101651606817
0.14250508006115073	0.9877086283760402	-0.06421779332192958	-0.03181063288661991
0.5901825641760875	-0.03270752297234369	0.8066069622950228	0.07376906333747765
0.0	0.0	0.0	1.0
43	48	35
0.7772085812497427	-0.18583233700933605	-0.6011763313575329	-0.023761189940434715
0.035770387080818145	0.9668994156240907	-0.2526382298092775	-0.15900323725443768
0.6282254905468305	0.17484832482981238	0.7581298935933615	-0.0026832729971225503
0.0	0.0	0.0	1.0
44	47	36
0.9442657211380979	-0.1841035771168092	-0.2728886243383465	-0.004899707034807227
0.16308083916488061	0.9817314349973322	-0.09802026943420962	-0.06804843232487602
0.2859492595627135	0.04805428107591039	0.9570390739480116	0.144546355786052
0.0	0.0	0.0	1.0
44	48	37
0.9321880054461839	-0.2184876956344287	-0.2885975581462551	-0.007427450483213107
0.1254075733333706	0.9428478322771532	-0.30872472430361086	-0.20906977807519558
0.33955619253554364	0.2515972227863754	0.9063114972743789	0.05914315500999069
0.0	0.0	0.0	1.0
45	47	38
0.9499349541622424	-0.21950091301448127	-0.22235769772256678	-0.005488561874658388
0.158737301704862	0.9520205321509975	-0.26164722877851904	-0.11740254981792965
0.2691209502296322	0.21325137166869187	0.9392006003571364	0.03770775315738348
0.0	0.0	0.0	1.0
45	48	39
0.9383401829328089	-0.2561685292579632	-0.2321534382592343	-0.004176903063073247
0.12493790198328215	0.8774098341860411	-0.4631873527645389	-0.2343782938236201
0.3223478031024382	0.40562258851277744	0.8553141603116068	-0.05574625891548167
0.0	0.0	0.0	1.0
