2	3	1
0.99841177	0.01950357	-0.0528538	-0.1754286
-4.105e-05	0.93841541	0.34550905	0.41272673
0.05633748	-0.34495819	0.93692583	0.56420958
0.0	0.0	0.0	1.0
3	4	2
0.75661677	0.35049805	-0.55198038	-0.64816058
-0.42729282	0.90403825	-0.01165492	0.99322009
0.49492624	0.24467555	0.8337757	-1.47155166
0.0	0.0	0.0	1.0
62	63	3
0.83197027	0.03828313	-0.55349773	-0.04477197
-0.32310921	0.84441996	-0.42726505	0.47437966
0.45102751	0.53431213	0.71490198	-2.13108897
0.0	0.0	0.0	1.0
80	81	4
0.94198996	0.18982676	-0.27680504	-0.07395113
-0.18626361	0.98171097	0.03936553	0.44864175
0.27921513	0.01447679	0.96011937	-0.57488555
0.0	0.0	0.0	1.0
99	100	5
0.64004439	-0.33445212	0.69172609	1.97769678
0.38156223	0.91978663	0.09166612	-0.7818439
-0.66689843	0.20526619	0.71631861	1.09938693
0.0	0.0	0.0	1.0
100	101	6
0.93077922	0.02598775	0.36465693	0.24015334
0.11834323	0.92234361	-0.36780071	-0.33117232
-0.3458972	0.38549593	0.85542268	-0.27157006
0.0	0.0	0.0	1.0
103	104	7
0.81316578	-0.37693262	0.44348973	1.32014716
0.4004083	0.91529161	0.04375509	-0.67052543
-0.4224152	0.1419968	0.89521074	0.56579816
0.0	0.0	0.0	1.0
104	105	8
0.85482651	-0.34073055	0.39137495	1.21670532
0.35263458	0.93474597	0.04357735	-0.45349467
-0.3806842	0.10076126	0.91919893	0.44133675
0.0	0.0	0.0	1.0
105	106	9
0.70607275	-0.44457743	0.55119157	1.96309829
0.50585341	0.86135155	0.04674977	-0.5934881
-0.49555373	0.24581352	0.83306795	0.24307516
0.0	0.0	0.0	1.0
113	114	10
0.75907898	-0.36062613	0.54198498	1.19989419
0.38995576	0.91853511	0.06502111	-0.588346
-0.52128047	0.16199398	0.83786893	0.72423989
0.0	0.0	0.0	1.0
133	134	11
0.95942253	-0.20225748	0.1964698	-0.04599601
0.17756593	0.9746334	0.13623555	-0.78362709
-0.21904066	-0.0958211	0.97099912	1.37952244
0.0	0.0	0.0	1.0
134	135	12
0.97614294	0.17036627	-0.1346114	-0.65479487
-0.16459866	0.98493785	0.05295544	-0.25914299
0.14160571	-0.02953522	0.98948246	0.55864656
0.0	0.0	0.0	1.0
137	138	13
0.60200459	-0.1595366	0.78239286	1.13519061
0.56810969	0.77411586	-0.27927765	-1.07222223
-0.5611077	0.61261141	0.55665559	-0.56310123
0.0	0.0	0.0	1.0
138	139	14
0.98739535	-0.10926661	0.11450475	0.26107836
0.08474021	0.97599739	0.20061934	0.07611658
-0.13367733	-0.18838742	0.97295451	0.69448692
0.0	0.0	0.0	1.0
140	141	15
0.8232215	-0.32014263	0.4688445	0.959391
0.28009164	0.94736242	0.15509106	-0.77525568
-0.49381688	0.00364512	0.86955827	1.51949692
0.0	0.0	0.0	1.0
141	142	16
0.83053374	0.36473939	-0.42092621	-0.84893763
-0.38451841	0.92223138	0.04043121	0.67472535
0.40293822	0.12827443	0.90619332	-0.91704327
0.0	0.0	0.0	1.0
145	146	17
0.69367385	-0.43193415	0.57641083	1.83399057
0.39594078	0.8971591	0.19579741	-0.47260961
-0.60170376	0.09240498	0.79335618	1.17584074
0.0	0.0	0.0	1.0
147	148	18
0.64636427	-0.4448877	0.6199097	2.38820863
0.49524787	0.86265796	0.10271709	-1.03365731
-0.58046758	0.24061629	0.77792102	0.82435226
0.0	0.0	0.0	1.0
149	150	19
0.62992525	0.58607101	-0.50962198	-0.45012036
-0.56700361	0.79545122	0.21392511	1.49329197
0.5307551	0.15420088	0.83337951	-1.33847058
0.0	0.0	0.0	1.0
151	152	20
0.68599927	0.39901099	-0.6084367	-0.68955648
-0.45130077	0.88926929	0.07434833	1.08134246
0.57072997	0.22358505	0.79011202	-1.47202182
0.0	0.0	0.0	1.0
173	174	21
0.53577679	-0.25551805	0.80476946	1.3575784
0.56384754	0.81772721	-0.11575039	-0.83774531
-0.62850547	0.51578361	0.58219248	-0.2202117
0.0	0.0	0.0	1.0
208	209	22
0.73667306	0.49361369	-0.46223205	-0.98548764
-0.52574348	0.8479507	0.06762631	1.16140413
0.42533118	0.19319703	0.88417643	-1.070714
0.0	0.0	0.0	1.0
212	213	23
0.76890367	0.48856694	-0.4124189	-0.76236296
-0.45051107	0.87171602	0.19274609	0.89069122
0.45368147	0.03759607	0.89037049	-0.60542667
0.0	0.0	0.0	1.0
227	228	24
0.87240255	0.29715714	-0.38808629	-0.02476392
-0.29413599	0.95328927	0.06872647	-0.02785273
0.39038119	0.05419302	0.91905689	-0.09782834
0.0	0.0	0.0	1.0
235	236	25
0.99746788	0.03911476	-0.05939517	-0.3784095
-0.04014533	0.99906158	-0.01625769	-0.45505941
0.05870352	0.01860096	0.99810219	0.49131891
0.0	0.0	0.0	1.0
236	237	26
0.99832255	-0.02279356	0.05322261	-0.14072022
0.02514202	0.99872035	-0.04388055	-0.62543178
-0.05215432	0.04514507	0.99761814	0.53617048
0.0	0.0	0.0	1.0
237	238	27
0.99872088	-0.04280312	0.02691529	-0.22818244
0.04070956	0.99642473	0.0740325	-0.4915413
-0.02998789	-0.07284209	0.99689251	0.66538137
0.0	0.0	0.0	1.0
238	239	28
0.8839553	-0.30726564	0.35243526	1.05994332
0.3115522	0.94911224	0.04605505	-0.59372061
-0.34865186	0.06909138	0.93470234	0.57158208
0.0	0.0	0.0	1.0
3	39	29
0.99825013	0.05007213	-0.03146457	-2.04409719
-0.04520094	0.98911822	0.14000824	1.04451323
0.03813293	-0.13834102	0.98965049	-1.35196352
0.0	0.0	0.0	1.0
29	61	30
0.99922925	0.03912368	-0.00311389	-0.86131287
-0.03891503	0.99794781	0.05084896	0.02498836
0.00509688	-0.05068864	0.99870181	0.72324622
0.0	0.0	0.0	1.0
25	233	31
0.88538694	-0.4621878	0.04972501	0.19989865
0.46314415	0.88623577	-0.00913387	-0.07272431
-0.03984661	0.03111679	0.99872112	0.12977707
0.0	0.0	0.0	1.0
25	234	32
0.87391353	-0.47678939	0.09458505	0.34718579
0.48148736	0.87579668	-0.03391711	-0.78940421
-0.0666659	0.07518214	0.99493891	0.51480931
0.0	0.0	0.0	1.0
36	104	33
0.54781657	-0.65722597	0.51763988	0.99230474
0.69820523	0.70002967	0.14989103	-0.75386053
-0.46087554	0.27930573	0.84236652	0.55878562
0.0	0.0	0.0	1.0
36	133	34
0.77927333	-0.37381035	0.50298983	0.20001295
0.46668676	0.88182926	-0.06767437	0.28574234
-0.4182539	0.28747565	0.86163861	-0.146928
0.0	0.0	0.0	1.0
36	134	35
0.57073146	-0.56919259	0.59184927	1.1358515
0.62271899	0.76984245	0.13987224	-0.50305408
-0.53524458	0.28872612	0.79382014	0.808424
0.0	0.0	0.0	1.0
36	135	36
0.73479015	-0.47232932	0.48681384	1.21455014
0.49463651	0.86422569	0.09191401	-1.01780498
-0.46413082	0.17325841	0.86865664	1.53667629
0.0	0.0	0.0	1.0
37	135	37
0.93007284	-0.25060278	0.26863122	-0.19725616
0.25025919	0.9675054	0.03610956	0.05896067
-0.2689513	0.03364297	0.96256602	0.82171488
0.0	0.0	0.0	1.0
37	136	38
0.99810082	0.0494937	-0.03667695	-0.74244761
-0.04920018	0.99874967	0.0088634	-0.05259298
0.03706976	-0.00704204	0.99928778	0.9218927
0.0	0.0	0.0	1.0
38	140	39
0.92861509	-0.31335089	0.19871031	-0.11381006
0.34135893	0.93137729	-0.12653069	-0.67969555
-0.14542577	0.18532972	0.97185612	0.53573602
0.0	0.0	0.0	1.0
39	141	40
0.71241671	-0.5299592	0.46000659	0.78301513
0.52307075	0.8380096	0.15536064	-0.36817408
-0.46782482	0.12993458	0.87421775	1.00863802
0.0	0.0	0.0	1.0
39	142	41
0.98400527	-0.1595027	0.07932227	-0.59812289
0.16326648	0.98562539	-0.04343316	-0.3597486
-0.07125428	0.05568916	0.9959017	0.65592974
0.0	0.0	0.0	1.0
38	152	42
0.96813267	-0.19125144	0.16168718	-0.47337201
0.21698689	0.96293128	-0.16024828	-1.02364028
-0.125046	0.19022557	0.97374421	1.07544553
0.0	0.0	0.0	1.0
41	229	43
0.73275101	-0.43582171	0.52262414	0.43800834
0.46706176	0.88064092	0.0795267	-0.04569747
-0.49490353	0.18582444	0.84884614	0.16481294
0.0	0.0	0.0	1.0
42	230	44
0.95028502	0.19944867	-0.23912071	-0.13115895
-0.19698209	0.97980243	0.03442306	1.08034837
0.24115673	0.01439081	0.97037935	-0.98027545
0.0	0.0	0.0	1.0
52	233	45
0.98678654	0.04990654	-0.15414833	0.18392974
-0.04136994	0.99745315	0.05810073	0.6879847
0.15665531	-0.05095592	0.98633808	-0.58852458
0.0	0.0	0.0	1.0
52	234	46
0.99155176	0.01831177	-0.12841296	-0.11655954
-0.01629685	0.99972713	0.01672418	0.02036417
0.12868419	-0.01449017	0.99157983	-0.19124867
0.0	0.0	0.0	1.0
54	234	47
0.99243975	-0.11923914	0.0290665	0.55061764
0.12003018	0.99239826	-0.02717514	0.56695014
-0.02560519	0.03045853	0.99920768	-0.7876851
0.0	0.0	0.0	1.0
63	66	48
0.83798742	-0.33504331	0.4307231	1.35288966
0.12062863	0.88352865	0.45257622	0.26526526
-0.53218871	-0.32729584	0.78080183	1.86967039
0.0	0.0	0.0	1.0
71	97	49
0.84359175	-0.1141388	-0.52471393	2.39792681
-0.17321432	0.86707658	-0.46709093	0.11222526
0.50828075	0.48492238	0.71168905	-1.96452129
0.0	0.0	0.0	1.0
73	97	50
0.76731336	-0.18158297	-0.61502665	2.77364445
-0.25316218	0.79539746	-0.5506832	0.76602197
0.58918488	0.57824785	0.56434911	-2.12680721
0.0	0.0	0.0	1.0
77	79	51
0.98654097	0.05044851	0.15553708	0.78321743
-0.05624988	0.99786699	0.03312292	-0.25967953
-0.15353441	-0.04142606	0.98727453	0.74788618
0.0	0.0	0.0	1.0
79	81	52
0.87087959	0.32087013	-0.37230486	-0.23275718
-0.313043	0.94609356	0.08313215	0.8837232
0.37890986	0.04414922	0.92437971	-1.02502251
0.0	0.0	0.0	1.0
78	114	53
0.92908651	0.20756137	-0.30613071	-0.7370345
-0.21889061	0.97574526	-0.00274881	0.58099294
0.29813507	0.06956302	0.9519853	-0.88746291
0.0	0.0	0.0	1.0
77	114	54
0.96498644	-0.08908899	0.24670701	0.24669455
0.09662939	0.99514675	-0.01860284	-0.32599029
-0.24385236	0.04179064	0.96891141	0.5665943
0.0	0.0	0.0	1.0
79	113	55
0.8527509	0.25425246	-0.45625815	-1.05884111
-0.26509529	0.96333462	0.04135802	0.76967168
0.45004475	0.08568387	0.88888597	-1.39411354
0.0	0.0	0.0	1.0
79	114	56
0.98879951	-0.12907177	0.07493547	-0.51919991
0.13299474	0.98985714	-0.04994404	-0.02651356
-0.06772905	0.05935072	0.99593645	-0.32522029
0.0	0.0	0.0	1.0
79	131	57
0.99511564	-0.07015519	-0.06944507	-0.84244847
0.06727387	0.99680769	-0.04299743	0.08245012
0.07223991	0.03811557	0.99665874	-0.57196176
0.0	0.0	0.0	1.0
84	121	58
0.72099864	-0.36598018	0.5884043	1.47015035
0.08790427	0.89059341	0.44622457	0.52046263
-0.68733871	-0.270004	0.6742875	1.07422173
0.0	0.0	0.0	1.0
100	127	59
0.63151628	0.47378555	-0.61377102	-0.38067806
-0.32429501	0.88042587	0.34595236	0.92462575
0.70428669	-0.01943187	0.70964986	-1.30319583
0.0	0.0	0.0	1.0
103	105	60
0.38935864	-0.5911395	0.70636618	2.702981
0.65370947	0.71760798	0.24021378	-0.58466583
-0.64889413	0.36822903	0.66584051	0.37834227
0.0	0.0	0.0	1.0
103	133	61
0.93155229	-0.04789447	0.36044034	1.02862418
0.10868202	0.98264605	-0.15031515	0.502321
-0.34698606	0.17919973	0.92059094	-0.28373554
0.0	0.0	0.0	1.0
103	134	62
0.81450182	-0.26397252	0.5166285	1.50803244
0.30480897	0.95239425	0.00607482	-0.45830423
-0.49363786	0.15252523	0.85618812	0.83520544
0.0	0.0	0.0	1.0
104	133	63
0.94618303	0.28331113	-0.15643594	0.59173602
-0.3051402	0.9420259	-0.13955994	1.06383789
0.10782777	0.17978413	0.97777861	-0.83952039
0.0	0.0	0.0	1.0
104	134	64
0.99341995	0.09263491	0.06734376	0.12739803
-0.08815887	0.99387431	-0.06665288	0.13869762
-0.07310563	0.06027735	0.99550122	0.34894425
0.0	0.0	0.0	1.0
105	133	65
0.66177231	0.50989264	-0.54960626	0.47573382
-0.6018244	0.79846555	0.0161227	1.51939082
0.44706264	0.32009718	0.83526838	-1.34530365
0.0	0.0	0.0	1.0
105	134	66
0.84905183	0.40779543	-0.33587718	-0.70002186
-0.42982376	0.90286165	0.00964605	0.92113364
0.30718443	0.13617805	0.94185621	-0.46947807
0.0	0.0	0.0	1.0
117	133	67
0.72400022	-0.35603976	0.59081227	1.04402018
0.42970335	0.90280062	0.01748037	0.13814259
-0.53960925	0.24121808	0.80661976	0.18736982
0.0	0.0	0.0	1.0
116	133	68
0.6520136	-0.39733279	0.64575928	1.23767805
0.49764457	0.86683059	0.03089265	-0.49416825
-0.57203853	0.30121613	0.76291591	0.73351759
0.0	0.0	0.0	1.0
137	139	69
0.47789168	-0.36964056	0.79685968	1.87432444
0.66312426	0.74675	-0.05129201	-1.05159855
-0.57609522	0.55292892	0.60198325	-0.28317174
0.0	0.0	0.0	1.0
140	142	70
0.99499506	0.05452714	0.083734	-0.39595369
-0.05986798	0.99623805	0.06265451	-0.52313852
-0.08000246	-0.06735399	0.99451619	1.16790891
0.0	0.0	0.0	1.0
141	145	71
0.89106733	0.14098163	-0.43141937	-1.01642907
-0.19506735	0.97722435	-0.08355548	-0.01317736
0.40981406	0.15860948	0.89827406	-0.90986675
0.0	0.0	0.0	1.0
141	146	72
0.93254769	-0.30829009	0.18791349	0.07953427
0.31249702	0.94988823	0.00757188	-0.9351998
-0.18083122	0.05166133	0.98215622	0.79391354
0.0	0.0	0.0	1.0
142	145	73
0.97923338	-0.19781002	0.0444272	0.1152143
0.2017798	0.97219551	-0.11883295	-0.70374262
-0.01968555	0.12532969	0.99191982	0.06828167
0.0	0.0	0.0	1.0
142	146	74
0.58125424	-0.59359229	0.55658901	2.05500436
0.59608424	0.77622402	0.20532899	-0.92746896
-0.55391932	0.21242571	0.80501485	1.12217367
0.0	0.0	0.0	1.0
141	151	75
0.9939661	-0.05918148	0.09235173	0.3453545
0.0635814	0.99694127	-0.04544926	0.00619192
-0.08937948	0.05104686	0.99468881	-0.14441906
0.0	0.0	0.0	1.0
141	152	76
0.7563718	0.36521995	-0.54269344	-0.51088989
-0.43311599	0.90133345	0.00292665	1.10050666
0.49021661	0.23283558	0.83992565	-1.49703562
0.0	0.0	0.0	1.0
140	152	77
0.99322039	0.11072842	-0.03538205	-0.52935284
-0.1114544	0.99358314	-0.01924431	-0.12541087
0.03302418	0.02305733	0.99918866	0.50561982
0.0	0.0	0.0	1.0
142	151	78
0.77156228	-0.41067353	0.48583901	1.582335
0.40924713	0.90512609	0.11516539	-0.07657103
-0.48704088	0.10997111	0.86642808	0.15803601
0.0	0.0	0.0	1.0
145	152	79
0.95859241	0.24449912	-0.14601767	0.01334058
-0.23805696	0.96937442	0.0603461	1.06797194
0.1563004	-0.02308683	0.98744005	-0.86264068
0.0	0.0	0.0	1.0
148	150	80
0.77573228	0.49915996	-0.38610712	-0.46175134
-0.46106759	0.86605525	0.19330126	0.62941509
0.43087828	0.02807146	0.90197313	-0.20251004
0.0	0.0	0.0	1.0
146	228	81
-0.54103261	-0.42918524	0.72324508	1.59721243
0.67769527	0.28675795	0.67712551	-1.27768016
-0.49800879	0.85648668	0.1357114	0.66199517
0.0	0.0	0.0	1.0
146	229	82
0.27083048	-0.53330368	0.80139768	1.05880237
0.68020576	0.69510573	0.23269576	-1.49470043
-0.68115371	0.48209429	0.55101258	1.10864449
0.0	0.0	0.0	1.0
154	227	83
-0.097707	0.6777404	-0.72878128	3.94005513
-0.56792325	0.56337559	0.60005987	1.55532253
0.81726158	0.47252136	0.32985851	-2.08887029
0.0	0.0	0.0	1.0
198	204	84
0.20180273	-0.53758264	0.81870645	2.53188968
0.54619288	0.75562447	0.36153111	-0.49573353
-0.81298774	0.37421352	0.44611108	0.82124037
0.0	0.0	0.0	1.0
200	204	85
0.97886568	0.06925461	-0.19242215	-0.38404456
-0.05450308	0.99522853	0.08093145	0.46758187
0.19710894	-0.06873336	0.97796941	-0.38227689
0.0	0.0	0.0	1.0
199	210	86
0.42102313	0.69448698	-0.58346099	0.8941226
-0.47466692	0.71683544	0.51072335	1.60814965
0.77293622	0.06192341	0.63145465	-1.2501384
0.0	0.0	0.0	1.0
201	204	87
0.99650055	-0.08333929	0.00645465	0.0688109
0.08294766	0.99544942	0.04689752	0.10636915
-0.01033369	-0.04619801	0.99887866	0.09251814
0.0	0.0	0.0	1.0
201	226	88
0.99406105	0.01697337	-0.10749827	-0.30962035
0.01639099	0.95314562	0.3020677	0.53022689
0.10758851	-0.30203572	0.94720596	0.36554444
0.0	0.0	0.0	1.0
209	225	89
-0.03253835	-0.68656564	0.72633994	2.79050851
0.76768798	0.4481802	0.45802853	-1.65958607
-0.63999707	0.57250512	0.51248473	1.23440325
0.0	0.0	0.0	1.0
209	226	90
-0.43914333	-0.63223416	0.63830519	4.34834146
0.71445185	0.18500978	0.6747812	-1.14644516
-0.54471195	0.75236404	0.37045494	0.86727428
0.0	0.0	0.0	1.0
206	229	91
0.98230612	0.13564014	-0.12913904	0.57214791
-0.1299054	0.9901678	0.05187976	-0.27482802
0.13490623	-0.03418591	0.99026865	0.63952518
0.0	0.0	0.0	1.0
213	221	92
0.82387906	-0.44854149	0.34645939	-0.86565769
0.49663332	0.86588579	-0.05997847	-0.72489166
-0.27309161	0.22147836	0.93614566	-0.06523114
0.0	0.0	0.0	1.0
212	222	93
0.97504532	0.01785195	-0.22128603	-1.53042698
-0.02636031	0.99901974	-0.0355561	-0.00245447
0.22043428	0.04050196	0.97456026	-0.55832171
0.0	0.0	0.0	1.0
217	227	94
0.99032658	-0.13552348	0.02977469	-0.71269208
0.13286042	0.98804587	0.07819025	0.44239667
-0.04001538	-0.07347801	0.99649382	-0.55049318
0.0	0.0	0.0	1.0
216	227	95
0.99630302	-0.0385894	-0.07675668	-0.85004693
0.03865659	0.99925274	-0.00061115	0.12590398
0.07672293	-0.00235828	0.99704957	-0.31713834
0.0	0.0	0.0	1.0
