13	22	1
0.721334216350041	0.5505493431137629	-0.4202048310443977	0.766963347926038
-0.16125837377450242	0.7235508175057098	0.6711706303863348	0.25444433052563414
0.6735522438158317	-0.4163768041807788	0.6107025990151058	0.14671856939520994
0.0	0.0	0.0	1.0
15	17	2
0.9820615756045841	0.0019580372804885366	0.18855008415317245	0.13338129224838877
-0.08213864146445464	0.9045294564372843	0.4184252483761261	0.4042994566268803
-0.1697299021305558	-0.42640669898375927	0.8884645443377441	-0.1970396840055565
0.0	0.0	0.0	1.0
22	33	3
0.809994531678316	-0.03351642176324281	-0.5854791324181333	-0.7698198744311554
-0.11372302772797613	0.9704361860298637	-0.2128863745143096	0.274794564837748
0.5753053629540974	0.2390191971942546	0.782236253752138	-1.0293990584008843
0.0	0.0	0.0	1.0
22	34	4
0.9594177278447725	-0.14684922398424788	-0.2407346243078436	-1.1068318422825962
0.1474345770391506	0.9889475380403295	-0.015680430772919866	-0.021699982059386093
0.24037659250651844	-0.020448539077206385	0.970464386095514	-0.7817906127027219
0.0	0.0	0.0	1.0
23	26	5
0.18191724629093114	0.5768194692329254	-0.7963575298740816	-0.14844306335606267
-0.35490564445249556	0.7937968238368245	0.493891198176358	0.22030253687663603
0.9170323065501068	0.19278456545526604	0.3491218395288418	-0.34821044637296616
0.0	0.0	0.0	1.0
23	31	6
0.10591411757251554	0.49320817079951595	-0.8634394593591751	0.3272863782408432
-0.49763085021898684	0.7780566829641649	0.3833943649036091	0.6296027923878866
0.8608982487951077	0.3890673421529514	0.3278428051698932	-0.883098992059228
0.0	0.0	0.0	1.0
27	32	7
0.7061351908350528	-0.23791499029467034	0.6669104387820828	0.14482025394214385
0.517319878816935	0.8164537144234828	-0.25648303462065847	0.3244745736748424
-0.48348029283451416	0.5261177527692437	0.6996048647253894	-0.7947546096102966
0.0	0.0	0.0	1.0
33	34	8
0.9229897384123584	-0.20036652781554073	0.32854690901276895	-0.0030304858563134527
0.09545576162905847	0.9462820038555262	0.30893156593006066	0.1097644610106205
-0.3727975707748705	-0.2537790113760871	0.8925348202439616	-0.08026598725308988
0.0	0.0	0.0	1.0
33	35	9
0.6657907738349771	-0.45295838806591665	0.5929176804191316	-0.023218601742604043
0.17068999519512115	0.866037975955704	0.46993931219102164	0.13667693789830015
-0.7263521450492657	-0.21167618071956992	0.6539156687909596	-0.06944340125447716
0.0	0.0	0.0	1.0
33	38	10
0.5463518538155451	-0.33937045164654195	0.7657201367168274	-0.40369440665774786
-0.3058025731315651	0.7702884225491091	0.5595894866565424	0.4137825592753107
-0.7797334412741443	-0.5398920364047815	0.317068205515797	0.09231562131492504
0.0	0.0	0.0	1.0
34	37	11
0.5460567831313052	-0.14519178905973446	0.8250703134575015	-0.029080912873822154
-0.1797908268615669	0.941608356736782	0.28469059307908573	0.23256493573863773
-0.8182280858377333	-0.30379739163346065	0.48806756236351445	0.2829651681365289
0.0	0.0	0.0	1.0
34	38	12
0.8238506956323444	-0.03243255578846323	0.5658781774895824	-0.35221704732344983
-0.252741272596805	0.8725941769611373	0.41797244945149653	0.35078579325522363
-0.507338007552172	-0.48736773404205175	0.710690275153383	0.2013180659452044
0.0	0.0	0.0	1.0
38	39	13
0.7829077247798182	-0.12296110184635711	-0.6098657018021578	-0.17853781236776511
0.04809206371888003	0.9893022719997063	-0.13772543480653582	-0.040023731879709534
0.6202762365161498	0.07849663729035808	0.7804457967541139	-0.188236660901071
0.0	0.0	0.0	1.0
47	49	14
0.9827083463496816	0.010668448058002593	0.18485260975766496	0.002702716820261655
-0.14277451270129402	0.6793326274748027	0.7198074360768264	0.37556316860363564
-0.11789719122550403	-0.7337530292703355	0.6691089376508713	0.16733066083197817
0.0	0.0	0.0	1.0
48	49	15
0.9748930122115258	0.0032268163562018254	0.22265015738556604	0.08078180928634146
-0.09526931398394024	0.9098025245261462	0.403959464133326	0.1906395824018866
-0.20126421268459666	-0.4150290417657758	0.8872676142756735	0.08618602610570755
0.0	0.0	0.0	1.0
