13	22	1
0.721334216350041	0.5505493431137629	-0.4202048310443977	0.7669633479260382
-0.1612583737745024	0.7235508175057098	0.6711706303863348	0.2544443305256342
0.6735522438158313	-0.4163768041807788	0.6107025990151058	0.14671856939521039
0.0	0.0	0.0	1.0
15	17	2
0.9820615756045842	0.0019580372804885718	0.1885500841531727	0.13338129224838877
-0.08213864146445458	0.9045294564372844	0.41842524837612605	0.40429945662688005
-0.1697299021305558	-0.42640669898375927	0.8884645443377442	-0.19703968400555627
0.0	0.0	0.0	1.0
22	33	3
0.8099945316783161	-0.03351642176324279	-0.5854791324181332	-0.7698198744311563
-0.11372302772797602	0.9704361860298637	-0.21288637451430947	0.2747945648377472
0.5753053629540973	0.2390191971942546	0.7822362537521378	-1.0293990584008834
0.0	0.0	0.0	1.0
22	34	4
0.9594177278447724	-0.14684922398424782	-0.24073462430784348	-1.106831842282596
0.14743457703915056	0.9889475380403294	-0.0156804307729199	-0.021699982059386065
0.24037659250651874	-0.02044853907720646	0.9704643860955141	-0.7817906127027223
0.0	0.0	0.0	1.0
23	26	5
0.18191724629093126	0.5768194692329255	-0.7963575298740817	-0.14844306335606267
-0.35490564445249556	0.7937968238368245	0.493891198176358	0.22030253687663603
0.9170323065501068	0.19278456545526604	0.3491218395288418	-0.3482104463729661
0.0	0.0	0.0	1.0
23	31	6
0.10591411757251555	0.4932081707995157	-0.8634394593591751	0.32728637824084367
-0.4976308502189869	0.7780566829641649	0.38339436490360906	0.629602792387887
0.8608982487951077	0.3890673421529512	0.3278428051698931	-0.8830989920592285
0.0	0.0	0.0	1.0
27	32	7
0.7061351908350527	-0.23791499029467014	0.6669104387820828	0.14482025394214385
0.5173198788169349	0.8164537144234828	-0.25648303462065847	0.32447457367484217
-0.48348029283451416	0.5261177527692437	0.6996048647253895	-0.7947546096102963
0.0	0.0	0.0	1.0
33	34	8
0.9229897384123582	-0.20036652781554068	0.328546909012769	-0.0030304858563133417
0.09545576162905844	0.946282003855526	0.3089315659300606	0.1097644610106205
-0.3727975707748703	-0.2537790113760872	0.8925348202439618	-0.08026598725308988
0.0	0.0	0.0	1.0
33	35	9
0.6657907738349771	-0.45295838806591665	0.5929176804191316	-0.023218601742604154
0.1706899951951212	0.866037975955704	0.46993931219102164	0.13667693789830024
-0.7263521450492658	-0.21167618071957003	0.6539156687909599	-0.06944340125447761
0.0	0.0	0.0	1.0
33	38	10
0.5463518538155452	-0.3393704516465421	0.7657201367168275	-0.40369440665774836
-0.305802573131565	0.7702884225491093	0.5595894866565426	0.41378255927531093
-0.7797334412741442	-0.5398920364047813	0.31706820551579706	0.0923156213149246
0.0	0.0	0.0	1.0
34	37	11
0.5460567831313051	-0.14519178905973443	0.8250703134575014	-0.029080912873822598
-0.17979082686156694	0.9416083567367822	0.28469059307908584	0.2325649357386374
-0.8182280858377334	-0.3037973916334607	0.4880675623635145	0.28296516813652844
0.0	0.0	0.0	1.0
34	38	12
0.8238506956323445	-0.032432555788463255	0.5658781774895826	-0.3522170473234503
-0.25274127259680496	0.8725941769611375	0.41797244945149653	0.35078579325522363
-0.5073380075521718	-0.4873677340420517	0.710690275153383	0.2013180659452044
0.0	0.0	0.0	1.0
38	39	13
0.7829077247798178	-0.12296110184635714	-0.6098657018021579	-0.17853781236776445
0.048092063718880154	0.9893022719997062	-0.1377254348065357	-0.040023731879709534
0.6202762365161504	0.07849663729035809	0.7804457967541142	-0.18823666090107188
0.0	0.0	0.0	1.0
47	49	14
0.9827083463496818	0.010668448058002624	0.184852609757665	0.002702716820261544
-0.142774512701294	0.6793326274748027	0.7198074360768264	0.37556316860363553
-0.11789719122550403	-0.7337530292703355	0.6691089376508713	0.16733066083197817
0.0	0.0	0.0	1.0
48	49	15
0.9748930122115259	0.003226816356201821	0.22265015738556612	0.08078180928634135
-0.09526931398394024	0.9098025245261462	0.403959464133326	0.1906395824018865
-0.20126421268459666	-0.4150290417657758	0.8872676142756735	0.08618602610570755
0.0	0.0	0.0	1.0
