14	 15	 37	
 5.00000000e+03	  0.00000000e+00	  0.00000000e+00	  0.00000000e+00	  8.55983887e+03	 -3.96438403e+03	
 0.00000000e+00	  5.00000000e+03	  0.00000000e+00	 -8.55983887e+03	  0.00000000e+00	 -6.09679688e+03	
 0.00000000e+00	  0.00000000e+00	  5.00000000e+03	  3.96438403e+03	  6.09679688e+03	  0.00000000e+00	
 0.00000000e+00	 -8.55983887e+03	  3.96438403e+03	  2.01099160e+04	  4.73714502e+03	  1.05462744e+04	
 8.55983887e+03	  0.00000000e+00	  6.09679688e+03	  4.73714502e+03	  2.41430879e+04	 -6.00998730e+03	
-3.96438403e+03	 -6.09679688e+03	  0.00000000e+00	  1.05462744e+04	 -6.00998730e+03	  1.13470400e+04	
22	 29	 37	
 5.00000000e+03	  0.00000000e+00	  0.00000000e+00	  0.00000000e+00	  1.06628506e+04	  3.13757031e+03	
 0.00000000e+00	  5.00000000e+03	  0.00000000e+00	 -1.06628506e+04	  0.00000000e+00	 -2.21818701e+03	
 0.00000000e+00	  0.00000000e+00	  5.00000000e+03	 -3.13757031e+03	  2.21818701e+03	  0.00000000e+00	
 0.00000000e+00	 -1.06628506e+04	 -3.13757031e+03	  2.58896426e+04	 -1.17168433e+03	  4.54295557e+03	
 1.06628506e+04	  0.00000000e+00	  2.21818701e+03	 -1.17168433e+03	  2.49647520e+04	  6.47663818e+03	
 3.13757031e+03	 -2.21818701e+03	  0.00000000e+00	  4.54295557e+03	  6.47663818e+03	  5.13053516e+03	
23	 29	 37	
 5.00000000e+03	  0.00000000e+00	  0.00000000e+00	  0.00000000e+00	  9.47361328e+03	 -1.97325684e+03	
 0.00000000e+00	  5.00000000e+03	  0.00000000e+00	 -9.47361328e+03	  0.00000000e+00	 -1.23333899e+03	
 0.00000000e+00	  0.00000000e+00	  5.00000000e+03	  1.97325684e+03	  1.23333899e+03	  0.00000000e+00	
 0.00000000e+00	 -9.47361328e+03	  1.97325684e+03	  2.00447148e+04	  4.88545868e+02	  2.15205396e+03	
 9.47361328e+03	  0.00000000e+00	  1.23333899e+03	  4.88545868e+02	  1.94229414e+04	 -3.55890039e+03	
-1.97325684e+03	 -1.23333899e+03	  0.00000000e+00	  2.15205396e+03	 -3.55890039e+03	  3.31302051e+03	
23	 30	 37	
 5.00000000e+03	  0.00000000e+00	  0.00000000e+00	  0.00000000e+00	  9.10486816e+03	 -3.00124316e+03	
 0.00000000e+00	  5.00000000e+03	  0.00000000e+00	 -9.10486816e+03	  0.00000000e+00	 -2.62078296e+03	
 0.00000000e+00	  0.00000000e+00	  5.00000000e+03	  3.00124316e+03	  2.62078296e+03	  0.00000000e+00	
 0.00000000e+00	 -9.10486816e+03	  3.00124316e+03	  1.97194062e+04	  1.65973120e+03	  4.64670312e+03	
 9.10486816e+03	  0.00000000e+00	  2.62078296e+03	  1.65973120e+03	  1.87167617e+04	 -5.10306543e+03	
-3.00124316e+03	 -2.62078296e+03	  0.00000000e+00	  4.64670312e+03	 -5.10306543e+03	  4.95227100e+03	
26	 27	 37	
 5.00000000e+03	  0.00000000e+00	  0.00000000e+00	  0.00000000e+00	  4.39158691e+03	  1.00522070e+03	
 0.00000000e+00	  5.00000000e+03	  0.00000000e+00	 -4.39158691e+03	  0.00000000e+00	 -1.97755774e+03	
 0.00000000e+00	  0.00000000e+00	  5.00000000e+03	 -1.00522070e+03	  1.97755774e+03	  0.00000000e+00	
 0.00000000e+00	 -4.39158691e+03	 -1.00522070e+03	  4.70941797e+03	 -4.35908569e+02	  1.61767090e+03	
 4.39158691e+03	  0.00000000e+00	  1.97755774e+03	 -4.35908569e+02	  4.99981641e+03	  7.68038147e+02	
 1.00522070e+03	 -1.97755774e+03	  0.00000000e+00	  1.61767090e+03	  7.68038147e+02	  1.84943872e+03	
28	 29	 37	
 5.00000000e+03	  0.00000000e+00	  0.00000000e+00	  0.00000000e+00	  6.47546875e+03	  6.98137573e+02	
 0.00000000e+00	  5.00000000e+03	  0.00000000e+00	 -6.47546875e+03	  0.00000000e+00	 -5.21892285e+03	
 0.00000000e+00	  0.00000000e+00	  5.00000000e+03	 -6.98137573e+02	  5.21892285e+03	  0.00000000e+00	
 0.00000000e+00	 -6.47546875e+03	 -6.98137573e+02	  9.50640723e+03	 -4.49627136e+02	  6.67001416e+03	
 6.47546875e+03	  0.00000000e+00	  5.21892285e+03	 -4.49627136e+02	  1.44021416e+04	  7.55476624e+02	
 6.98137573e+02	 -5.21892285e+03	  0.00000000e+00	  6.67001416e+03	  7.55476624e+02	  6.55396338e+03	
28	 30	 37	
 5.00000000e+03	  0.00000000e+00	  0.00000000e+00	  0.00000000e+00	  5.82349854e+03	 -9.78657913e+01	
 0.00000000e+00	  5.00000000e+03	  0.00000000e+00	 -5.82349854e+03	  0.00000000e+00	 -6.08964111e+03	
 0.00000000e+00	  0.00000000e+00	  5.00000000e+03	  9.78657913e+01	  6.08964111e+03	  0.00000000e+00	
 0.00000000e+00	 -5.82349854e+03	  9.78657913e+01	  7.47119287e+03	  1.15069054e+02	  7.01268994e+03	
 5.82349854e+03	  0.00000000e+00	  6.08964111e+03	  1.15069054e+02	  1.45568330e+04	 -2.50966187e+02	
-9.78657913e+01	 -6.08964111e+03	  0.00000000e+00	  7.01268994e+03	 -2.50966187e+02	  7.95295020e+03	
29	 30	 37	
 5.00000000e+03	  0.00000000e+00	  0.00000000e+00	  0.00000000e+00	  5.98264062e+03	  2.55947046e+03	
 0.00000000e+00	  5.00000000e+03	  0.00000000e+00	 -5.98264062e+03	  0.00000000e+00	 -2.49461255e+03	
 0.00000000e+00	  0.00000000e+00	  5.00000000e+03	 -2.55947046e+03	  2.49461255e+03	  0.00000000e+00	
 0.00000000e+00	 -5.98264062e+03	 -2.55947046e+03	  9.78494336e+03	 -1.45576538e+03	  2.86035376e+03	
 5.98264062e+03	  0.00000000e+00	  2.49461255e+03	 -1.45576538e+03	  9.54111328e+03	  2.55390845e+03	
 2.55947046e+03	 -2.49461255e+03	  0.00000000e+00	  2.86035376e+03	  2.55390845e+03	  4.42758008e+03	
31	 32	 37	
 5.00000000e+03	  0.00000000e+00	  0.00000000e+00	  0.00000000e+00	  5.96921729e+03	  3.36433496e+03	
 0.00000000e+00	  5.00000000e+03	  0.00000000e+00	 -5.96921729e+03	  0.00000000e+00	 -3.72185400e+03	
 0.00000000e+00	  0.00000000e+00	  5.00000000e+03	 -3.36433496e+03	  3.72185400e+03	  0.00000000e+00	
 0.00000000e+00	 -5.96921729e+03	 -3.36433496e+03	  1.00212441e+04	 -2.35340625e+03	  4.31540771e+03	
 5.96921729e+03	  0.00000000e+00	  3.72185400e+03	 -2.35340625e+03	  1.07153232e+04	  3.95485742e+03	
 3.36433496e+03	 -3.72185400e+03	  0.00000000e+00	  4.31540771e+03	  3.95485742e+03	  5.83529492e+03	
32	 33	 37	
 5.00000000e+03	  0.00000000e+00	  0.00000000e+00	  0.00000000e+00	  6.34885059e+03	  8.44516174e+02	
 0.00000000e+00	  5.00000000e+03	  0.00000000e+00	 -6.34885059e+03	  0.00000000e+00	 -2.53680737e+03	
 0.00000000e+00	  0.00000000e+00	  5.00000000e+03	 -8.44516174e+02	  2.53680737e+03	  0.00000000e+00	
 0.00000000e+00	 -6.34885059e+03	 -8.44516174e+02	  9.07922461e+03	 -3.92031616e+02	  3.02113354e+03	
 6.34885059e+03	  0.00000000e+00	  2.53680737e+03	 -3.92031616e+02	  1.02319141e+04	  7.79042175e+02	
 8.44516174e+02	 -2.53680737e+03	  0.00000000e+00	  3.02113354e+03	  7.79042175e+02	  2.69727637e+03	
32	 34	 37	
 5.00000000e+03	  0.00000000e+00	  0.00000000e+00	  0.00000000e+00	  5.94959863e+03	  7.51949951e+02	
 0.00000000e+00	  5.00000000e+03	  0.00000000e+00	 -5.94959863e+03	  0.00000000e+00	 -3.76841577e+03	
 0.00000000e+00	  0.00000000e+00	  5.00000000e+03	 -7.51949951e+02	  3.76841577e+03	  0.00000000e+00	
 0.00000000e+00	 -5.94959863e+03	 -7.51949951e+02	  8.06411621e+03	 -6.38398499e+02	  4.36166602e+03	
 5.94959863e+03	  0.00000000e+00	  3.76841577e+03	 -6.38398499e+02	  1.03392178e+04	  5.59645508e+02	
 7.51949951e+02	 -3.76841577e+03	  0.00000000e+00	  4.36166602e+03	  5.59645508e+02	  3.83500293e+03	
32	 35	 37	
 5.00000000e+03	  0.00000000e+00	  0.00000000e+00	  0.00000000e+00	  5.48413281e+03	  1.65491443e+03	
 0.00000000e+00	  5.00000000e+03	  0.00000000e+00	 -5.48413281e+03	  0.00000000e+00	 -3.88830347e+03	
 0.00000000e+00	  0.00000000e+00	  5.00000000e+03	 -1.65491443e+03	  3.88830347e+03	  0.00000000e+00	
 0.00000000e+00	 -5.48413281e+03	 -1.65491443e+03	  7.51652148e+03	 -1.32291235e+03	  4.16745850e+03	
 5.48413281e+03	  0.00000000e+00	  3.88830347e+03	 -1.32291235e+03	  9.44435156e+03	  1.45302087e+03	
 1.65491443e+03	 -3.88830347e+03	  0.00000000e+00	  4.16745850e+03	  1.45302087e+03	  4.51016895e+03	
32	 36	 37	
 5.00000000e+03	  0.00000000e+00	  0.00000000e+00	  0.00000000e+00	  6.54399951e+03	  5.31589088e+01	
 0.00000000e+00	  5.00000000e+03	  0.00000000e+00	 -6.54399951e+03	  0.00000000e+00	 -3.12720825e+03	
 0.00000000e+00	  0.00000000e+00	  5.00000000e+03	 -5.31589088e+01	  3.12720825e+03	  0.00000000e+00	
 0.00000000e+00	 -6.54399951e+03	 -5.31589088e+01	  9.32879980e+03	 -1.81259247e+02	  3.93971973e+03	
 6.54399951e+03	  0.00000000e+00	  3.12720825e+03	 -1.81259247e+02	  1.09365029e+04	 -2.47320694e+02	
 5.31589088e+01	 -3.12720825e+03	  0.00000000e+00	  3.93971973e+03	 -2.47320694e+02	  2.71559399e+03	
33	 35	 37	
 5.00000000e+03	  0.00000000e+00	  0.00000000e+00	  0.00000000e+00	  7.71769336e+03	 -7.53983521e+02	
 0.00000000e+00	  5.00000000e+03	  0.00000000e+00	 -7.71769336e+03	  0.00000000e+00	 -2.19970264e+03	
 0.00000000e+00	  0.00000000e+00	  5.00000000e+03	  7.53983521e+02	  2.19970264e+03	  0.00000000e+00	
 0.00000000e+00	 -7.71769336e+03	  7.53983521e+02	  1.27727822e+04	  3.51208618e+02	  3.41571313e+03	
 7.71769336e+03	  0.00000000e+00	  2.19970264e+03	  3.51208618e+02	  1.32078623e+04	 -1.31607788e+03	
-7.53983521e+02	 -2.19970264e+03	  0.00000000e+00	  3.41571313e+03	 -1.31607788e+03	  2.01370862e+03	
33	 36	 37	
 5.00000000e+03	  0.00000000e+00	  0.00000000e+00	  0.00000000e+00	  7.90309229e+03	 -1.90602454e+03	
 0.00000000e+00	  5.00000000e+03	  0.00000000e+00	 -7.90309229e+03	  0.00000000e+00	 -1.28137671e+03	
 0.00000000e+00	  0.00000000e+00	  5.00000000e+03	  1.90602454e+03	  1.28137671e+03	  0.00000000e+00	
 0.00000000e+00	 -7.90309229e+03	  1.90602454e+03	  1.40961660e+04	  4.26792450e+02	  2.02240332e+03	
 7.90309229e+03	  0.00000000e+00	  1.28137671e+03	  4.26792450e+02	  1.32271230e+04	 -3.18503760e+03	
-1.90602454e+03	 -1.28137671e+03	  0.00000000e+00	  2.02240332e+03	 -3.18503760e+03	  2.20193213e+03	
34	 35	 37	
 5.00000000e+03	  0.00000000e+00	  0.00000000e+00	  0.00000000e+00	  5.26795898e+03	  3.80945776e+03	
 0.00000000e+00	  5.00000000e+03	  0.00000000e+00	 -5.26795898e+03	  0.00000000e+00	 -4.93894165e+02	
 0.00000000e+00	  0.00000000e+00	  5.00000000e+03	 -3.80945776e+03	  4.93894165e+02	  0.00000000e+00	
 0.00000000e+00	 -5.26795898e+03	 -3.80945776e+03	  9.41398145e+03	 -3.77650848e+02	  4.93159943e+02	
 5.26795898e+03	  0.00000000e+00	  4.93894165e+02	 -3.77650848e+02	  6.43204102e+03	  3.86304297e+03	
 3.80945776e+03	 -4.93894165e+02	  0.00000000e+00	  4.93159943e+02	  3.86304297e+03	  3.81702075e+03	
34	 36	 37	
 5.00000000e+03	  0.00000000e+00	  0.00000000e+00	  0.00000000e+00	  5.68277734e+03	  2.82999805e+03	
 0.00000000e+00	  5.00000000e+03	  0.00000000e+00	 -5.68277734e+03	  0.00000000e+00	  1.00509171e+02	
 0.00000000e+00	  0.00000000e+00	  5.00000000e+03	 -2.82999805e+03	 -1.00509171e+02	  0.00000000e+00	
 0.00000000e+00	 -5.68277734e+03	 -2.82999805e+03	  9.00945215e+03	 -6.49586639e+01	 -2.98085022e+02	
 5.68277734e+03	  0.00000000e+00	 -1.00509171e+02	 -6.49586639e+01	  7.54191357e+03	  3.11454419e+03	
 2.82999805e+03	  1.00509171e+02	  0.00000000e+00	 -2.98085022e+02	  3.11454419e+03	  2.71302173e+03	
35	 36	 37	
 5.00000000e+03	  0.00000000e+00	  0.00000000e+00	  0.00000000e+00	  7.45894580e+03	 -1.83171228e+03	
 0.00000000e+00	  5.00000000e+03	  0.00000000e+00	 -7.45894580e+03	  0.00000000e+00	 -6.66256866e+01	
 0.00000000e+00	  0.00000000e+00	  5.00000000e+03	  1.83171228e+03	  6.66256866e+01	  0.00000000e+00	
 0.00000000e+00	 -7.45894580e+03	  1.83171228e+03	  1.35235186e+04	  3.27320709e+02	  6.25539001e+02	
 7.45894580e+03	  0.00000000e+00	  6.66256866e+01	  3.27320709e+02	  1.34808213e+04	 -3.15977905e+03	
-1.83171228e+03	 -6.66256866e+01	  0.00000000e+00	  6.25539001e+02	 -3.15977905e+03	  2.68022339e+03	
