14	15	1
0.4778740853629999	0.57275427823	-0.666028979394	-0.048068930986999964
-0.351207966097	0.8195470873260001	0.452779470686	-0.14167988187099995
0.805167411503	0.01754258924800004	0.592793724246	0.39975951855099995
0.0	0.0	0.0	1.0
22	29	2
0.963964407536	0.18917352046199998	-0.18707401662000003	0.041088596704
-0.1593666144	0.973620848601	0.16333020887999997	-0.34957816246600004
0.213038972563	-0.12762773904000002	0.9686763493110001	0.9541218941879999
0.0	0.0	0.0	1.0
23	29	3
0.979153128103	0.034215557859999995	-0.20024409213700003	0.1454310910529998
0.10131484050299999	0.7721532558880001	0.627317811737	0.2076029276739999
0.176082824228	-0.63452176591	0.752584084996	0.7004341211399999
0.0	0.0	0.0	1.0
23	30	4
0.867916770518	-0.08637807835199998	-0.489149525175	0.22417588778999983
0.160918929303	0.980558754487	0.112358358381	0.11583501139999997
0.46993192351	-0.17622811209	0.864935340768	0.6302470276379999
0.0	0.0	0.0	1.0
26	27	5
0.7685828731909999	-0.11676593801799999	-0.629009317895	0.15871279370299998
-0.07958831755899999	0.9581179778800001	-0.275106579203	-0.02817409226500004
0.634784694387	0.261508094895	0.727097415408	-0.02834989596299997
0.0	0.0	0.0	1.0
28	29	6
0.646560020139	0.44136981404	-0.622222778429	-0.14256228910400007
-0.551465210642	0.833995380015	0.018551656667999974	-0.20347447718899997
0.527120675448	0.33114168770300006	0.782627184868	0.15390726273099986
0.0	0.0	0.0	1.0
28	30	7
0.375109648302	0.060728409992000014	-0.924992937123	-0.03864403305900008
-0.638347257412	0.740481217358	-0.21025432937999997	-0.2560984927469999
0.672172284027	0.669338002691	0.31652580658199997	0.07657637903399991
0.0	0.0	0.0	1.0
29	30	8
0.948869156188	-0.016265808114000004	-0.31526789916	0.055447103477999984
-0.144233553143	0.866002681239	-0.4787977652729999	-0.023629185635999965
0.280812562268	0.499789284954	0.819369140418	-0.12615720634799996
0.0	0.0	0.0	1.0
31	32	9
0.7641954852499999	0.38515157832999997	-0.51737306689	0.01921216002500009
-0.5528050473599999	0.8043674899029999	-0.21773762181699996	-0.384861507037
0.33229663942399995	0.4524009504979999	0.827598846387	0.10042341955800002
0.0	0.0	0.0	1.0
32	33	10
0.9078791952959999	0.089807127308	-0.409510993456	0.207078226478
-0.170779251019	0.9713000953219999	-0.165612460502	-0.03087951118799999
0.38288166879	0.220287831301	0.8971515121229999	-0.05225299705400006
0.0	0.0	0.0	1.0
32	34	11
0.6681347334179999	0.49229920812199995	-0.557895382022	0.17698166185999997
-0.23967637639999997	0.852255301694	0.4650073041770001	-0.0295040722800001
0.7043854854539999	-0.176972321723	0.6874071576059999	0.22068408824100008
0.0	0.0	0.0	1.0
32	35	12
0.527725925076	0.12376279206600001	-0.840355535008	0.2918742693259998
-0.335587681308	0.9392286452799999	-0.072420002731	-0.1299413554640001
0.780316814061	0.32022657851299996	0.5371839426989999	0.09100888903399998
0.0	0.0	0.0	1.0
32	36	13
0.541630397524	0.24509062272600002	-0.804099546404	0.24409397317999984
-0.310382330414	0.9472772908179999	0.07965634219499998	-0.04664790089200007
0.7812213804189999	0.20642980651300002	0.5891413020499999	0.086579370973
0.0	0.0	0.0	1.0
33	35	14
0.835188352743	0.074569145679	-0.544893111635	0.1487540209359999
-0.106666961388	0.993921854371	-0.02747448213099999	-0.0570440366200001
0.5395284513899999	0.081063085161	0.838060882753	0.1102081285880001
0.0	0.0	0.0	1.0
33	36	15
0.843853677649	0.13977461763100002	-0.5180551861820001	0.08945473774899988
-0.080737242198	0.987567318875	0.13493761207100002	0.018591542804999923
0.530471708628	-0.07204737729099998	0.844641815589	0.11200642216700012
0.0	0.0	0.0	1.0
34	35	16
0.982664350953	0.08314240972200002	-0.165727736431	0.00949469921399982
-0.164300380845	0.804712253347	-0.57048972151	-0.006087435509000025
0.08592929449199997	0.587824581231	0.8044166870839999	-0.199941105501
0.0	0.0	0.0	1.0
34	36	17
0.9865504401230001	0.08211981744800004	-0.1413549717400001	-0.04551227013600016
-0.13613414829300002	0.8914396922690001	-0.432229324723	0.042161062351999984
0.09051448177199994	0.44565466928500014	0.890621658636	-0.13759781955599998
0.0	0.0	0.0	1.0
35	36	18
0.999589026816	-0.02747209296299999	0.008641397510999913	-0.056623268096999996
0.025682459521000015	0.9861394577710001	0.16395717498499998	0.07089917565500004
-0.013024280881000003	-0.163671865988	0.9864344889169999	0.031740849912000005
0.0	0.0	0.0	1.0
