3	12	1
0.3443096626512363	-0.4132729071586853	0.843004265226409	-0.1447279377941557
0.46563430540968503	0.8548607580812969	0.2289055140653762	0.07316578787601806
-0.8152518063318717	0.3137173312403596	0.4867708820785477	-0.01270322742086327
0.0	0.0	0.0	1.0
4	21	2
0.47639207384802923	-0.22666545137180963	0.8495135555948846	-0.3280178074853223
0.30558728753267134	0.9486483693718891	0.08174848221394737	0.18478824411811826
-0.8244193068018312	0.22065625904492403	0.5211946140946324	-0.6145796903679702
0.0	0.0	0.0	1.0
4	22	3
0.49989859577938495	-0.19340785660897622	0.8442124559352586	-0.32428408291560357
0.45665956815700914	0.8871015818250083	-0.06717626142800723	0.3123848911887758
-0.7359099228755337	0.4190991333493689	0.5317823185020567	-0.6740918096499736
0.0	0.0	0.0	1.0
36	39	4
0.7026330728396674	0.3993258694902578	-0.5889358533050161	-0.15013010941986477
-0.3799215528026843	0.9103642398193857	0.16400176878909686	0.15543295112989247
0.6016364748571912	0.10851624268562282	0.7913645002201428	-0.21091913645660132
0.0	0.0	0.0	1.0
36	40	5
0.47218427422988224	0.48183234772835204	-0.7381594639854503	-0.03412492475094227
-0.3874452572794936	0.865609436860769	0.3171847976047297	0.19406971933318862
0.791787897592841	0.13622674787842373	0.5954108557048635	-0.24229234106993347
0.0	0.0	0.0	1.0
37	39	6
0.8283546617160712	0.33519426245570655	-0.4488576917530977	-0.08080528331462505
-0.29102124115135214	0.9421209880159065	0.16647755240808057	0.10036484207311297
0.4786806207741407	-0.007275399663526933	0.877958934199112	-0.08849601526136884
0.0	0.0	0.0	1.0
