3	12	1
0.34430966265123625	-0.4132729071586855	0.8430042652264093	-0.14472793779415538
0.46563430540968503	0.854860758081297	0.22890551406537626	0.07316578787601861
-0.8152518063318718	0.3137173312403597	0.48677088207854763	-0.012703227420863715
0.0	0.0	0.0	1.0
4	21	2
0.4763920738480292	-0.2266654513718096	0.8495135555948844	-0.32801780748532183
0.3055872875326712	0.948648369371889	0.0817484822139473	0.18478824411811814
-0.8244193068018311	0.22065625904492403	0.5211946140946325	-0.6145796903679702
0.0	0.0	0.0	1.0
4	22	3
0.49989859577938506	-0.19340785660897622	0.8442124559352586	-0.3242840829156035
0.45665956815700903	0.8871015818250082	-0.06717626142800719	0.31238489118877605
-0.7359099228755336	0.4190991333493688	0.5317823185020567	-0.6740918096499741
0.0	0.0	0.0	1.0
36	39	4
0.7026330728396672	0.3993258694902578	-0.588935853305016	-0.15013010941986388
-0.37992155280268425	0.9103642398193857	0.164001768789097	0.15543295112989314
0.6016364748571911	0.10851624268562289	0.7913645002201428	-0.21091913645660132
0.0	0.0	0.0	1.0
36	40	5
0.4721842742298823	0.4818323477283521	-0.7381594639854504	-0.03412492475094227
-0.3874452572794935	0.865609436860769	0.3171847976047297	0.19406971933318873
0.7917878975928409	0.1362267478784238	0.5954108557048636	-0.24229234106993347
0.0	0.0	0.0	1.0
37	39	6
0.8283546617160712	0.3351942624557066	-0.4488576917530976	-0.08080528331462417
-0.29102124115135214	0.9421209880159064	0.1664775524080807	0.10036484207311319
0.47868062077414064	-0.007275399663526862	0.8779589341991119	-0.08849601526136928
0.0	0.0	0.0	1.0
