0	1	145406
0.99035567	0.11948902	-0.07012913	-0.18869010
-0.11931619	0.99283385	0.00666331	0.56166190
0.07042278	0.00176849	0.99751574	-0.32404724
0.00000000	0.00000000	0.00000000	1.00000000
1	2	120522
0.98238677	0.02054905	-0.18572555	0.47189543
-0.00103655	0.99451876	0.10455282	0.00626031
0.18685602	-0.10251879	0.97702330	-0.02890611
0.00000000	0.00000000	0.00000000	1.00000000
2	3	84983
0.96031028	-0.18130523	0.21197288	0.43642735
0.18509202	0.98271900	0.00201141	-0.78482634
-0.20867446	0.03730291	0.97727352	0.67144787
0.00000000	0.00000000	0.00000000	1.00000000
3	4	59664
0.91678274	-0.19677210	0.34754878	0.15974185
0.23025885	0.97143561	-0.05739029	-0.58033204
-0.32632849	0.13264064	0.93590403	0.57183641
0.00000000	0.00000000	0.00000000	1.00000000
4	5	62190
0.86542320	-0.11585173	0.48746401	-0.01661276
0.24112110	0.94913280	-0.20250332	-0.49016717
-0.43920767	0.29278889	0.84933579	0.29128775
0.00000000	0.00000000	0.00000000	1.00000000
5	6	100375
0.94628030	0.07765193	0.31388509	-0.05321417
0.06109120	0.91031772	-0.40937701	-0.19239064
-0.31752405	0.40656099	0.85667187	-0.22902848
0.00000000	0.00000000	0.00000000	1.00000000
6	7	66155
0.95379013	-0.00005450	-0.30047336	0.05581389
0.06799181	0.97410083	0.21564920	0.06033926
0.29267955	-0.22611380	0.92909163	-0.20446792
0.00000000	0.00000000	0.00000000	1.00000000
7	8	57579
0.84600550	0.21349159	-0.48856518	0.25303406
-0.04134908	0.93984473	0.33908966	0.35299882
0.53156829	-0.26667002	0.80394173	-0.37932348
0.00000000	0.00000000	0.00000000	1.00000000
8	9	45318
0.95018995	0.14591834	-0.27540290	0.24772125
-0.13832502	0.98927540	0.04690718	0.20742169
0.27929398	-0.00647561	0.96018386	-0.37837997
0.00000000	0.00000000	0.00000000	1.00000000
9	10	44084
0.99146801	-0.01922196	-0.12892447	0.10556654
-0.03103366	0.92581832	-0.37669280	-0.11000001
0.12660138	0.37747991	0.91732264	-1.09473217
0.00000000	0.00000000	0.00000000	1.00000000
10	11	61740
0.99793655	0.04801796	-0.04262727	-0.28142795
-0.05677706	0.96995151	-0.23658130	0.03267727
0.02998623	0.23851337	0.97067624	-0.29288197
0.00000000	0.00000000	0.00000000	1.00000000
11	12	31582
0.99661309	-0.06503469	-0.05032608	0.15703781
0.07787713	0.94296914	0.32364249	0.20015065
0.02640794	-0.32646561	0.94484013	0.49296054
0.00000000	0.00000000	0.00000000	1.00000000
12	13	63155
0.99614882	-0.02159509	0.08497670	-0.09981274
-0.01928710	0.89148128	0.45264682	0.58476299
-0.08553011	-0.45254254	0.88763154	0.84958154
0.00000000	0.00000000	0.00000000	1.00000000
13	14	55331
0.82410491	-0.36486197	0.43327454	0.80533612
0.32571584	0.93104511	0.16451205	-0.38473102
-0.46342233	0.00554919	0.88612020	1.07355917
0.00000000	0.00000000	0.00000000	1.00000000
14	15	62271
0.99776298	0.06183433	-0.02540792	-0.12801677
-0.05867719	0.99215990	0.11034383	0.24415335
0.03203176	-0.10860612	0.99356872	0.01569111
0.00000000	0.00000000	0.00000000	1.00000000
15	16	59983
0.78703111	0.44148338	-0.43089959	-0.41450596
-0.43355310	0.89272511	0.12277454	0.88386947
0.43887782	0.09019049	0.89400893	-0.91918600
0.00000000	0.00000000	0.00000000	1.00000000
16	17	76984
0.97869736	0.13219106	-0.15708897	-0.38899860
-0.14182958	0.98853636	-0.05177067	0.16206957
0.14844455	0.07294770	0.98622656	-0.41610447
0.00000000	0.00000000	0.00000000	1.00000000
17	18	87768
0.90617865	0.30799744	-0.28978932	-0.11570649
-0.27569330	0.94986910	0.14745137	1.06547725
0.32067657	-0.05372430	0.94566387	-0.76904088
0.00000000	0.00000000	0.00000000	1.00000000
18	19	89866
0.97839344	0.10405477	-0.17865855	-0.05941819
-0.13962251	0.96984631	-0.19975880	0.81282258
0.15248545	0.22038750	0.96341974	-0.63880461
0.00000000	0.00000000	0.00000000	1.00000000
19	20	76303
0.95333523	-0.20742549	0.21937805	0.27072382
0.16814092	0.96827734	0.18484429	-0.53071642
-0.25076026	-0.13933213	0.95796967	0.61911178
0.00000000	0.00000000	0.00000000	1.00000000
20	21	113201
0.89691293	-0.26005685	0.35765576	0.22310697
0.29618523	0.95386302	-0.04919187	-0.78090215
-0.32836190	0.15005316	0.93255693	0.28906450
0.00000000	0.00000000	0.00000000	1.00000000
21	22	74984
0.93733162	-0.23407800	0.25810274	0.24891450
0.20256861	0.96877825	0.14294969	-0.63750714
-0.28350571	-0.08170775	0.95548326	1.28667462
0.00000000	0.00000000	0.00000000	1.00000000
22	23	55156
0.98415947	0.09198699	-0.15155344	-0.25430113
-0.10987928	0.98735708	-0.11424841	0.42056999
0.13912800	0.12909125	0.98182422	-0.00668841
0.00000000	0.00000000	0.00000000	1.00000000
23	24	44354
0.47414568	-0.59774840	0.64643842	1.96502113
0.58547628	0.76241922	0.27556199	-0.78030455
-0.65757394	0.24781784	0.71146524	0.98425466
0.00000000	0.00000000	0.00000000	1.00000000
24	25	79575
0.75985748	-0.43069676	0.48694637	1.17012227
0.48869801	0.87240613	0.00903936	-0.75894445
-0.42870837	0.23110113	0.87338513	0.32826087
0.00000000	0.00000000	0.00000000	1.00000000
25	26	68588
0.76934421	0.39230859	-0.50418591	-0.00751342
-0.38072345	0.91532445	0.13126571	0.84080338
0.51299042	0.09096689	0.85356069	-1.17055249
0.00000000	0.00000000	0.00000000	1.00000000
26	27	57585
0.75882703	0.52611470	-0.38390714	-0.38456184
-0.37820736	0.83584452	0.39789864	0.81941807
0.53022695	-0.15673974	0.83324188	-0.70646232
0.00000000	0.00000000	0.00000000	1.00000000
27	28	52582
0.88855112	0.45242798	-0.07606484	-0.57613754
-0.38014185	0.81888264	0.43002713	0.79797250
0.25684449	-0.35318559	0.89960587	0.29777706
0.00000000	0.00000000	0.00000000	1.00000000
28	29	67858
0.99843723	-0.05572839	-0.00420734	0.24811694
0.05197815	0.95362926	-0.29646179	0.02873156
0.02053359	0.29577976	0.95503545	-0.83059412
0.00000000	0.00000000	0.00000000	1.00000000
29	30	71389
0.41454166	-0.67095816	0.61479300	2.25330901
0.79063416	0.60005796	0.12176929	-0.70934147
-0.45061362	0.43559805	0.77923143	0.10079522
0.00000000	0.00000000	0.00000000	1.00000000
30	31	46604
0.38288581	-0.59272081	0.70857626	2.43222094
0.70423239	0.68369246	0.19136707	-0.71979201
-0.59787554	0.42573065	0.67918926	0.72580069
0.00000000	0.00000000	0.00000000	1.00000000
31	32	95142
0.99848342	0.02210385	-0.05042031	0.01685019
-0.03161481	0.98000425	-0.19644831	-0.12913561
0.04506985	0.19774441	0.97921699	-0.67017245
0.00000000	0.00000000	0.00000000	1.00000000
32	33	52615
0.49200523	0.59805804	-0.63265902	-0.30836415
-0.50020528	0.78896981	0.35682121	1.31489813
0.71254873	0.14090142	0.68732911	-1.63654590
0.00000000	0.00000000	0.00000000	1.00000000
33	34	34044
0.33900782	0.67090148	-0.65951872	-0.24675474
-0.60591918	0.69197798	0.39246455	1.76988423
0.71967751	0.26656640	0.64109802	-1.73310828
0.00000000	0.00000000	0.00000000	1.00000000
34	35	69415
0.89667606	0.32515785	-0.30040696	-0.54653323
-0.29192966	0.94446027	0.15090314	0.37406072
0.33278984	-0.04761352	0.94179821	-0.90091062
0.00000000	0.00000000	0.00000000	1.00000000
35	36	52801
0.99002302	0.12996136	-0.05444641	-0.29721037
-0.13952497	0.95813888	-0.25000542	-0.02522783
0.01967617	0.25510773	0.96671242	-0.93045360
0.00000000	0.00000000	0.00000000	1.00000000
36	37	38069
0.99863410	0.01759163	-0.04919864	-0.05278594
-0.03219024	0.94883442	-0.31412902	-0.17965361
0.04115533	0.31528372	0.94810468	-0.92234081
0.00000000	0.00000000	0.00000000	1.00000000
37	38	49203
0.99834138	-0.05730421	-0.00554177	0.08790180
0.05489922	0.97656649	-0.20809637	-0.35349452
0.01733671	0.20744698	0.97809267	-0.64895761
0.00000000	0.00000000	0.00000000	1.00000000
38	39	52050
0.99719292	0.07041758	0.02544458	-0.14104697
-0.06353664	0.97563380	-0.21000488	0.30198699
-0.03961263	0.20779875	0.97736925	-0.31709483
0.00000000	0.00000000	0.00000000	1.00000000
39	40	46232
0.96752638	-0.06603500	-0.24399179	0.03035820
0.04974842	0.99613959	-0.07232685	0.24129942
0.24782598	0.05783993	0.96707642	-0.59614187
0.00000000	0.00000000	0.00000000	1.00000000
40	41	60928
0.98909533	-0.13671079	0.05477663	0.33520371
0.08281053	0.82381785	0.56077337	0.59356254
-0.12178974	-0.55012214	0.82615548	1.30378044
0.00000000	0.00000000	0.00000000	1.00000000
41	42	67485
0.98959130	-0.05118292	0.13449673	0.13720264
0.01027107	0.95734984	0.28874901	0.40417787
-0.14353944	-0.28436205	0.94791073	1.02498782
0.00000000	0.00000000	0.00000000	1.00000000
42	43	77279
0.99867380	-0.03107844	0.04104792	0.05672960
0.01723329	0.95305520	0.30230603	0.30236301
-0.04851613	-0.30119771	0.95232666	0.74228156
0.00000000	0.00000000	0.00000000	1.00000000
43	44	69176
0.95742017	-0.20536068	0.20291278	0.13376383
0.24721886	0.94617724	-0.20888133	-0.24133340
-0.14909548	0.25015107	0.95665824	-0.05638094
0.00000000	0.00000000	0.00000000	1.00000000
44	45	67609
0.97176170	-0.14684047	0.18470782	-0.16976494
0.15272945	0.98810422	-0.01799021	-0.27974418
-0.17986891	0.04569253	0.98262882	0.27340743
0.00000000	0.00000000	0.00000000	1.00000000
45	46	71666
0.90819174	-0.32836238	0.25954983	0.45482266
0.32765538	0.94361323	0.04728665	-0.61630940
-0.26044181	0.04209755	0.96457136	0.41360250
0.00000000	0.00000000	0.00000000	1.00000000
46	47	61737
0.99153173	0.07647980	-0.10495579	-0.32718262
-0.11308227	0.90585142	-0.40822241	0.13382775
0.06385358	0.41663405	0.90682894	-1.19664800
0.00000000	0.00000000	0.00000000	1.00000000
47	48	55224
0.99174517	-0.12374348	0.03360183	0.39912537
0.12599990	0.98908412	-0.07639708	-0.79075432
-0.02378141	0.08000027	0.99651110	-0.26820657
0.00000000	0.00000000	0.00000000	1.00000000
48	49	51686
0.99294543	0.03561437	-0.11309765	-0.16054793
-0.07261065	0.93669963	-0.34252208	0.00946127
0.09373983	0.34831780	0.93267763	-1.06626487
0.00000000	0.00000000	0.00000000	1.00000000
49	50	107799
0.94626009	0.01079182	0.32322595	-0.00923419
0.07761618	0.96265513	-0.25936624	-0.11279683
-0.31395420	0.27051547	0.91008478	0.08891831
0.00000000	0.00000000	0.00000000	1.00000000
50	51	50911
0.98983514	0.09571996	-0.10518585	-0.35608119
-0.06408875	0.96046275	0.27093154	0.84063649
0.12696064	-0.26143640	0.95683438	0.09504523
0.00000000	0.00000000	0.00000000	1.00000000
51	52	73906
0.94907117	-0.06781899	0.30767584	0.22796880
-0.03868615	0.94408274	0.32743111	0.46754447
-0.31267753	-0.32265818	0.89337808	1.48548543
0.00000000	0.00000000	0.00000000	1.00000000
52	53	70638
0.97550941	-0.13402528	0.17440905	0.17898618
0.09585793	0.97270429	0.21132319	-0.62593770
-0.19797111	-0.18942927	0.96172971	0.59666282
0.00000000	0.00000000	0.00000000	1.00000000
53	54	56526
0.99924999	-0.03586514	-0.01460548	0.06639554
0.03022816	0.95813805	-0.28470621	-0.45129228
0.02420510	0.28405109	0.95850354	-0.89339870
0.00000000	0.00000000	0.00000000	1.00000000
54	55	80504
0.99636364	0.01722337	0.08344432	0.01439647
-0.00392907	0.98760164	-0.15693170	-0.20768078
-0.08511262	0.15603317	0.98407793	-0.31635809
0.00000000	0.00000000	0.00000000	1.00000000
55	56	52104
0.99840325	0.04101706	-0.03883603	-0.11037223
-0.04118409	0.99914539	-0.00351016	0.60346949
0.03865887	0.00510399	0.99923950	-0.03700943
0.00000000	0.00000000	0.00000000	1.00000000
56	57	77921
0.99766260	0.02878118	0.06197382	-0.00841389
-0.05660226	0.85617554	0.51357526	1.11569238
-0.03827918	-0.51588267	0.85580373	1.13728404
0.00000000	0.00000000	0.00000000	1.00000000
57	58	44367
0.76294333	0.40618575	-0.50292224	-0.39111269
-0.35654655	0.91332394	0.19675870	1.23648238
0.53925151	0.02919944	0.84163851	-1.07034171
0.00000000	0.00000000	0.00000000	1.00000000
58	59	78974
0.84363937	0.41860601	-0.33621642	-0.36247534
-0.34770083	0.90311515	0.25196669	0.47894570
0.40911695	-0.09566631	0.90745318	-0.95681697
0.00000000	0.00000000	0.00000000	1.00000000
59	60	70469
0.95126647	0.17667601	-0.25274077	-0.31000894
-0.25703257	0.90710104	-0.33331949	0.92036688
0.17037186	0.38203818	0.90830618	-0.92445439
0.00000000	0.00000000	0.00000000	1.00000000
60	61	58051
0.97900611	-0.08705658	0.18430446	0.32194600
0.16134174	0.88353992	-0.43968880	-0.19423878
-0.12456255	0.46019402	0.87903678	-0.84894419
0.00000000	0.00000000	0.00000000	1.00000000
61	62	48922
0.99549210	0.07254815	-0.06108945	-0.18706448
-0.06764200	0.99458712	0.07887416	0.24613330
0.06648094	-0.07438640	0.99501103	0.04229920
0.00000000	0.00000000	0.00000000	1.00000000
62	63	58374
0.73007315	0.23622230	-0.64124262	-0.09073754
-0.09972598	0.96513796	0.24199866	0.41267410
0.67605311	-0.11272819	0.72817898	-1.02716267
0.00000000	0.00000000	0.00000000	1.00000000
63	64	46139
0.93319541	0.17780624	-0.31230018	-0.16397016
-0.11841107	0.97262853	0.19993179	0.32715249
0.33930123	-0.14959563	0.92870659	-0.07677335
0.00000000	0.00000000	0.00000000	1.00000000
64	65	58849
0.99932498	0.01472561	-0.03365768	-0.17228892
-0.01239399	0.99757677	0.06846257	0.42246878
0.03458427	-0.06799921	0.99708569	-0.08375662
0.00000000	0.00000000	0.00000000	1.00000000
65	66	56267
0.98735279	0.08517414	-0.13371518	-0.05921056
-0.08821853	0.99595606	-0.01699973	0.49688169
0.13172652	0.02858088	0.99087399	-0.24119250
0.00000000	0.00000000	0.00000000	1.00000000
66	67	46870
0.64746785	-0.57066953	0.50509578	1.78171611
0.49079868	0.81927294	0.29649368	-0.72130573
-0.58301121	0.05593020	0.81053674	0.96783698
0.00000000	0.00000000	0.00000000	1.00000000
67	68	57360
0.98653656	-0.01505107	0.16284694	-0.10568617
0.02599262	0.99752915	-0.06526855	-0.10323966
-0.16146222	0.06862263	0.98449022	0.05897121
0.00000000	0.00000000	0.00000000	1.00000000
68	69	75340
0.90315646	0.15211223	-0.40146023	-0.22437966
-0.27442399	0.92368710	-0.26738298	1.09869266
0.33015141	0.35165894	0.87597716	-1.44666958
0.00000000	0.00000000	0.00000000	1.00000000
69	70	72478
0.88497669	0.24852324	-0.39376703	-0.59439427
-0.22051555	0.96850151	0.11566236	0.58406824
0.41010877	-0.01552673	0.91190439	-0.93462747
0.00000000	0.00000000	0.00000000	1.00000000
70	71	74489
0.92651778	0.21582167	-0.30819762	0.23397014
-0.16215584	0.96819806	0.19052015	0.01638878
0.33951476	-0.12654430	0.93204951	-0.54402012
0.00000000	0.00000000	0.00000000	1.00000000
71	72	68994
0.99916738	0.00117948	0.04078133	0.23524398
0.00873150	0.97023988	-0.24198858	-0.27413273
-0.03985308	0.24214317	0.96942168	-0.34788954
0.00000000	0.00000000	0.00000000	1.00000000
72	73	62988
0.99591428	-0.02123917	-0.08777128	-0.03969210
0.00336667	0.98000509	-0.19894412	-0.12930830
0.09024170	0.19783579	0.97607243	-0.57860875
0.00000000	0.00000000	0.00000000	1.00000000
73	74	59891
0.96791601	0.13878807	-0.20946673	-0.26959467
-0.12101746	0.98804998	0.09545578	0.27935451
0.22021171	-0.06704406	0.97314531	-0.07615906
0.00000000	0.00000000	0.00000000	1.00000000
74	75	53506
0.73946637	-0.37482446	0.55919230	0.74687332
0.31590974	0.92672479	0.20342639	-0.42462236
-0.59446657	0.02622732	0.80369240	1.22988629
0.00000000	0.00000000	0.00000000	1.00000000
75	76	74073
0.93154770	-0.20827729	0.29805949	0.18207398
0.18955874	0.97766840	0.09073044	-0.25778261
-0.31030041	-0.02801995	0.95022553	0.71895885
0.00000000	0.00000000	0.00000000	1.00000000
76	77	44790
0.67707771	0.47984418	-0.55795652	-0.31634271
-0.34822091	0.87683493	0.33151597	0.67217755
0.64831167	-0.03016993	0.76077706	-1.36342180
0.00000000	0.00000000	0.00000000	1.00000000
77	78	76613
0.91639894	0.30499107	-0.25921711	-0.28746748
-0.35435954	0.91932511	-0.17108715	0.48334190
0.18612474	0.24864013	0.95054489	-0.96936381
0.00000000	0.00000000	0.00000000	1.00000000
78	79	86042
0.99173754	0.03465704	-0.12351304	-0.24293135
-0.03465716	0.99939704	0.00214818	-0.17174846
0.12351303	0.00215019	0.99234062	0.19311811
0.00000000	0.00000000	0.00000000	1.00000000
79	80	63012
0.99373198	-0.11099362	0.01329868	0.21245971
0.11121543	0.99364573	-0.01729680	0.39437866
-0.01129434	0.01866741	0.99976194	-0.38928065
0.00000000	0.00000000	0.00000000	1.00000000
80	81	81908
0.99002117	-0.04060246	0.13494255	-0.12930804
0.04484317	0.99858636	-0.02853547	0.37227616
-0.13359316	0.03430197	0.99044245	-0.25451025
0.00000000	0.00000000	0.00000000	1.00000000
81	82	67477
0.97137988	0.18461305	-0.14946336	-0.31516355
-0.14842401	0.96301836	0.22486897	0.73184431
0.18544970	-0.19624923	0.96285754	-0.23962474
0.00000000	0.00000000	0.00000000	1.00000000
82	83	93292
0.91032249	0.22687498	-0.34618011	-0.59734368
-0.23893389	0.97100234	0.00805728	0.50295424
0.33796972	0.07537943	0.93813354	-0.95653850
0.00000000	0.00000000	0.00000000	1.00000000
83	84	63580
0.57106245	-0.60564166	0.55415332	2.15304685
0.53145629	0.78724808	0.31272122	-0.74638468
-0.62565309	0.11592493	0.77143997	1.22661436
0.00000000	0.00000000	0.00000000	1.00000000
84	85	71825
0.84176517	-0.37080222	0.39234811	1.39428937
0.35918689	0.92725855	0.10571866	-0.80509984
-0.40300888	0.05193602	0.91372126	0.98232883
0.00000000	0.00000000	0.00000000	1.00000000
85	86	63145
0.54711658	-0.60750669	0.57584643	2.31358457
0.59383720	0.76654297	0.24447794	-0.93310273
-0.58993286	0.20820110	0.78014827	1.05895030
0.00000000	0.00000000	0.00000000	1.00000000
86	87	54837
0.45198774	-0.65119737	0.60963029	2.68926167
0.67176485	0.69813156	0.24767788	-1.04652596
-0.58688933	0.29758081	0.75299841	0.90128672
0.00000000	0.00000000	0.00000000	1.00000000
87	88	81633
0.51754451	-0.63546491	0.57300252	2.52155566
0.65189999	0.72659475	0.21699417	-0.97723752
-0.55423295	0.26123622	0.79030472	0.69035941
0.00000000	0.00000000	0.00000000	1.00000000
88	89	103254
0.72002584	-0.46946824	0.51104045	1.81169116
0.50421679	0.85990590	0.07954220	-0.72146654
-0.47678924	0.20040277	0.85586840	0.48311231
0.00000000	0.00000000	0.00000000	1.00000000
89	90	107057
0.91835076	0.31729281	-0.23655319	-0.21744247
-0.32313532	0.94623822	0.01472436	0.51687044
0.22850759	0.06291655	0.97150695	-0.37481892
0.00000000	0.00000000	0.00000000	1.00000000
90	91	99391
0.99808913	0.02386227	-0.05699771	-0.08598217
-0.02288215	0.99957985	0.01778691	-0.12450846
0.05739820	-0.01644869	0.99821591	0.07597572
0.00000000	0.00000000	0.00000000	1.00000000
91	92	111299
0.44060695	-0.65185118	0.61721641	2.21567774
0.67053652	0.69611979	0.25651178	-1.15987253
-0.59686375	0.30084503	0.74380511	1.02118552
0.00000000	0.00000000	0.00000000	1.00000000
92	93	88084
0.85173714	-0.31597129	0.41797853	0.81345254
0.32594383	0.94409263	0.04949488	-0.74994820
-0.41024941	0.09408088	0.90710753	0.82552201
0.00000000	0.00000000	0.00000000	1.00000000
93	94	106775
0.95227313	-0.08541919	0.29305196	0.02300027
0.13600999	0.97821480	-0.15683343	-0.53823888
-0.27327120	0.18920627	0.94314587	0.22629063
0.00000000	0.00000000	0.00000000	1.00000000
94	95	91370
0.93238246	-0.26969260	0.24068372	0.36130950
0.25780949	0.96286249	0.08018760	-0.68414485
-0.25337133	-0.01271498	0.96728545	0.76906234
0.00000000	0.00000000	0.00000000	1.00000000
95	96	96686
0.75122762	-0.45160735	0.48136052	1.00594401
0.41159353	0.89064407	0.19324607	-0.99632812
-0.51599216	0.05295308	0.85495490	1.24988568
0.00000000	0.00000000	0.00000000	1.00000000
96	97	112837
0.92466640	-0.21581234	0.31371465	0.06200770
0.24235447	0.96901327	-0.04772511	-0.82186168
-0.29369396	0.12015995	0.94831711	0.48505747
0.00000000	0.00000000	0.00000000	1.00000000
97	98	82296
0.93743187	-0.19844003	0.28608197	0.10862475
0.22606480	0.97182864	-0.06666154	-0.86766839
-0.26479429	0.12716369	0.95588356	0.79374510
0.00000000	0.00000000	0.00000000	1.00000000
98	99	43495
0.97593212	0.21728979	-0.01848281	-0.88005733
-0.21631379	0.97531772	0.04431193	0.50412494
0.02765513	-0.03924735	0.99884677	0.33831424
0.00000000	0.00000000	0.00000000	1.00000000
99	100	41862
0.88172859	0.10587656	-0.45972243	0.06623980
-0.17699288	0.97754908	-0.11433023	0.81826997
0.43729639	0.18217584	0.88067245	-1.33557189
0.00000000	0.00000000	0.00000000	1.00000000
100	101	39593
0.99291897	0.04068411	-0.11161071	0.08368205
-0.02845114	0.99362516	0.10908533	-0.00959039
0.11533725	-0.10513743	0.98774666	-0.02316418
0.00000000	0.00000000	0.00000000	1.00000000
101	102	74106
0.87148923	-0.14565597	0.46828496	0.72759837
0.25389647	0.95094991	-0.17672257	-1.05227184
-0.41957486	0.27290776	0.86572427	0.11567965
0.00000000	0.00000000	0.00000000	1.00000000
102	103	65584
0.99756306	0.04936080	0.04930978	0.01496348
-0.05351893	0.99477756	0.08690978	0.24144797
-0.04476232	-0.08933700	0.99499512	0.69654351
0.00000000	0.00000000	0.00000000	1.00000000
103	104	35725
0.92481172	0.03869039	-0.37845242	-0.00659313
-0.06974863	0.99519610	-0.06870041	0.74499857
0.37397632	0.08993149	0.92306775	-1.35207164
0.00000000	0.00000000	0.00000000	1.00000000
104	105	50071
0.89078546	0.26090515	-0.37206131	-0.62218446
-0.20755197	0.96195823	0.17764707	0.59890556
0.40425655	-0.08102337	0.91104984	-0.66080648
0.00000000	0.00000000	0.00000000	1.00000000
105	106	77878
0.97978246	0.10844180	-0.16812749	-0.39652404
-0.04656713	0.94088995	0.33549619	-0.00013155
0.19457127	-0.32088405	0.92691714	0.39918217
0.00000000	0.00000000	0.00000000	1.00000000
106	107	61033
0.99813074	0.00703351	0.06070768	-0.00276180
-0.00201252	0.99659920	-0.08237563	0.34858945
-0.06108061	0.08209948	0.99475062	0.06479529
0.00000000	0.00000000	0.00000000	1.00000000
107	108	72350
0.99687183	-0.01628690	-0.07733884	0.13059834
0.01857769	0.99940687	0.02899374	0.01650467
0.07682075	-0.03033981	0.99658316	-0.13995430
0.00000000	0.00000000	0.00000000	1.00000000
108	109	82499
0.87975514	-0.23997611	0.41041708	0.04763728
0.31435999	0.94123650	-0.12349751	-0.79342240
-0.35666320	0.23766628	0.90349668	0.20880997
0.00000000	0.00000000	0.00000000	1.00000000
109	110	74340
0.92763758	-0.23708990	0.28857726	0.35005441
0.17960137	0.96064323	0.21191493	-0.20982125
-0.32746273	-0.14475138	0.93371052	1.20407474
0.00000000	0.00000000	0.00000000	1.00000000
110	111	80483
0.89170355	0.23752227	-0.38528928	-0.21481591
-0.31594676	0.93618137	-0.15408410	0.76398379
0.32410231	0.25912830	0.90984076	-1.45342135
0.00000000	0.00000000	0.00000000	1.00000000
111	112	35510
0.84434897	-0.32839218	0.42335966	1.19304132
0.31943271	0.94290370	0.09431587	-0.72619039
-0.43015996	0.05559943	0.90103894	1.12743986
0.00000000	0.00000000	0.00000000	1.00000000
112	113	44280
0.55350673	-0.51452625	0.65489942	1.93268692
0.46253210	0.84383452	0.27204245	-0.60138184
-0.69259977	0.15233468	0.70505303	1.25633085
0.00000000	0.00000000	0.00000000	1.00000000
113	114	43408
0.96696234	-0.19466405	0.16458955	0.50855416
0.15377150	0.96037507	0.23245247	-0.06772690
-0.20331784	-0.19946358	0.95858020	0.82810825
0.00000000	0.00000000	0.00000000	1.00000000
114	115	93624
0.86160320	-0.31106350	0.40109783	1.12312472
0.30782405	0.94853187	0.07437466	-0.52634495
-0.40358937	0.05938612	0.91301090	0.50066811
0.00000000	0.00000000	0.00000000	1.00000000
115	116	124908
0.96152318	-0.25910279	0.09131818	0.68106323
0.26604423	0.96109229	-0.07431179	-0.53116411
-0.06851081	0.09574718	0.99304521	-0.12699048
0.00000000	0.00000000	0.00000000	1.00000000
116	117	127645
0.96655124	-0.25629634	0.00953132	0.40146974
0.25646910	0.96564835	-0.04179664	-0.44344574
0.00150842	0.04284308	0.99908072	-0.00162996
0.00000000	0.00000000	0.00000000	1.00000000
117	118	147010
0.98359042	-0.10557099	0.14630364	0.16449350
0.10712516	0.99424177	-0.00276280	-0.23273799
-0.14516954	0.01839026	0.98923600	0.32710037
0.00000000	0.00000000	0.00000000	1.00000000
118	119	128275
0.93322968	-0.28104863	0.22381653	0.62574536
0.29362768	0.95560974	-0.02434691	-0.77252597
-0.20703857	0.08843999	0.97432703	0.29470941
0.00000000	0.00000000	0.00000000	1.00000000
119	120	102406
0.89100641	-0.27095202	0.36426991	0.60909194
0.33641714	0.93283349	-0.12901610	-0.73021692
-0.30484599	0.23750085	0.92231357	0.42233071
0.00000000	0.00000000	0.00000000	1.00000000
120	121	63088
0.74878913	-0.34871313	0.56366110	0.94501770
0.41801137	0.90841711	0.00669646	-0.55174506
-0.51437455	0.23060253	0.82597905	0.81883818
0.00000000	0.00000000	0.00000000	1.00000000
121	122	50727
0.87337637	-0.29945886	0.38410681	1.10842288
0.27494371	0.95410717	0.11868180	-0.33820128
-0.40201941	0.00195388	0.91562897	0.71963906
0.00000000	0.00000000	0.00000000	1.00000000
122	123	62627
0.92948031	-0.24286486	0.27763820	0.56238681
0.29110533	0.94521528	-0.14773597	-0.27569133
-0.22654793	0.21813960	0.94925821	0.04456083
0.00000000	0.00000000	0.00000000	1.00000000
123	124	67359
0.97892624	-0.05311856	0.19718456	-0.11535461
0.05874721	0.99801248	-0.02280199	0.03691595
-0.19558148	0.03390551	0.98010105	0.21143940
0.00000000	0.00000000	0.00000000	1.00000000
124	125	95866
0.87331778	-0.34018031	0.34870255	0.60140562
0.29724365	0.93921471	0.17182022	-0.61200869
-0.38595632	-0.04640403	0.92134917	0.80967587
0.00000000	0.00000000	0.00000000	1.00000000
125	126	96472
0.98232901	0.10259057	-0.15654103	-0.17457400
-0.11519874	0.99060506	-0.07369515	-0.11863850
0.14750992	0.09042621	0.98491824	-0.33034381
0.00000000	0.00000000	0.00000000	1.00000000
126	127	85913
0.97523457	-0.14235018	0.16927448	0.77493674
0.13050266	0.98827744	0.07922477	-0.19957565
-0.17856781	-0.05517198	0.98237950	0.51633549
0.00000000	0.00000000	0.00000000	1.00000000
127	128	62108
0.99583930	-0.02092235	0.08869237	0.20754525
0.05102267	0.93443835	-0.35245121	-0.41678241
-0.07550344	0.35551012	0.93161786	-0.50560778
0.00000000	0.00000000	0.00000000	1.00000000
128	129	79347
0.93924266	-0.10374969	0.32719907	0.18455993
0.13191253	0.98912627	-0.06502564	-0.35575083
-0.31689480	0.10423650	0.94271547	0.57848954
0.00000000	0.00000000	0.00000000	1.00000000
129	130	47983
0.90874338	0.16404521	-0.38376364	-0.02040637
-0.12530440	0.98433256	0.12404909	0.50255501
0.39810070	-0.06464151	0.91506130	-0.62164992
0.00000000	0.00000000	0.00000000	1.00000000
130	131	64529
0.97088051	0.18953848	-0.14651348	-0.33932945
-0.12729463	0.92625958	0.35473830	0.70724386
0.20294604	-0.32575804	0.92341459	0.14892948
0.00000000	0.00000000	0.00000000	1.00000000
131	132	61065
0.76048136	0.49978387	-0.41458911	-0.82421446
-0.46224761	0.86506182	0.19492364	1.37369263
0.45606491	0.04340700	0.88888729	-1.15797091
0.00000000	0.00000000	0.00000000	1.00000000
132	133	103162
0.87409532	-0.42297465	0.23885107	0.92292637
0.44828236	0.89178902	-0.06128265	-1.46579325
-0.18708374	0.16063960	0.96912050	-0.15923141
0.00000000	0.00000000	0.00000000	1.00000000
133	134	90080
0.93767762	-0.21211295	0.27526113	0.52901459
0.20454662	0.97723871	0.05625996	-0.65285629
-0.28092930	0.00355002	0.95972198	0.94607252
0.00000000	0.00000000	0.00000000	1.00000000
134	135	90847
0.99866158	-0.01802367	0.04847732	0.04949689
0.00903530	0.98369783	0.17960225	0.13656341
-0.05092413	-0.17892385	0.98254412	0.73940480
0.00000000	0.00000000	0.00000000	1.00000000
135	136	96051
0.92206013	0.24150658	-0.30245608	-0.08000202
-0.32868633	0.90122724	-0.28240877	1.28655207
0.20437805	0.35981104	0.91036564	-1.57419193
0.00000000	0.00000000	0.00000000	1.00000000
136	137	67574
0.82983536	0.31420314	-0.46113926	0.02179909
-0.35608739	0.93444371	-0.00409595	1.03108478
0.42962173	0.16760486	0.88731825	-1.20677531
0.00000000	0.00000000	0.00000000	1.00000000
137	138	72506
0.40859392	0.39496279	-0.82283366	0.43831336
-0.49131796	0.85493737	0.16639924	1.25773358
0.76919293	0.33628333	0.54337454	-2.26271105
0.00000000	0.00000000	0.00000000	1.00000000
138	139	71459
0.97520214	-0.02977116	-0.21930470	0.10648735
-0.08770701	0.85779005	-0.50646180	0.05886123
0.20319539	0.51313722	0.83390749	-1.65638793
0.00000000	0.00000000	0.00000000	1.00000000
139	140	90886
0.99538863	0.06133663	0.07375207	-0.28061077
-0.04333597	0.97346181	-0.22470884	-0.02550847
-0.08557771	0.22047649	0.97163087	-0.22215445
0.00000000	0.00000000	0.00000000	1.00000000
140	141	87818
0.82997018	0.19336078	0.52322161	-0.56362122
-0.09131541	0.97244096	-0.21452263	0.30522868
-0.55028242	0.13026921	0.82475394	1.31577826
0.00000000	0.00000000	0.00000000	1.00000000
141	142	91634
0.95277435	0.07125602	0.29520085	-0.82662916
-0.14467402	0.96118540	0.23492965	0.39150149
-0.26700258	-0.26654285	0.92610174	0.49736029
0.00000000	0.00000000	0.00000000	1.00000000
142	143	75204
0.99812061	0.02767075	-0.05467650	-0.00038502
-0.00395287	0.91946059	0.39316204	0.52942312
0.06115198	-0.39220697	0.91784209	0.66246170
0.00000000	0.00000000	0.00000000	1.00000000
143	144	93397
0.99954349	0.02688672	-0.01378277	0.01721448
-0.02099970	0.94620544	0.32288441	0.85739118
0.02172264	-0.32244757	0.94633800	0.87252212
0.00000000	0.00000000	0.00000000	1.00000000
144	145	115159
0.97206759	-0.14433150	0.18507582	-0.44100457
0.14397146	0.98946118	0.01545520	-0.61999398
-0.18535601	0.01162214	0.98260254	0.01724217
0.00000000	0.00000000	0.00000000	1.00000000
145	146	102527
0.99524283	-0.05671960	0.07921193	-0.27981323
0.07011368	0.98150718	-0.17812279	-0.64297456
-0.06764404	0.18282928	0.98081481	-0.44213161
0.00000000	0.00000000	0.00000000	1.00000000
146	147	131943
0.99470097	0.03809080	0.09549423	0.05057906
0.00399252	0.91382271	-0.40609369	-0.19432187
-0.10273321	0.40432304	0.90882820	-0.78517067
0.00000000	0.00000000	0.00000000	1.00000000
147	148	65630
0.99608099	0.01633886	-0.08692195	-0.09604310
0.00106454	0.98050219	0.19650558	0.54398465
0.08843786	-0.19582810	0.97664243	0.36568931
0.00000000	0.00000000	0.00000000	1.00000000
148	149	68047
0.98708737	0.10759576	-0.11866612	-0.15604883
-0.04831077	0.90629083	0.41988471	0.58616096
0.15272379	-0.40873006	0.89978617	0.94416344
0.00000000	0.00000000	0.00000000	1.00000000
149	150	78566
0.53771377	0.41071579	-0.73632634	0.52228463
-0.52924854	0.84425604	0.08442594	1.41113150
0.65632302	0.34430271	0.67133880	-2.08379579
0.00000000	0.00000000	0.00000000	1.00000000
150	151	53544
0.88712549	0.16302472	-0.43177694	-0.16967924
-0.19393189	0.98060942	-0.02820514	0.09132141
0.41880643	0.10875680	0.90153939	-0.69483751
0.00000000	0.00000000	0.00000000	1.00000000
151	152	42562
0.99865693	-0.01135930	0.05054874	0.07221264
0.02996276	0.92258394	-0.38463095	-0.16201673
-0.04226633	0.38562900	0.92168540	-0.83978170
0.00000000	0.00000000	0.00000000	1.00000000
152	153	29368
0.89703143	-0.13084321	-0.42215502	0.29310605
0.01786715	0.96512842	-0.26116732	-0.14607199
0.44160560	0.22673252	0.86808807	-1.40253031
0.00000000	0.00000000	0.00000000	1.00000000
153	154	42690
0.97733670	0.06198647	0.20241213	-0.53122288
-0.05067294	0.99687439	-0.06061002	0.11428516
-0.20553647	0.04897958	0.97742319	0.32222736
0.00000000	0.00000000	0.00000000	1.00000000
154	155	59233
0.97022855	-0.00143506	0.24218702	-0.14975829
-0.07401573	0.95038354	0.30214673	0.50209594
-0.23060420	-0.31107703	0.92198312	0.83889598
0.00000000	0.00000000	0.00000000	1.00000000
155	156	68417
0.90269578	-0.15490367	0.40142879	0.23579384
0.05327116	0.96600592	0.25297189	0.09233060
-0.42696887	-0.20697208	0.88026142	1.53421211
0.00000000	0.00000000	0.00000000	1.00000000
156	157	62640
0.99605286	-0.03087004	0.08322142	-0.02277477
0.02676036	0.99838787	0.05005382	-0.09369770
-0.08463240	-0.04762921	0.99527329	0.46221051
0.00000000	0.00000000	0.00000000	1.00000000
157	158	48863
0.84401077	0.17653653	-0.50643909	0.56442654
-0.22429903	0.97391605	-0.03431625	0.38710728
0.48717102	0.14255707	0.86159265	-1.16123033
0.00000000	0.00000000	0.00000000	1.00000000
158	159	32638
0.89446414	0.21225072	-0.39355254	0.11514813
-0.16150776	0.97409654	0.15827572	0.31987426
0.41695228	-0.07801016	0.90557462	-0.36307415
0.00000000	0.00000000	0.00000000	1.00000000
159	160	32154
0.99649101	-0.06591915	-0.05157798	0.15685561
0.07341930	0.98430508	0.16047752	0.14758943
0.04018993	-0.16370124	0.98569101	0.25478813
0.00000000	0.00000000	0.00000000	1.00000000
160	161	54380
0.99698931	0.01187227	0.07662401	0.02750907
-0.00548593	0.99653244	-0.08302470	0.42798063
-0.07734399	0.08235437	0.99359727	0.00491557
0.00000000	0.00000000	0.00000000	1.00000000
161	162	49063
0.91085786	0.34072021	-0.23291133	-0.48641163
-0.28975609	0.92979050	0.22700422	0.17411639
0.29390374	-0.13928109	0.94563282	-0.22674423
0.00000000	0.00000000	0.00000000	1.00000000
162	163	57568
0.97394830	0.10671016	-0.20009410	0.13701476
-0.10105523	0.99414343	0.03829528	0.27480581
0.20300873	-0.01707707	0.97902805	-0.29378736
0.00000000	0.00000000	0.00000000	1.00000000
163	164	64392
0.97898716	-0.14661051	0.14173803	-0.25737977
0.13868915	0.98824692	0.06429122	-0.19869745
-0.14949791	-0.04328276	0.98781419	0.37496018
0.00000000	0.00000000	0.00000000	1.00000000
164	165	86840
0.65817946	-0.44779861	0.60520750	0.78998077
0.61055237	0.78781444	-0.08108111	-0.98043144
-0.44048324	0.42287683	0.79192781	0.00661235
0.00000000	0.00000000	0.00000000	1.00000000
165	166	61101
0.97399765	0.14040428	-0.17780662	-0.89963406
-0.16771598	0.97447473	-0.14923270	0.30206710
0.15231515	0.17517331	0.97268414	-0.77512676
0.00000000	0.00000000	0.00000000	1.00000000
166	167	75837
0.79155368	0.32356098	-0.51841199	-0.01517776
-0.26906756	0.94620335	0.17972769	0.76608771
0.54867601	-0.00277626	0.83603042	-0.99031436
0.00000000	0.00000000	0.00000000	1.00000000
167	168	101824
0.82941109	0.20096767	-0.52123803	-0.38312608
-0.27299935	0.95986146	-0.06432297	0.27952945
0.48738945	0.19564784	0.85098386	-0.96702182
0.00000000	0.00000000	0.00000000	1.00000000
168	169	94195
0.94036639	0.09699405	-0.32604212	-0.45063093
-0.10466413	0.99448931	-0.00602096	-0.09565490
0.32366136	0.03978682	0.94533610	-0.12132862
0.00000000	0.00000000	0.00000000	1.00000000
169	170	58610
0.99574250	-0.06935673	0.06071724	-0.21233934
0.06521301	0.99556834	0.06775694	-0.27811137
-0.06514754	-0.06350891	0.99585259	0.69909877
0.00000000	0.00000000	0.00000000	1.00000000
170	171	63339
0.99766421	0.02387227	0.06400248	-0.08301549
0.00041004	0.93483716	-0.35507628	-0.06988239
-0.06830839	0.35427314	0.93264371	-0.69007617
0.00000000	0.00000000	0.00000000	1.00000000
171	172	55402
0.79945177	0.31469828	-0.51170498	-0.66370183
-0.13376406	0.92367327	0.35907498	0.68907005
0.58564848	-0.21861537	0.78052747	-0.48258042
0.00000000	0.00000000	0.00000000	1.00000000
172	173	82657
0.70735413	0.55356312	-0.43956557	-0.48632339
-0.33532569	0.81021845	0.48073143	1.32349575
0.62225944	-0.19264978	0.75873530	-0.96642959
0.00000000	0.00000000	0.00000000	1.00000000
173	174	99914
0.83658040	0.46432394	-0.29075176	-0.50175351
-0.49915448	0.86475104	-0.05523035	1.40188468
0.22578309	0.19133469	0.95520324	-1.01928258
0.00000000	0.00000000	0.00000000	1.00000000
174	175	104417
0.85756713	0.26262555	-0.44227397	-0.60900527
-0.34306088	0.93268913	-0.11135576	0.71885824
0.38325936	0.24722199	0.88994026	-1.34042037
0.00000000	0.00000000	0.00000000	1.00000000
175	176	97299
0.99795657	0.00785921	-0.06341155	-0.24873562
0.00233810	0.98725075	0.15915586	-0.27975160
0.06385394	-0.15897888	0.98521483	0.61697376
0.00000000	0.00000000	0.00000000	1.00000000
176	177	95974
0.99401295	-0.06791008	0.08559438	-0.14322676
0.07908053	0.98772395	-0.13471282	-0.55278987
-0.07539528	0.14067516	0.98718083	0.05650593
0.00000000	0.00000000	0.00000000	1.00000000
177	178	99135
0.92494643	0.28298181	-0.25376198	-0.65360266
-0.29507583	0.95542055	-0.01009900	0.34821942
0.23959158	0.08422007	0.96721399	-0.32675865
0.00000000	0.00000000	0.00000000	1.00000000
178	179	117136
0.96100992	-0.20373404	0.18695563	0.44667196
0.21232483	0.97682822	-0.02692142	-0.81471312
-0.17713869	0.06556706	0.98199928	0.60703915
0.00000000	0.00000000	0.00000000	1.00000000
179	180	119009
0.90426081	-0.31550691	0.28769395	0.58469212
0.31363854	0.94801396	0.05385549	-0.75096393
-0.28972965	0.04153249	0.95620686	0.79323328
0.00000000	0.00000000	0.00000000	1.00000000
180	181	84982
0.99134809	-0.06519395	0.11392359	0.08545280
0.05691865	0.99559957	0.07444355	-0.41302291
-0.11827555	-0.06731511	0.99069661	0.92384344
0.00000000	0.00000000	0.00000000	1.00000000
181	182	64471
0.92988634	0.28594753	-0.23139870	-0.44196448
-0.28457955	0.95781702	0.04001246	0.32200551
0.23307911	0.02864429	0.97203588	-0.20085485
0.00000000	0.00000000	0.00000000	1.00000000
182	183	55062
0.57233357	0.55664837	-0.60214353	-0.58783853
-0.58099627	0.79346186	0.18127823	1.74078071
0.57868612	0.24609157	0.77753544	-1.75696790
0.00000000	0.00000000	0.00000000	1.00000000
183	184	41180
0.68635124	0.46394822	-0.56006604	-0.88570559
-0.50731629	0.85721457	0.08839315	1.36807859
0.52110660	0.22346196	0.82371879	-1.61371303
0.00000000	0.00000000	0.00000000	1.00000000
184	185	76718
0.77340239	0.46440718	-0.43147978	-0.84826577
-0.47869894	0.87407213	0.08273501	1.20936656
0.41556719	0.14256141	0.89832073	-1.10281694
0.00000000	0.00000000	0.00000000	1.00000000
185	186	79819
0.98530787	0.11136036	-0.12948930	-0.66052127
-0.10587355	0.99319452	0.04853276	-0.12457478
0.13401268	-0.03411021	0.99039233	0.03623106
0.00000000	0.00000000	0.00000000	1.00000000
186	187	57898
0.76039022	-0.51700497	0.39308092	1.82222772
0.48975679	0.85395646	0.17577422	-0.82485312
-0.42655018	0.05885714	0.90254688	0.92071581
0.00000000	0.00000000	0.00000000	1.00000000
187	188	62984
0.99882334	-0.00487253	0.04825283	-0.00680050
0.01430744	0.98026401	-0.19717450	-0.27191034
-0.04633977	0.19763285	0.97918028	-0.23661335
0.00000000	0.00000000	0.00000000	1.00000000
188	189	68620
0.94996244	0.13028300	-0.28389725	-0.41649437
-0.19758534	0.95456260	-0.22309257	0.54360694
0.24193257	0.26802349	0.93254060	-1.44977772
0.00000000	0.00000000	0.00000000	1.00000000
189	190	44815
0.96063930	0.04953409	-0.27334723	-0.26683399
-0.11691549	0.96467698	-0.23607045	0.20341854
0.25199822	0.25873703	0.93249768	-1.12007213
0.00000000	0.00000000	0.00000000	1.00000000
190	191	50618
0.97393560	0.16475128	-0.15590520	-0.54725170
-0.07798421	0.88865006	0.45190662	0.70437557
0.21299733	-0.42796978	0.87833595	0.42521763
0.00000000	0.00000000	0.00000000	1.00000000
191	192	48318
0.71984178	0.40028295	-0.56709903	-1.03001642
-0.45295954	0.88994253	0.05319982	1.06211555
0.52598047	0.21857747	0.82192975	-1.47451580
0.00000000	0.00000000	0.00000000	1.00000000
192	193	90299
0.81182539	0.28495628	-0.50964648	-0.93967748
-0.35430607	0.93418336	-0.04205530	0.53829086
0.46411934	0.21471246	0.85935551	-1.20215631
0.00000000	0.00000000	0.00000000	1.00000000
193	194	130446
0.99847221	0.05466392	0.00806360	-0.44798058
-0.05479285	0.99835736	0.01674392	0.52309042
-0.00713507	-0.01716017	0.99982733	-0.26450169
0.00000000	0.00000000	0.00000000	1.00000000
194	195	73352
0.98945856	-0.12073924	0.07996161	-0.13271415
0.09293241	0.95286071	0.28882509	-0.53175467
-0.11106481	-0.27834946	0.95403683	1.37771237
0.00000000	0.00000000	0.00000000	1.00000000
195	196	51741
0.96157134	0.16181688	-0.22180180	-0.37520039
-0.18275616	0.98011905	-0.07724580	0.32347926
0.20489250	0.11481300	0.97202730	-0.28286675
0.00000000	0.00000000	0.00000000	1.00000000
196	197	48783
0.98846620	-0.11856660	0.09421478	0.20398076
0.13573003	0.96953869	-0.20389219	-0.03973330
-0.06717008	0.21432833	0.97444934	-0.17380506
0.00000000	0.00000000	0.00000000	1.00000000
197	198	66696
0.83522969	-0.29744253	0.46251422	0.74682516
0.30633309	0.95016444	0.05785945	-0.50866175
-0.45667440	0.09335747	0.88472193	0.79468113
0.00000000	0.00000000	0.00000000	1.00000000
198	199	55157
0.70704496	0.55844849	-0.43384632	-0.45113224
-0.45914125	0.82912099	0.31897908	1.07011557
0.53784436	-0.02633583	0.84263253	-1.37928259
0.00000000	0.00000000	0.00000000	1.00000000
199	200	61486
0.95951641	0.11501534	-0.25709867	-0.22668545
-0.16184586	0.97222108	-0.16909236	0.21970010
0.23050852	0.20385723	0.95147675	-1.01921725
0.00000000	0.00000000	0.00000000	1.00000000
200	201	82637
0.99834996	-0.00481996	-0.05721949	-0.04230832
-0.01113367	0.96131253	-0.27523470	0.01333226
0.05633244	0.27541763	0.95967275	-1.00316238
0.00000000	0.00000000	0.00000000	1.00000000
201	202	35132
0.96914274	-0.17668682	0.17188402	0.82242131
0.13676772	0.96554852	0.22138321	-0.60432178
