0	1	1
0.999435187525475	-0.00877237769278289	-0.03243854784969562	0.00550292609134527
0.006034752629985718	0.9964854180004517	-0.08354835663206117	-0.01096435298786436
0.03305741389662947	0.08330541812329219	0.995975589306897	-0.0005759023119515425
0.0	0.0	0.0	1.0
0	2	2
0.9992898814248267	-0.021158332738741542	-0.031177754835469893	0.01754103110922849
0.015041038775052213	0.9826641282349208	-0.1847841927038015	-0.05769574450921131
0.03454700969540642	0.18418405024576895	0.9822845101740456	-0.016493129376601072
0.0	0.0	0.0	1.0
0	3	3
0.9983610426397498	-0.021569235413529023	-0.0530069272371838	0.028660986392749232
0.000288184382734654	0.9281353309033176	-0.37224280247174035	-0.1209913036572991
0.05722660750171207	0.3716175674994079	0.9266204962221732	-0.0730134785698241
0.0	0.0	0.0	1.0
0	4	4
0.996556502244997	-0.05659509158794725	-0.06059738766832735	0.04478463625455699
0.016238953488612463	0.8498943686441607	-0.5267028314940092	-0.17991048152541345
0.08131009045109847	0.5239051577238744	0.8478867932902155	-0.14372126983330497
0.0	0.0	0.0	1.0
0	9	5
0.9302438882231724	-0.10769226472795114	-0.3507827904528252	0.1179801912149036
-0.0995490113262754	0.8460446004923375	-0.5237351926342738	-0.2368130901512333
0.35318005209800296	0.5221216312306497	0.7763071220610347	-0.18975353438873793
0.0	0.0	0.0	1.0
1	3	50
0.99970593	-0.01103991	-0.02158716	0.02302620
0.00422109	0.95597540	-0.29341653	-0.11070186
0.02387614	0.29323923	0.95574095	-0.06937928
0.00000000	-0.00000000	0.00000000	0.99999994
1	4	6
0.9984558891287527	-0.04531938727484791	-0.032124571331778234	0.03877480891703834
0.02585965710053637	0.8910105598890719	-0.45324556002760874	-0.17054445617854908
0.049164107292498115	0.4517150149890856	0.8908066244102395	-0.13852603581332373
0.0	0.0	0.0	1.0
1	5	7
0.9974374173801414	-0.06605461523061218	-0.027485734884774154	0.05718470608044919
0.0361712904154518	0.7970400386646769	-0.6028422546252551	-0.20191654999888836
0.06172773812133459	0.600303324123419	0.7973867959318948	-0.22963745027366866
0.0	0.0	0.0	1.0
2	3	50
0.99976110	0.00361594	-0.02155023	0.01097734
-0.00774410	0.98083401	-0.19469067	-0.06747658
0.02043320	0.19481111	0.98062787	-0.04595851
0.00000000	-0.00000000	0.00000000	1.00000000
2	6	9
0.9945118694591114	-0.07027672547546	-0.07750670652676948	0.06874328732278534
0.00427854764945724	0.7675130060784892	-0.6410189544427946	-0.1929422249598014
0.10453609842344783	0.6371693735718085	0.7636014986620949	-0.26783676878954266
0.0	0.0	0.0	1.0
3	11	10
0.934076074916293	0.12270630534150628	-0.33532848731578807	0.014280470451947358
-0.03266235260025408	0.964524673702711	0.2619643990089779	0.013375827744483454
0.35557725892661746	-0.23374210246527466	0.9049471449830082	-0.07542057430042082
0.0	0.0	0.0	1.0
3	12	11
0.9166040394253444	0.13799119045910552	-0.3752272768989218	-0.023396987229623856
0.01169160224715417	0.9288928366595037	0.3701638100969102	0.040202649457341866
0.3996254302155902	-0.3436807246523031	0.8498135821018019	-0.12383444883412853
0.0	0.0	0.0	1.0
3	13	12
0.8303783123655031	0.19485182216030783	-0.5220197199576578	-0.03688690215642895
0.030268148708096805	0.9197050395168088	0.39144147098494697	0.040324736039835996
0.5563773628069358	-0.3408451471328277	0.7578052555552057	-0.1789933852706227
0.0	0.0	0.0	1.0
4	11	13
0.9365900505949583	0.2023881864649545	-0.28607350827681866	0.004041178211551246
-0.0665513762080835	0.9042297162073359	0.42182878645067706	0.10290031365358424
0.3440493459129486	-0.3760420814293404	0.8603617820676217	-0.062431700994985635
0.0	0.0	0.0	1.0
7	14	14
0.8059969895549267	0.5026826726461296	-0.312536513842853	-0.031523316440231874
-0.11212727707917616	0.6481070474864227	0.7532492805078461	0.32959446573301804
0.5812026511265569	-0.5720728552104709	0.5787367319075493	-0.23683284520662795
0.0	0.0	0.0	1.0
8	11	15
0.991213667346388	0.12987616765544754	0.02505212279438991	-0.021330781486237793
-0.11816820303155692	0.7844098291753098	0.6088821037719535	0.27316304607846176
0.059428082661794834	-0.6064927535939775	0.7928649305074122	-0.03045024303175259
0.0	0.0	0.0	1.0
8	12	16
0.9868558712230733	0.16138398199607012	-0.00840053828174969	-0.059771167649739054
-0.10926558493051636	0.7046483342174076	0.7010930682659379	0.3035081437760795
0.11906468206515007	-0.690960154431718	0.7130201792191347	-0.11256435717473057
0.0	0.0	0.0	1.0
8	13	17
0.9499534375464171	0.2805095225607508	-0.13748712157946888	-0.07535527300693087
-0.09813125931814791	0.6857871362285597	0.7211560825541165	0.3035543047457999
0.296578077483814	-0.6715731087055282	0.6789926428074472	-0.18219735541216853
0.0	0.0	0.0	1.0
9	11	18
0.9953878433404084	0.09554279077466649	-0.008639935717171476	-0.04576060816416406
-0.08290961526137294	0.9020735717184207	0.4235436531127309	0.18038708945503062
0.04826037982400629	-0.4208738990707323	0.905834492612483	-0.036498872973918746
0.0	0.0	0.0	1.0
9	12	19
0.9917095056345879	0.11914081887789679	-0.04814204082306445	-0.08434838923213912
-0.07562983953935244	0.8440544869231995	0.5308973036664457	0.21066845121976424
0.10388614378757417	-0.522855020938318	0.846067646132792	-0.1083773433664941
0.0	0.0	0.0	1.0
9	13	20
0.9573569646237771	0.20854626586389455	-0.1999399366939378	-0.10005032052033343
-0.06490767803077115	0.829621797946744	0.5545399632165837	0.21068447332830612
0.28152182579828644	-0.5179151300323036	0.8077805725903794	-0.17972161215438678
0.0	0.0	0.0	1.0
9	14	21
0.888145011766092	0.26224887833741306	-0.37739096329912236	-0.06155634386359616
-0.05513027326532836	0.8760635253588593	0.4790336802154379	0.19354871915876248
0.4562445765875108	-0.40464571482464123	0.7925293223619467	-0.23320728834798324
0.0	0.0	0.0	1.0
10	11	22
0.9986234318760708	0.05230232863442149	-0.003966678830797928	-0.0373723801801209
-0.0502130052803211	0.9751098793092788	0.21596146266726965	0.079119041890337
0.01516323801174427	-0.21546503052334448	0.9763937801729973	-0.028671901548706025
0.0	0.0	0.0	1.0
10	12	23
0.9966194769645851	0.06687491804136253	-0.047720958413736546	-0.07682058423088445
-0.04721336982159419	0.9415744306738177	0.33347907769626706	0.11111859885259226
0.06723434260008397	-0.3300987472947702	0.941548948197654	-0.08788348708509064
0.0	0.0	0.0	1.0
10	13	24
0.9686673771309571	0.12242130895750443	-0.2160934847176907	-0.09605531602101672
-0.037516128432843444	0.9322173779700712	0.3599489022717744	0.11182448519255339
0.24551160946079797	-0.3405638390764817	0.9076014037337898	-0.1552761074949931
0.0	0.0	0.0	1.0
10	14	25
0.9047469163293749	0.13893625039916827	-0.4026532863488968	-0.057420271534563194
-0.024498107222890652	0.9607158471888728	0.27645041169764867	0.09320658655225442
0.42524449384357776	-0.2402534442844271	0.8726083459002985	-0.21585247331746915
0.0	0.0	0.0	1.0
10	15	26
0.8289669890610218	0.15527953512236967	-0.5373098032101147	0.0437491693019505
-0.08999568996866146	0.9852016671671069	0.1458715048299122	0.07492244754363186
0.5520095161048851	-0.07256711347978358	0.8306742072114749	-0.2644820130406593
0.0	0.0	0.0	1.0
11	12	27
0.9989345433749909	0.004861260417286035	-0.04589167990128196	-0.04118843857660448
0.0007753692524257581	0.9925279130978018	0.12201467881663952	0.03611810796007648
0.04614202991279683	-0.1219202598072155	0.9914668406389663	-0.04808559100577296
0.0	0.0	0.0	1.0
11	13	28
0.9745940080488293	0.02406666935447152	-0.22268173028932944	-0.06792125190719109
0.00986486844374558	0.9886332942138549	0.15002281226193395	0.038274875263118256
0.22376119115891244	-0.14840807187919203	0.963278787603429	-0.10755266941618152
0.0	0.0	0.0	1.0
11	15	29
0.838078654421991	-0.006248536068530251	-0.5455134825519005	0.05992362672522927
-0.038922071664748197	0.996701476634678	-0.07121306656843307	-0.007432042088468208
0.5441591761236293	0.08091469715919428	0.8350711281689496	-0.2266042829126904
0.0	0.0	0.0	1.0
11	16	30
0.7749521601110774	-0.01260010870912868	-0.6318941955589763	0.17292088717892337
-0.14675775218681175	0.9688862915230304	-0.19930280739114054	-0.030539556338657906
0.6147449670947334	0.2471855674784039	0.7489913640882464	-0.27030643970828716
0.0	0.0	0.0	1.0
11	22	31
0.4367623682256029	0.015203065498939962	-0.8994483689832803	0.10766952017047401
-0.3715250830955519	0.9136494414908776	-0.16496549088516926	-0.1114695354184753
0.8192726178761598	0.40621843949228675	0.4046961356731019	-0.23474391100694508
0.0	0.0	0.0	1.0
11	23	32
0.5436818268936788	0.00046312316376096867	-0.8392912550191709	0.10972233676857576
-0.19302821899253383	0.9732620000912017	-0.12450409307132089	-0.09393648521455561
0.8167926494555209	0.22969756584818918	0.5292342954413801	-0.17427038968471278
0.0	0.0	0.0	1.0
11	24	33
0.6505635804235146	-0.014256624824116142	-0.7593180082532139	0.16181948362005166
-0.10891541610422383	0.9877371549666257	-0.11186119629239819	-0.06774046880980894
0.7516013956212754	0.1554742847849616	0.6410330817862834	-0.1534205163588643
0.0	0.0	0.0	1.0
11	27	34
0.7613067247634672	-0.020638221616793392	-0.6480632882131833	0.41299527625403143
-0.01882057578834063	0.9983687804263554	-0.05390334485602154	-0.03305466212832475
0.6481185977390548	0.053233914781828824	0.7596765486327144	-0.13195360156392977
0.0	0.0	0.0	1.0
11	28	35
0.7394550500385262	-0.07012356566210257	-0.669543779198298	0.4420130998275184
-0.1182989527916051	0.9655490734150364	-0.231776479432461	-0.039979541912469156
0.6627304427881929	0.2505946651497141	0.7056846721162462	-0.16612148115892333
0.0	0.0	0.0	1.0
12	16	36
0.803064058499992	-0.08900546973520568	-0.5892080693963713	0.1808801399833736
-0.132745039007746	0.9372151888083734	-0.3225006600001165	-0.08536519484584697
0.580919119391887	0.3372031937706249	0.7408285873753288	-0.2229352580578259
0.0	0.0	0.0	1.0
12	23	37
0.5816214375164942	-0.10152464498754198	-0.8070992800113244	0.09853545177256916
-0.18237758641025387	0.9506488675622627	-0.25100872054445517	-0.1478538802500404
0.792751579301912	0.2931889309396335	0.5344017794657471	-0.1265105990747845
0.0	0.0	0.0	1.0
12	24	38
0.6846476515771015	-0.10629362791860196	-0.7210821030084903	0.1591845233728165
-0.09886423183678564	0.9666237007029471	-0.23635739769202488	-0.11809054120922871
0.7221383133365167	0.23311078753264505	0.6512878270550467	-0.10077873133929507
0.0	0.0	0.0	1.0
22	36	40
0.864455752816182	0.21093357851721717	-0.4563149000678725	0.3286213735764143
0.07468412191802143	0.8437521055631905	0.5315117452627294	0.21701641207385045
0.4971303578975429	-0.49354795801715856	0.7136329447706363	0.22371857615407037
0.0	0.0	0.0	1.0
23	35	50
0.83171985	0.16055450	-0.53147394	0.30320685
-0.03615290	0.97090352	0.23672625	0.06954319
0.55401743	-0.17767562	0.81332418	0.14935687
-0.00000000	-0.00000000	0.00000000	1.00000010
23	36	41
0.7961952634013254	0.15849045907739528	-0.5839125032032902	0.3310703585931356
0.0771769484143079	0.9305940192953774	0.35782442929209085	0.14754270659420785
0.6000973196773414	-0.32996276852958634	0.7287027829994845	0.19489062850309258
0.0	0.0	0.0	1.0
23	37	42
0.7340013705710281	0.188514712731758	-0.6524600559866072	0.3102254796964288
0.19731042565232754	0.8600737370047272	0.4704696113744412	0.22992043420654978
0.649854315995223	-0.47406258009290086	0.594099405071232	0.24388662624720125
0.0	0.0	0.0	1.0
24	36	43
0.7081813133029702	0.13990302047424694	-0.6920304490211711	0.29400924606169876
0.07985698874696638	0.9580085525463592	0.27539466346986424	0.10046051616171892
0.7014997904409833	-0.25029290246020963	0.6672715635945178	0.13664076942436518
0.0	0.0	0.0	1.0
25	37	44
0.5828355045839384	0.05702918738924143	-0.8105863746434151	0.22516912251843202
0.2715434411650604	0.9265196659786736	0.2604334283060069	0.1124982595886518
0.7658765550967573	-0.37189934450606976	0.5245226231788354	0.11109166519578129
0.0	0.0	0.0	1.0
33	44	50
0.90365168	0.15272986	-0.40010877	0.22677646
-0.13361238	0.98815856	0.07543507	-0.02496883
0.40689209	-0.01470748	0.91335773	0.21107536
-0.00000000	-0.00000000	0.00000000	1.00000000
34	37	45
0.9811035548275246	0.035803421641509944	-0.1901422341256191	0.1117739057661451
0.05872366380898194	0.881272221619954	0.4689465454756413	0.16809230107686624
0.18435699798382876	-0.4712510009099678	0.8625167060644592	0.12145213055641096
0.0	0.0	0.0	1.0
34	44	46
0.9380281827575672	0.037382312139588404	-0.34453700880874993	0.15392478027105483
-0.07047357095453848	0.9939685767999148	-0.08402386808620398	-0.056183294992696614
0.3393179616661681	0.103097554602435	0.9350048848803284	0.1323107751185827
0.0	0.0	0.0	1.0
35	44	47
0.949908382435929	-0.018390168333895663	-0.3119864709011648	0.08776951568018242
-0.05627032631485183	0.9718891986440713	-0.22861524417237486	-0.09239956048722045
0.30742054816245895	0.23471921443576826	0.9221709278557965	0.050967645120188025
0.0	0.0	0.0	1.0
36	44	48
0.9675745261090817	-0.048420742688634534	-0.24790099185555678	0.06303448295052583
-0.054755498485266584	0.9179057584618588	-0.39300239207014187	-0.11672798936940386
0.24657921700227522	0.39383311604189514	0.8854908990017223	-0.0140807992158678
0.0	0.0	0.0	1.0
37	42	49
0.9614198605831743	0.05771905765301241	0.26896157510209084	0.04062876975549094
-0.004352220202682325	0.9808087082691981	-0.19492391981363752	0.009429095781072292
-0.27505071498428163	0.18623316711881013	0.9432201412839377	0.05798810440475248
0.0	0.0	0.0	1.0
37	43	50
0.9977466379165283	0.012605398360566724	0.06590051913813146	0.05804103113989144
0.011638809309066703	0.9347866618170408	-0.3550191109385682	-0.06537269780847808
-0.06607803153896749	0.35498615742919193	0.9325334567611987	-0.0004336700982790426
0.0	0.0	0.0	1.0
37	44	51
0.9871521068262368	-0.07354101270603944	-0.1418533659411534	0.07317700088461937
-0.01757788671396615	0.8324156394737937	-0.5538728721535451	-0.12687215823830625
0.15881331235236804	0.5492503369757312	0.8204281143754593	-0.077407899914999
0.0	0.0	0.0	1.0
39	43	52
0.9968691686791025	-0.039211460176033414	-0.06866242503447541	0.07044690282872566
-0.0004278274144623654	0.8656876229048132	-0.500584565134078	-0.11722160585174908
0.07906892652608483	0.4990466839654107	0.8629603695482503	-0.15416884873952594
0.0	0.0	0.0	1.0
40	43	53
0.9533780045319156	-0.10148602871002153	-0.28420266136463473	0.06800990360414882
-0.03858383069791434	0.8930366182973005	-0.44832693991821265	-0.12224892458435348
0.2993023389397276	0.43839064649802734	0.8474855867696133	-0.17466664418568145
0.0	0.0	0.0	1.0
41	44	54
0.8205149794266607	-0.15571324199069098	-0.5500077176698961	0.09633250709035274
-0.18413426253908136	0.838897351614635	-0.5121970545601405	-0.1367383688934972
0.5411558324755141	0.5215407142230521	0.6596556677733122	-0.22519924749494694
0.0	0.0	0.0	1.0
42	44	55
0.9066698305461133	-0.04877534303551486	-0.41901161289784816	0.061097721297736385
-0.11782402146613155	0.9244800929493364	-0.3625658945135324	-0.10977762218461064
0.4050521714191042	0.3780972382299745	0.8324513077400328	-0.14570206848760292
0.0	0.0	0.0	1.0
44	48	56
0.7684455398895856	0.2383472407432942	-0.5938705910809935	-0.058744811143767624
-0.4173718588342282	0.8901597963650167	-0.18280152705417335	-0.02848175667200829
0.48506941743477416	0.3883378273195428	0.7835187358957967	-0.19540468490544544
0.0	0.0	0.0	1.0
45	48	57
0.8496592930320475	0.30219492687637994	-0.43215457241757876	-0.07603703776541026
-0.35999874139201515	0.9312341401378288	-0.05660488515299244	0.0066279880180601936
0.38533127603246947	0.20367000891651088	0.9000214279900494	-0.12204134734367145
0.0	0.0	0.0	1.0
45	49	58
0.8168436009737738	0.35912123135155044	-0.45144023798653177	-0.10233430899971907
-0.28370986865600645	0.9314942778382315	0.22765531273892983	0.05497318077570412
0.5022698897393931	-0.05788067934325988	0.8627714261646338	-0.07538894062309343
0.0	0.0	0.0	1.0
46	49	59
0.9138736624278677	0.34155909278471985	-0.21948130767660673	-0.09598623726766586
-0.2466191965519087	0.8964462090291494	0.3681886030643029	0.09841191655993176
0.3225113033681551	-0.2823496788715666	0.9034737559817779	-0.007733463023067877
0.0	0.0	0.0	1.0
47	49	60
0.9714828678744304	0.23136341981114958	-0.051882349409473595	-0.0721026084431311
-0.19063186813524616	0.8922457127600273	0.40933692468760396	0.118489215299181
0.14099736676299454	-0.38777347711788257	0.9109068402831588	0.03892437323721554
0.0	0.0	0.0	1.0
48	49	61
0.9976550701792956	0.0659169752657642	-0.018408244940809133	-0.029159036688701345
-0.05794615714074911	0.9566878227423318	0.2852896745842395	0.07904334748017061
0.03641644117924021	-0.2835540837804181	0.9582643085625524	0.046207318088227645
0.0	0.0	0.0	1.0
