0	1	1
0.9994351875254748	-0.00877237769278289	-0.032438547849695784	0.00550292609134416
0.006034752629985733	0.9964854180004518	-0.08354835663206114	-0.010964352987864221
0.03305741389662931	0.08330541812329219	0.995975589306897	-0.0005759023119528748
0.0	0.0	0.0	1.0
0	2	2
0.9992898814248267	-0.021158332738741542	-0.031177754835469845	0.017541031109228045
0.015041038775052225	0.982664128234921	-0.18478419270380153	-0.05769574450921148
0.03454700969540637	0.18418405024576895	0.9822845101740454	-0.01649312937660196
0.0	0.0	0.0	1.0
0	3	3
0.9983610426397499	-0.02156923541352901	-0.05300692723718375	0.028660986392749898
0.00028818438273465504	0.9281353309033175	-0.3722428024717403	-0.1209913036572991
0.05722660750171207	0.37161756749940783	0.9266204962221732	-0.0730134785698241
0.0	0.0	0.0	1.0
0	4	4
0.9965565022449971	-0.05659509158794724	-0.060597387668327445	0.04478463625455721
0.01623895348861249	0.8498943686441608	-0.5267028314940093	-0.17991048152541345
0.08131009045109847	0.5239051577238745	0.8478867932902155	-0.1437212698333054
0.0	0.0	0.0	1.0
0	9	5
0.9302438882231723	-0.10769226472795113	-0.350782790452825	0.11798019121490437
-0.09954901132627539	0.8460446004923377	-0.5237351926342738	-0.23681309015123353
0.3531800520980029	0.5221216312306497	0.7763071220610346	-0.18975353438873838
0.0	0.0	0.0	1.0
1	3	6
0.9997059278531395	-0.011039910659588764	-0.021587160654038474	0.023026200985540046
0.004221085167744113	0.9559754006344774	-0.2934165315218517	-0.11070185949559946
0.023876142538656914	0.29323923160497584	0.9557409536286433	-0.06937927534753141
0.0	0.0	0.0	1.0
1	4	7
0.9984558891287527	-0.0453193872748479	-0.03212457133177839	0.03877480891703834
0.025859657100536396	0.891010559889072	-0.4532455600276088	-0.17054445617854908
0.049164107292498115	0.4517150149890857	0.8908066244102394	-0.13852603581332418
0.0	0.0	0.0	1.0
1	5	8
0.9974374173801414	-0.06605461523061214	-0.027485734884774154	0.05718470608044897
0.0361712904154518	0.797040038664677	-0.6028422546252551	-0.20191654999888836
0.06172773812133459	0.6003033241234189	0.7973867959318949	-0.22963745027366866
0.0	0.0	0.0	1.0
2	3	9
0.9997610999950451	0.0036159358683279666	-0.021550225782803068	0.010977339944671316
-0.00774409683149087	0.9808340067774409	-0.19469066642564203	-0.06747657835125742
0.02043319542814697	0.19481110667226073	0.9806278735732392	-0.04595850641673582
0.0	0.0	0.0	1.0
2	6	10
0.9945118694591114	-0.07027672547545988	-0.07750670652676944	0.06874328732278512
0.004278547649457407	0.7675130060784894	-0.6410189544427946	-0.1929422249598005
0.10453609842344783	0.6371693735718087	0.763601498662095	-0.26783676878954266
0.0	0.0	0.0	1.0
3	11	11
0.9340760749162931	0.12270630534150628	-0.33532848731578807	0.014280470451947913
-0.03266235260025407	0.9645246737027108	0.26196439900897783	0.01337582774448351
0.35557725892661723	-0.2337421024652746	0.904947144983008	-0.07542057430042082
0.0	0.0	0.0	1.0
3	12	12
0.9166040394253444	0.13799119045910554	-0.3752272768989217	-0.023396987229624078
0.011691602247154197	0.928892836659504	0.3701638100969102	0.0402026494573417
0.39962543021559027	-0.3436807246523031	0.849813582101802	-0.12383444883412942
0.0	0.0	0.0	1.0
3	13	13
0.8303783123655032	0.19485182216030783	-0.5220197199576578	-0.03688690215642859
0.030268148708096833	0.9197050395168089	0.391441470984947	0.040324736039835996
0.5563773628069358	-0.3408451471328277	0.7578052555552058	-0.1789933852706227
0.0	0.0	0.0	1.0
4	11	14
0.9365900505949584	0.2023881864649545	-0.2860735082768187	0.004041178211551801
-0.06655137620808348	0.9042297162073357	0.42182878645067695	0.10290031365358429
0.3440493459129483	-0.37604208142934037	0.8603617820676216	-0.062431700994985635
0.0	0.0	0.0	1.0
7	14	15
0.8059969895549267	0.5026826726461296	-0.31253651384285297	-0.03152331644023165
-0.11212727707917614	0.6481070474864226	0.753249280507846	0.329594465733018
0.5812026511265569	-0.5720728552104709	0.5787367319075493	-0.2368328452066284
0.0	0.0	0.0	1.0
8	11	16
0.9912136673463882	0.12987616765544754	0.025052122794389967	-0.021330781486237238
-0.1181682030315569	0.7844098291753095	0.6088821037719534	0.27316304607846176
0.05942808266179461	-0.6064927535939774	0.792864930507412	-0.030450243031753033
0.0	0.0	0.0	1.0
8	12	17
0.9868558712230732	0.16138398199607012	-0.008400538281749633	-0.05977116764973933
-0.10926558493051634	0.7046483342174078	0.701093068265938	0.3035081437760794
0.1190646820651501	-0.6909601544317181	0.7130201792191349	-0.11256435717473146
0.0	0.0	0.0	1.0
8	13	18
0.9499534375464173	0.2805095225607508	-0.13748712157946882	-0.07535527300693051
-0.09813125931814791	0.6857871362285598	0.7211560825541167	0.30355430474580003
0.2965780774838141	-0.6715731087055282	0.6789926428074472	-0.18219735541216808
0.0	0.0	0.0	1.0
9	11	19
0.9953878433404085	0.09554279077466649	-0.008639935717171433	-0.0457606081641635
-0.08290961526137292	0.9020735717184206	0.42354365311273084	0.18038708945503065
0.04826037982400607	-0.42087389907073225	0.9058344926124828	-0.036498872973918746
0.0	0.0	0.0	1.0
9	12	20
0.9917095056345878	0.11914081887789679	-0.04814204082306433	-0.08434838923213935
-0.07562983953935241	0.8440544869231997	0.5308973036664458	0.21066845121976407
0.1038861437875742	-0.5228550209383181	0.8460676461327921	-0.10837734336649499
0.0	0.0	0.0	1.0
9	13	21
0.9573569646237772	0.20854626586389452	-0.19993993669393775	-0.10005032052033307
-0.06490767803077113	0.8296217979467441	0.5545399632165838	0.21068447332830612
0.28152182579828655	-0.5179151300323036	0.8077805725903795	-0.17972161215438634
0.0	0.0	0.0	1.0
9	14	22
0.8881450117660921	0.262248878337413	-0.3773909632991223	-0.061556343863595715
-0.055130273265328336	0.8760635253588592	0.47903368021543785	0.19354871915876248
0.4562445765875108	-0.40464571482464123	0.7925293223619467	-0.23320728834798368
0.0	0.0	0.0	1.0
10	11	23
0.9986234318760709	0.05230232863442148	-0.003966678830797942	-0.037372380180120346
-0.050213005280321084	0.9751098793092786	0.21596146266726962	0.07911904189033706
0.015163238011744103	-0.21546503052334443	0.976393780172997	-0.028671901548706025
0.0	0.0	0.0	1.0
10	12	24
0.996619476964585	0.06687491804136257	-0.04772095841373642	-0.07682058423088473
-0.04721336982159415	0.9415744306738179	0.3334790776962671	0.11111859885259204
0.067234342600084	-0.33009874729477023	0.941548948197654	-0.08788348708509153
0.0	0.0	0.0	1.0
10	13	25
0.9686673771309572	0.12242130895750443	-0.21609348471769063	-0.09605531602101636
-0.03751612843284344	0.9322173779700713	0.35994890227177445	0.1118244851925535
0.24551160946079809	-0.3405638390764817	0.9076014037337898	-0.15527610749499265
0.0	0.0	0.0	1.0
10	14	26
0.904746916329375	0.13893625039916824	-0.4026532863488967	-0.05742027153456297
-0.024498107222890635	0.9607158471888727	0.27645041169764867	0.09320658655225442
0.42524449384357776	-0.2402534442844271	0.8726083459002985	-0.2158524733174696
0.0	0.0	0.0	1.0
10	15	27
0.8289669890610221	0.1552795351223697	-0.5373098032101148	0.0437491693019505
-0.08999568996866145	0.9852016671671069	0.14587150482991224	0.07492244754363186
0.552009516104885	-0.07256711347978356	0.8306742072114748	-0.2644820130406589
0.0	0.0	0.0	1.0
11	12	28
0.9989345433749908	0.004861260417286084	-0.045891679901281894	-0.0411884385766047
0.0007753692524257936	0.992527913097802	0.12201467881663951	0.036118107960076314
0.04614202991279685	-0.12192025980721553	0.9914668406389665	-0.048085591005773407
0.0	0.0	0.0	1.0
11	13	29
0.9745940080488295	0.024066669354471534	-0.2226817302893294	-0.06792125190719073
0.009864868443745614	0.988633294213855	0.150022812261934	0.03827487526311831
0.22376119115891255	-0.14840807187919203	0.963278787603429	-0.10755266941618108
0.0	0.0	0.0	1.0
11	15	30
0.8380786544219911	-0.006248536068530253	-0.5455134825519006	0.05992362672522927
-0.03892207166474819	0.996701476634678	-0.07121306656843306	-0.007432042088468208
0.5441591761236291	0.08091469715919426	0.8350711281689496	-0.22660428291269086
0.0	0.0	0.0	1.0
11	16	31
0.7749521601110774	-0.012600108709128652	-0.6318941955589763	0.17292088717892337
-0.14675775218681175	0.9688862915230305	-0.1993028073911405	-0.030539556338657684
0.6147449670947334	0.24718556747840384	0.7489913640882464	-0.2703064397082876
0.0	0.0	0.0	1.0
11	22	32
0.4367623682256029	0.015203065498939948	-0.8994483689832802	0.10766952017047446
-0.37152508309555177	0.9136494414908776	-0.16496549088516918	-0.1114695354184753
0.8192726178761597	0.40621843949228664	0.40469613567310186	-0.2347439110069453
0.0	0.0	0.0	1.0
11	23	33
0.5436818268936786	0.00046312316376096867	-0.839291255019171	0.10972233676857576
-0.19302821899253383	0.9732620000912018	-0.12450409307132088	-0.0939364852145555
0.816792649455521	0.22969756584818918	0.5292342954413802	-0.17427038968471278
0.0	0.0	0.0	1.0
11	24	34
0.6505635804235148	-0.0142566248241161	-0.7593180082532137	0.161819483620053
-0.10891541610422378	0.987737154966626	-0.11186119629239816	-0.06774046880980894
0.7516013956212753	0.1554742847849616	0.6410330817862833	-0.1534205163588652
0.0	0.0	0.0	1.0
11	27	35
0.7613067247634671	-0.020638221616793392	-0.6480632882131835	0.41299527625403076
-0.01882057578834064	0.9983687804263554	-0.05390334485602156	-0.0330546621283247
0.6481185977390549	0.05323391478182884	0.7596765486327144	-0.13195360156392932
0.0	0.0	0.0	1.0
11	28	36
0.7394550500385262	-0.0701235656621026	-0.669543779198298	0.4420130998275184
-0.11829895279160504	0.9655490734150364	-0.2317764794324609	-0.039979541912469156
0.6627304427881928	0.2505946651497141	0.7056846721162461	-0.1661214811589229
0.0	0.0	0.0	1.0
12	16	37
0.803064058499992	-0.08900546973520565	-0.5892080693963713	0.1808801399833736
-0.13274503900774598	0.9372151888083735	-0.32250066000011657	-0.08536519484584675
0.5809191193918869	0.33720319377062485	0.7408285873753288	-0.22293525805782635
0.0	0.0	0.0	1.0
12	23	38
0.5816214375164941	-0.101524644987542	-0.8070992800113245	0.09853545177256871
-0.1823775864102539	0.9506488675622629	-0.2510087205444552	-0.1478538802500403
0.7927515793019122	0.2931889309396335	0.5344017794657472	-0.1265105990747845
0.0	0.0	0.0	1.0
12	24	39
0.6846476515771016	-0.1062936279186019	-0.7210821030084901	0.15918452337281738
-0.09886423183678561	0.9666237007029472	-0.23635739769202488	-0.11809054120922849
0.7221383133365167	0.23311078753264505	0.6512878270550466	-0.10077873133929596
0.0	0.0	0.0	1.0
22	36	40
0.864455752816182	0.21093357851721709	-0.45631490006787245	0.3286213735764143
0.07468412191802144	0.8437521055631906	0.5315117452627295	0.21701641207385045
0.49713035789754295	-0.4935479580171587	0.7136329447706364	0.22371857615407068
0.0	0.0	0.0	1.0
23	35	41
0.8317198456996642	0.16055449755125425	-0.5314739431655887	0.30320685114752655
-0.03615289531897744	0.9709035160073742	0.23672624659182748	0.06954319490648522
0.5540174285203635	-0.17767562402989542	0.8133241834235453	0.14935686808655446
0.0	0.0	0.0	1.0
23	36	42
0.7961952634013255	0.15849045907739526	-0.5839125032032902	0.3310703585931356
0.07717694841430792	0.9305940192953777	0.35782442929209096	0.14754270659420785
0.6000973196773414	-0.3299627685295864	0.7287027829994847	0.19489062850309288
0.0	0.0	0.0	1.0
23	37	43
0.734001370571028	0.18851471273175802	-0.6524600559866072	0.3102254796964301
0.1973104256523275	0.8600737370047271	0.4704696113744411	0.2299204342065497
0.649854315995223	-0.4740625800929007	0.5940994050712319	0.24388662624720114
0.0	0.0	0.0	1.0
24	36	44
0.7081813133029703	0.13990302047424694	-0.6920304490211711	0.29400924606169787
0.07985698874696641	0.9580085525463594	0.2753946634698643	0.10046051616171892
0.7014997904409834	-0.25029290246020974	0.667271563594518	0.13664076942436526
0.0	0.0	0.0	1.0
25	37	45
0.5828355045839383	0.057029187389241405	-0.8105863746434151	0.2251691225184338
0.2715434411650604	0.9265196659786735	0.26043342830600685	0.11249825958865174
0.7658765550967573	-0.37189934450606965	0.5245226231788352	0.11109166519578098
0.0	0.0	0.0	1.0
33	44	46
0.9036516836434987	0.15272985532920327	-0.40010877408040546	0.2267764563656765
-0.13361238377161452	0.9881585614439937	0.07543507085217033	-0.024968832899933693
0.40689208706411684	-0.014707479800191098	0.9133577259558203	0.21107536005982738
0.0	0.0	0.0	1.0
34	37	47
0.9811035548275245	0.03580342164150992	-0.19014223412561918	0.11177390576614599
0.058723663808981946	0.8812722216199539	0.46894654547564124	0.16809230107686618
0.18435699798382874	-0.4712510009099677	0.8625167060644591	0.12145213055641066
0.0	0.0	0.0	1.0
34	44	48
0.9380281827575672	0.03738231213958843	-0.34453700880874993	0.15392478027105572
-0.07047357095453848	0.9939685767999147	-0.08402386808620393	-0.05618329499269656
0.3393179616661681	0.10309755460243501	0.9350048848803284	0.13231077511858258
0.0	0.0	0.0	1.0
35	44	49
0.949908382435929	-0.018390168333895635	-0.3119864709011648	0.0877695156801833
-0.05627032631485185	0.9718891986440712	-0.2286152441723748	-0.09239956048722041
0.30742054816245884	0.2347192144357682	0.9221709278557964	0.050967645120188025
0.0	0.0	0.0	1.0
36	44	50
0.9675745261090817	-0.048420742688634506	-0.24790099185555678	0.06303448295052672
-0.0547554984852666	0.9179057584618587	-0.3930023920701418	-0.1167279893694037
0.24657921700227522	0.3938331160418951	0.8854908990017222	-0.014080799215867912
0.0	0.0	0.0	1.0
37	42	51
0.9614198605831745	0.057719057653012294	0.26896157510209046	0.040628769755490055
-0.004352220202682341	0.980808708269198	-0.1949239198136375	0.00942909578107232
-0.2750507149842816	0.18623316711881005	0.9432201412839375	0.0579881044047527
0.0	0.0	0.0	1.0
37	43	52
0.997746637916528	0.012605398360566745	0.06590051913813147	0.058041031139893215
0.011638809309066675	0.9347866618170407	-0.3550191109385682	-0.06537269780847793
-0.06607803153896738	0.35498615742919193	0.9325334567611986	-0.00043367009827956996
0.0	0.0	0.0	1.0
37	44	53
0.9871521068262368	-0.07354101270603941	-0.1418533659411534	0.07317700088462026
-0.01757788671396618	0.8324156394737937	-0.553872872153545	-0.12687215823830622
0.15881331235236798	0.5492503369757311	0.8204281143754591	-0.0774078999149991
0.0	0.0	0.0	1.0
39	43	54
0.9968691686791022	-0.039211460176033365	-0.06866242503447532	0.07044690282872655
-0.00042782741446239315	0.865687622904813	-0.5005845651340779	-0.11722160585174898
0.07906892652608488	0.49904668396541063	0.8629603695482503	-0.15416884873952624
0.0	0.0	0.0	1.0
40	43	55
0.9533780045319153	-0.1014860287100215	-0.28420266136463457	0.0680099036041506
-0.03858383069791436	0.8930366182973004	-0.4483269399182126	-0.12224892458435332
0.29930233893972763	0.4383906464980273	0.8474855867696132	-0.17466664418568179
0.0	0.0	0.0	1.0
41	44	56
0.8205149794266607	-0.15571324199069095	-0.5500077176698961	0.09633250709035363
-0.18413426253908133	0.838897351614635	-0.5121970545601404	-0.13673836889349705
0.5411558324755141	0.5215407142230521	0.6596556677733121	-0.22519924749494682
0.0	0.0	0.0	1.0
42	44	57
0.9066698305461133	-0.04877534303551483	-0.41901161289784816	0.06109772129773727
-0.11782402146613155	0.9244800929493363	-0.36256589451353227	-0.1097776221846106
0.40505217141910416	0.3780972382299745	0.8324513077400327	-0.14570206848760303
0.0	0.0	0.0	1.0
44	48	58
0.7684455398895852	0.2383472407432942	-0.5938705910809934	-0.05874481114376585
-0.41737185883422817	0.8901597963650169	-0.1828015270541735	-0.02848175667200829
0.485069417434774	0.3883378273195428	0.7835187358957967	-0.195404684905445
0.0	0.0	0.0	1.0
45	48	59
0.849659293032047	0.30219492687637994	-0.4321545724175787	-0.07603703776540849
-0.35999874139201504	0.9312341401378288	-0.056604885152992536	0.0066279880180601936
0.3853312760324693	0.20367000891651088	0.9000214279900494	-0.122041347343671
0.0	0.0	0.0	1.0
45	49	60
0.8168436009737737	0.35912123135155044	-0.4514402379865319	-0.10233430899971774
-0.2837098686560064	0.9314942778382314	0.22765531273892994	0.0549731807757039
0.502269889739393	-0.05788067934325983	0.8627714261646336	-0.07538894062309343
0.0	0.0	0.0	1.0
46	49	61
0.9138736624278676	0.3415590927847199	-0.21948130767660684	-0.09598623726766453
-0.24661919655190867	0.8964462090291494	0.368188603064303	0.09841191655993176
0.3225113033681551	-0.28234967887156653	0.9034737559817778	-0.007733463023067433
0.0	0.0	0.0	1.0
47	49	62
0.9714828678744304	0.23136341981114966	-0.05188234940947373	-0.07210260844312977
-0.19063186813524619	0.8922457127600272	0.409336924687604	0.11848921529918077
0.14099736676299454	-0.38777347711788246	0.9109068402831588	0.03892437323721598
0.0	0.0	0.0	1.0
48	49	63
0.9976550701792956	0.06591697526576427	-0.018408244940809212	-0.029159036688700457
-0.05794615714074912	0.9566878227423317	0.2852896745842396	0.07904334748017061
0.03641644117924025	-0.283554083780418	0.9582643085625523	0.046207318088227645
0.0	0.0	0.0	1.0
