13	14	1
0.89399844	0.03539546	-0.44666967	-0.08353253
-0.16134337	0.95543391	-0.2472133	0.24689285
0.41801316	0.29307553	0.85986727	-1.43553662
0.0	0.0	0.0	1.0
38	39	2
0.99968255	0.02385853	-0.00809564	0.040528
-0.02508202	0.97278339	-0.23035514	-0.19833523
0.00237937	0.2304851	0.97307301	-0.4830406
0.0	0.0	0.0	1.0
39	40	3
0.89972091	-0.00884859	-0.43637553	0.04724118
0.02281738	0.99938095	0.02678006	-0.06731651
0.43586838	-0.03405152	0.89936596	-0.93796408
0.0	0.0	0.0	1.0
45	46	4
0.97957277	0.08606353	-0.18174174	-0.17141514
-0.12568255	0.96754187	-0.2192404	-0.01506963
0.15697418	0.23760372	0.95859456	-0.51690507
0.0	0.0	0.0	1.0
46	47	5
0.98785621	0.03304569	0.15181631	-0.07121905
0.01267603	0.95672113	-0.29073024	-0.41204232
-0.15485325	0.2891241	0.94468397	-0.13820569
0.0	0.0	0.0	1.0
47	48	6
0.94661826	0.08459552	0.31105825	0.42399803
-0.12585628	0.98535693	0.11503017	0.36159354
-0.29677248	-0.14803831	0.94340378	0.93918371
0.0	0.0	0.0	1.0
48	49	7
0.99410313	-0.05557818	-0.09311268	0.3411493
0.08955652	0.90495497	0.41597641	0.32462403
0.06114358	-0.42186227	0.90459585	0.54220408
0.0	0.0	0.0	1.0
49	50	8
0.99161583	0.05887118	0.11503066	0.469055
-0.02685299	0.96463853	-0.26220456	-0.12725584
-0.12639931	0.2569173	0.95813191	-0.11804695
0.0	0.0	0.0	1.0
50	51	9
0.99697113	-0.07148555	-0.03063233	0.59226149
0.07373679	0.99405837	0.08006717	-0.07405514
0.02472667	-0.0820834	0.99631864	0.26473457
0.0	0.0	0.0	1.0
51	52	10
0.94399965	0.01346662	0.3296715	-0.06076767
-0.03170595	0.9982453	0.05001169	0.12073751
-0.32841951	-0.05766357	0.94277018	0.99164456
0.0	0.0	0.0	1.0
52	53	11
0.98635435	-0.0402122	-0.15965015	-0.08941051
-0.03946261	0.88369751	-0.46639186	-0.05293227
0.1598371	0.46632782	0.87005204	-1.44370472
0.0	0.0	0.0	1.0
56	57	12
0.96236205	-0.07519057	-0.26116192	0.33686396
0.01952484	0.97761077	-0.20951429	-0.12203093
0.27106819	0.19652948	0.94228351	-0.7062152
0.0	0.0	0.0	1.0
57	58	13
0.95642477	-0.04395967	-0.28865078	0.14192638
-0.05757315	0.94079816	-0.33404225	-0.31571406
0.28624648	0.33610481	0.89727169	-0.99224055
0.0	0.0	0.0	1.0
58	59	14
0.95816571	-0.14312495	-0.24785812	0.21501444
0.08345437	0.96806729	-0.23639117	-0.27920797
0.27377683	0.20581709	0.93951344	-1.0129199
0.0	0.0	0.0	1.0
59	60	15
0.9967069	-0.02825155	0.07600853	0.01025626
-0.02456855	0.78807485	0.61508864	1.02626073
-0.07727764	-0.61493069	0.78478581	1.32922781
0.0	0.0	0.0	1.0
60	61	16
0.91529948	-0.12359291	0.38334244	0.35004044
0.0844294	0.98948592	0.11742829	0.17311998
-0.39382529	-0.07511669	0.91611087	0.86694437
0.0	0.0	0.0	1.0
200	201	17
0.91070569	0.01597882	0.4127467	0.3601914
0.17815544	0.88633293	-0.42740431	-0.33804893
-0.37266046	0.46277258	0.80434179	-0.43782032
0.0	0.0	0.0	1.0
247	248	18
0.76833212	-0.38716909	0.50967228	1.11178136
0.467852	0.88313633	-0.03441964	-0.62528384
-0.43678385	0.26489696	0.85968	0.09182895
0.0	0.0	0.0	1.0
8	69	19
0.67936856	-0.12994035	0.72220051	-0.37125838
0.08950451	0.99152148	0.09420104	0.78001195
-0.72831798	0.00064305	0.68523902	0.38829708
0.0	0.0	0.0	1.0
11	14	20
0.44596776	-0.05217509	-0.89352691	1.73227048
-0.39453587	0.88462049	-0.24857174	0.60594577
0.80340147	0.46338344	0.37392744	-2.74392915
0.0	0.0	0.0	1.0
11	15	21
0.3464427	0.32300705	-0.88070637	1.24741542
-0.38332593	0.90563214	0.1813599	1.0065378
0.85617638	0.27476665	0.43756688	-2.57895255
0.0	0.0	0.0	1.0
11	17	22
0.50547612	0.26010257	-0.82270342	0.58828145
-0.29605436	0.94788188	0.11778022	1.26292694
0.81046033	0.18402994	0.55613607	-2.70600772
0.0	0.0	0.0	1.0
12	14	23
0.95050716	0.01440888	-0.31036893	0.15431738
-0.09337319	0.96599549	-0.24110958	-0.10500971
0.29634094	0.25815636	0.91953093	-1.1423918
0.0	0.0	0.0	1.0
12	15	24
0.91138762	0.14545363	-0.38498768	-0.18262325
-0.07776858	0.97947538	0.1859563	0.25905436
0.40413398	-0.13953839	0.90399396	-0.7375266
0.0	0.0	0.0	1.0
10	64	25
0.95543575	0.15501696	0.25121978	0.29993451
-0.17374778	0.98330629	0.05403871	1.1371727
-0.23864929	-0.09527928	0.96642071	-0.01761388
0.0	0.0	0.0	1.0
13	15	26
0.84535408	0.21841325	-0.48751643	-0.46332729
-0.14576049	0.97227687	0.18284279	0.62206161
0.51393634	-0.08350622	0.85375404	-1.05573761
0.0	0.0	0.0	1.0
8	231	27
0.99636358	-0.05138385	0.06796793	1.25087512
0.05931818	0.9909513	-0.12040356	0.54253358
-0.06116612	0.12399741	0.99039555	-1.02985322
0.0	0.0	0.0	1.0
24	37	28
0.89313889	-0.27529666	0.35568878	-1.19039011
0.28672194	0.95777589	0.02133925	-0.64458573
-0.3465448	0.08292483	0.93436074	0.47703207
0.0	0.0	0.0	1.0
24	60	29
0.99815452	-0.04769262	-0.03759553	-0.6129756
0.03893667	0.97767431	-0.20648892	-1.16264844
0.04660421	0.20464386	0.97772682	0.42064136
0.0	0.0	0.0	1.0
25	60	30
0.99593991	-0.00621887	-0.08980826	-1.03429544
-0.02371097	0.94426501	-0.32833186	-0.95244831
0.08684468	0.32912827	0.94028294	-0.68570679
0.0	0.0	0.0	1.0
28	49	31
0.87557966	-0.15496066	0.45754457	-1.34246826
0.21604751	0.97276413	-0.08398414	-1.2929765
-0.43206877	0.17238618	0.88521153	1.31726456
0.0	0.0	0.0	1.0
29	60	32
0.99953866	0.00558689	-0.0298482	-0.26599309
-0.0133817	0.96338272	-0.26779607	-0.96932882
0.02725909	0.26807183	0.96301275	0.44561425
0.0	0.0	0.0	1.0
28	60	33
0.96702176	-0.01214344	0.25440332	-0.38659027
0.06230349	0.97979474	-0.19005534	-1.09208453
-0.24695505	0.19963783	0.94823962	1.30379558
0.0	0.0	0.0	1.0
27	60	34
0.86663681	-0.03120423	0.49796206	-0.09254807
0.13157915	0.97700548	-0.16777311	-1.38456297
-0.48127657	0.21091987	0.85081458	1.55518413
0.0	0.0	0.0	1.0
30	60	35
0.88859534	0.06320064	-0.45431694	-0.13335761
-0.19007647	0.95215553	-0.23931366	-0.4973855
0.41745594	0.29900795	0.8580938	-0.67033648
0.0	0.0	0.0	1.0
31	49	36
0.91621047	0.01551382	-0.40039733	-0.55358148
-0.08298799	0.98493093	-0.15173541	-0.16197012
0.39200979	0.17224979	0.90369189	-1.93437386
0.0	0.0	0.0	1.0
32	48	37
0.99520999	0.05523243	0.08065996	-1.19571459
-0.00033026	0.82699203	-0.5622133	-0.66275823
-0.09775754	0.5594939	0.82304913	-0.77039802
0.0	0.0	0.0	1.0
32	49	38
0.99929643	-0.03720382	0.00470941	-0.79820859
0.03745878	0.9843415	-0.17224571	-0.68361294
0.00177253	0.17230086	0.98504287	-0.18740396
0.0	0.0	0.0	1.0
31	60	39
0.79593706	0.08590698	-0.59925288	0.10056666
-0.2421381	0.95242673	-0.18507449	-0.2615186
0.55484581	0.29240957	0.77887285	-1.19927037
0.0	0.0	0.0	1.0
32	60	40
0.97179806	0.07917199	-0.22212724	0.1049846
-0.13046159	0.96517527	-0.22675076	-0.6888476
0.19643942	0.2493351	0.94828463	0.24505457
0.0	0.0	0.0	1.0
33	39	41
0.78665078	0.02704121	0.61680567	-0.23939489
0.23940712	0.90751255	-0.34511662	-0.84389138
-0.56909126	0.41915411	0.70742118	1.11162817
0.0	0.0	0.0	1.0
33	48	42
0.83467853	0.13809589	0.53314269	-0.71687531
0.19031514	0.8360911	-0.51452023	-1.20193958
-0.51680887	0.53092468	0.67158562	0.47088063
0.0	0.0	0.0	1.0
33	49	43
0.87360483	-0.14461623	0.464652	-0.10130966
0.23515755	0.96139407	-0.14290598	-1.13711023
-0.42604747	0.23410971	0.87388587	0.81741518
0.0	0.0	0.0	1.0
34	39	44
0.30966815	0.01440919	0.95073569	0.87378252
0.42718455	0.89118552	-0.1526469	-1.37760568
-0.84948164	0.4534097	0.26981661	1.71938002
0.0	0.0	0.0	1.0
35	39	45
0.50412714	0.01764866	0.86344862	0.29847112
0.30607659	0.93124461	-0.19773823	-1.00175214
-0.80757219	0.36396679	0.46406424	1.97962511
0.0	0.0	0.0	1.0
35	48	46
0.57467818	0.17063141	0.80039364	-0.30984819
0.26927423	0.88413936	-0.38182205	-1.47014868
-0.77281022	0.43495029	0.46214926	1.5439744
0.0	0.0	0.0	1.0
35	49	47
0.63548523	-0.21018404	0.74295443	0.36483622
0.32459724	0.94579858	-0.010075	-1.29146361
-0.70056772	0.2475636	0.66926616	1.6593312
0.0	0.0	0.0	1.0
35	60	48
0.81212783	-0.10556482	0.57385004	1.19743526
0.21780062	0.96725631	-0.1303021	-1.03791487
-0.54130495	0.23080721	0.80852759	1.32747161
0.0	0.0	0.0	1.0
36	48	49
0.91516042	0.12246533	0.38403609	-0.95959812
0.09684853	0.85801882	-0.50440484	-1.06201792
-0.39128214	0.49880445	0.77336431	0.35156596
0.0	0.0	0.0	1.0
36	49	50
0.94342685	-0.10242192	0.31536603	-0.39406332
0.14500412	0.98277098	-0.1146083	-1.02147067
-0.2981942	0.15385389	0.94202387	0.78754276
0.0	0.0	0.0	1.0
37	39	51
0.99749845	0.05649115	-0.04248958	-0.55418748
-0.06796587	0.93165958	-0.35691878	-0.25494778
0.01942307	0.35891384	0.93316883	-0.28283635
0.0	0.0	0.0	1.0
36	60	52
0.99467218	0.03127033	0.0982306	0.58319944
-0.01127318	0.98016316	-0.19786939	-0.90850925
-0.10246948	0.19570778	0.97529417	0.92770666
0.0	0.0	0.0	1.0
37	48	53
0.98826081	0.05726691	-0.14163934	-0.67513365
-0.12159411	0.85612923	-0.50225335	-0.57799685
0.09249903	0.51357913	0.85304171	-1.09664488
0.0	0.0	0.0	1.0
37	49	54
0.97814643	0.05875773	-0.19944154	-0.38853386
-0.07761433	0.99308515	-0.08807983	-0.60913867
0.1928871	0.1016345	0.97594345	-0.44171932
0.0	0.0	0.0	1.0
37	51	55
0.9914428	0.00495307	-0.13044836	0.64685088
-0.04054065	0.96155322	-0.27160949	-0.95651561
0.12408783	0.27457365	0.95352572	-0.23403756
0.0	0.0	0.0	1.0
38	48	56
0.99417937	0.03217963	-0.1028172	-0.08403056
-0.07003371	0.91823477	-0.38979509	-0.62825072
0.08186686	0.39472699	0.91514397	-1.24464035
0.0	0.0	0.0	1.0
38	49	57
0.98470742	0.01842097	-0.17324039	0.20925476
-0.01314831	0.99941629	0.03153406	-0.55520004
0.17372008	-0.02877397	0.9843744	-0.60374945
0.0	0.0	0.0	1.0
37	60	58
0.89239728	0.15484814	-0.42385074	0.41041267
-0.22410716	0.96734059	-0.11844154	-0.68182695
0.39166769	0.20068499	0.89795464	0.14638747
0.0	0.0	0.0	1.0
38	60	59
0.90693045	0.11174849	-0.40618956	1.04682696
-0.13279876	0.99085444	-0.02391172	-0.5243963
0.39980274	0.07562772	0.91347599	-0.05802511
0.0	0.0	0.0	1.0
39	41	60
0.86188662	0.0457859	-0.50502884	0.0252351
0.05079	0.98311347	0.17580752	0.06180097
0.50455052	-0.17717665	0.84500706	-1.0338738
0.0	0.0	0.0	1.0
39	44	61
0.99171299	-0.01070432	-0.12802657	-0.44404441
0.05953406	0.92136008	0.38412452	0.52326608
0.11384677	-0.38856331	0.91436177	0.03873051
0.0	0.0	0.0	1.0
39	45	62
0.92400444	0.0217981	-0.38175958	-0.1718796
0.05965891	0.977929	0.20023654	-0.04768738
0.3776986	-0.20779492	0.90231079	-1.09764457
0.0	0.0	0.0	1.0
39	48	63
0.99580491	0.01365921	-0.09047589	-0.1256011
-0.02921111	0.9845106	-0.17287423	-0.58395272
0.08671308	0.17479202	0.98077971	-0.64474398
0.0	0.0	0.0	1.0
39	49	64
0.98549706	-0.00812641	-0.16950093	0.17762721
0.05170705	0.96573418	0.25432977	-0.37294996
0.16162603	-0.25940555	0.9521479	-0.02824929
0.0	0.0	0.0	1.0
39	51	65
0.99474478	-0.05633648	-0.08549707	1.23774457
0.06343544	0.99455166	0.08272223	-0.57072353
0.08037096	-0.08771108	0.99289852	0.2566196
0.0	0.0	0.0	1.0
40	48	66
0.93216121	0.11824272	0.34218937	-0.05611147
-0.04752373	0.97694743	-0.20812222	-0.5102765
-0.35891023	0.17774145	0.91629195	0.32828793
0.0	0.0	0.0	1.0
40	49	67
0.95734787	-0.08850808	0.2750473	0.48567352
0.02735666	0.9754172	0.21866229	-0.31936008
-0.28763914	-0.20181145	0.93623519	0.75753123
0.0	0.0	0.0	1.0
40	128	68
0.67085451	-0.1676826	0.72238284	-1.52682459
0.10437941	0.98575413	0.13188344	-0.11653303
-0.7342065	-0.01307273	0.67880052	1.46551692
0.0	0.0	0.0	1.0
44	46	69
0.89463907	0.07555121	-0.44035444	0.07750238
-0.24953599	0.90204477	-0.35220289	0.00731102
0.37061015	0.42497891	0.82585758	-1.82801116
0.0	0.0	0.0	1.0
44	48	70
0.99482113	0.10057826	0.01465121	0.14371741
-0.07697906	0.83970696	-0.53755563	-0.74719036
-0.06636911	0.53364384	0.84310108	-1.07057202
0.0	0.0	0.0	1.0
45	48	71
0.94943684	0.14628363	0.27779603	0.1580701
-0.03199254	0.92529172	-0.37790376	-0.5956285
-0.31232348	0.34990853	0.88318634	0.2925204
0.0	0.0	0.0	1.0
45	128	72
0.72220713	-0.13096654	0.67916483	-1.35242164
0.19694817	0.98020166	-0.02041303	-0.33935779
-0.66304475	0.14850262	0.73370218	1.37074304
0.0	0.0	0.0	1.0
45	129	73
0.87776768	-0.09863438	0.46882299	-1.31535995
0.18745141	0.97126961	-0.14661928	-0.38017815
-0.4408918	0.2165792	0.87103856	0.6654954
0.0	0.0	0.0	1.0
49	51	74
0.99598575	-0.01807536	0.08766826	1.07889211
0.03389267	0.98263049	-0.18245229	-0.27066827
-0.08284763	0.18469095	0.97929817	0.04350157
0.0	0.0	0.0	1.0
49	52	75
0.91270483	-0.00374501	0.40860197	1.09099936
0.05522858	0.99191284	-0.11427408	-0.32288286
-0.40486956	0.12686507	0.90553075	1.04011798
0.0	0.0	0.0	1.0
49	54	76
0.65851533	0.15786691	0.73582292	1.0124824
0.20111226	0.90527612	-0.3742049	-0.68590206
-0.72519732	0.3944025	0.56438929	1.20275533
0.0	0.0	0.0	1.0
49	59	77
0.94553685	-0.09865487	-0.31020606	1.46330285
-0.13939849	0.7384451	-0.65974736	0.09762808
0.29415742	0.6670571	0.68447435	-1.20960975
0.0	0.0	0.0	1.0
49	60	78
0.96768099	0.10779336	-0.22798041	0.91642904
-0.12399306	0.99059051	-0.05792893	0.02002928
0.21959083	0.08432464	0.97194088	0.42191783
0.0	0.0	0.0	1.0
50	52	79
0.95411253	-0.05644925	0.29407808	0.49493963
0.01072512	0.98788285	0.15483049	0.11881558
-0.29925472	-0.14457168	0.94315726	1.24827909
0.0	0.0	0.0	1.0
50	53	80
0.99041069	0.04367219	0.13107076	-0.00226759
0.00057408	0.94741362	-0.32001194	-0.16260779
-0.13815379	0.31701869	0.93830305	-0.07043452
0.0	0.0	0.0	1.0
50	54	81
0.73524809	0.07971039	0.67309433	0.38694924
0.04746071	0.98456919	-0.1684396	-0.18115892
-0.67613375	0.15579052	0.72011936	1.48981798
0.0	0.0	0.0	1.0
50	55	82
0.86701071	-0.04815264	0.49595723	0.58327973
-0.0287999	0.9888137	0.14635102	0.36186975
-0.49745631	-0.14117157	0.85592479	1.92321372
0.0	0.0	0.0	1.0
50	57	83
0.98825622	-0.03244885	0.14932087	0.71436536
0.02295649	0.99763018	0.06486088	0.37455416
-0.15107173	-0.06067128	0.98665929	0.99245107
0.0	0.0	0.0	1.0
50	58	84
0.98808706	-0.03566629	-0.1497069	0.75707495
-0.00757404	0.96032494	-0.27877891	-0.01042206
0.15371031	0.27659169	0.94861466	-0.00317872
0.0	0.0	0.0	1.0
50	59	85
0.90122873	-0.20932518	-0.37943462	1.14225709
-0.00041559	0.87517792	-0.48380214	-0.00577496
0.43334445	0.43617371	0.78864759	-1.00592923
0.0	0.0	0.0	1.0
51	57	86
0.98336589	0.03698386	0.17782831	0.17631032
-0.0328708	0.99912089	-0.02602133	0.36757782
-0.17863439	0.01974313	0.98371732	0.75679016
0.0	0.0	0.0	1.0
51	60	87
0.94210273	0.13412997	-0.30732891	-0.18831815
-0.09931801	0.98700631	0.1263119	0.35954872
0.32027796	-0.08847542	0.94318265	0.30624524
0.0	0.0	0.0	1.0
52	54	88
0.90546632	0.04401901	0.4221288	-0.18314412
0.10021567	0.94430739	-0.31343377	-0.30718917
-0.41241652	0.32610771	0.85062695	0.14179631
0.0	0.0	0.0	1.0
52	57	89
0.98794752	-0.00238073	-0.15477315	0.29247397
-0.01061137	0.9964878	-0.08306234	0.27061453
0.1544272	0.08370356	0.98445189	-0.13668267
0.0	0.0	0.0	1.0
52	58	90
0.89846981	-0.10704691	-0.42578557	0.61914998
-0.0840479	0.90994513	-0.40612286	0.02515994
0.43091574	0.40067542	0.80856121	-1.11951542
0.0	0.0	0.0	1.0
52	59	91
0.73391736	-0.3169277	-0.60076809	1.27459788
-0.11546117	0.81339014	-0.57014441	0.15651061
0.66935349	0.48780498	0.56036836	-1.95281529
0.0	0.0	0.0	1.0
52	60	92
0.7895326	0.11090761	-0.60360318	0.12825637
-0.08655877	0.99382734	0.0693866	0.22640534
0.60757303	-0.00253584	0.79425973	-0.64265525
0.0	0.0	0.0	1.0
53	58	93
0.95877284	-0.08053204	-0.27252319	0.74954319
0.09399898	0.99489564	0.03670397	0.18578999
0.26817632	-0.06080772	0.96144873	0.13900606
0.0	0.0	0.0	1.0
53	59	94
0.83609688	-0.2720454	-0.47637609	1.26203406
0.18468477	0.95727372	-0.22252859	-0.11486588
0.51655948	0.0980759	0.85061562	-0.75533277
0.0	0.0	0.0	1.0
54	57	95
0.8295604	0.06271252	-0.55488467	0.60689187
0.08286192	0.9688493	0.23337822	0.48050874
0.55223525	-0.23957999	0.79852241	-0.2201682
0.0	0.0	0.0	1.0
54	58	96
0.63954496	-0.19439398	-0.74376988	1.30337191
0.17066175	0.97925991	-0.10919594	-0.13217093
0.74957126	-0.05709733	0.65945637	-0.6816107
0.0	0.0	0.0	1.0
54	60	97
0.46039256	0.19945367	-0.86501819	0.64999431
0.13855609	0.9463442	0.29194942	0.28736094
0.8768357	-0.25426519	0.40805423	-0.73573637
0.0	0.0	0.0	1.0
55	57	98
0.93110365	-0.03269323	-0.3632859	0.58684778
0.00281944	0.9965905	-0.08246026	0.11487821
0.36474314	0.07575474	0.92802095	-0.73001271
0.0	0.0	0.0	1.0
55	60	99
0.64368856	0.09556073	-0.75929791	0.52452707
-0.07122996	0.9953472	0.06488391	0.05559234
0.76196522	0.01231969	0.64750105	-1.25303674
0.0	0.0	0.0	1.0
56	60	100
0.7197175	0.05169531	-0.69234002	0.21335089
-0.12873028	0.98986852	-0.0599097	-0.08759627
0.68222851	0.13224317	0.71908009	-1.24850309
0.0	0.0	0.0	1.0
57	61	101
0.99593008	0.04215838	-0.07965795	-0.37373671
-0.02303853	0.97357208	0.22721544	0.23856346
0.08713175	-0.22445525	0.97058159	0.43706724
0.0	0.0	0.0	1.0
89	93	102
0.90782535	0.08287609	-0.41107723	0.10691203
0.21925247	0.74181211	0.63375318	-0.41517022
0.35746521	-0.66546702	0.65526485	0.63626611
0.0	0.0	0.0	1.0
90	93	103
0.9704991	-0.22816677	-0.07791904	0.36048722
0.2055137	0.61385411	0.76219934	-0.08470716
-0.12607752	-0.7557267	0.64263594	1.93242073
0.0	0.0	0.0	1.0
93	137	104
0.33063701	-0.2269309	0.91606849	-0.87400407
0.6912291	0.71910483	-0.07134704	-2.36381865
-0.64255857	0.65680295	0.39462367	1.44188631
0.0	0.0	0.0	1.0
121	133	105
0.58922404	0.25860569	-0.76546544	0.25022116
-0.27351654	0.95530099	0.11219824	0.88962215
0.76026571	0.14325751	0.63361967	-2.28213716
0.0	0.0	0.0	1.0
125	143	106
0.65955639	0.44280806	-0.60737634	1.43413413
-0.31848472	0.89656526	0.30779576	0.90252358
0.68084729	-0.00956839	0.73236281	-1.66082406
0.0	0.0	0.0	1.0
125	200	107
0.90005004	0.13209721	-0.4152838	-0.52617943
-0.23149329	0.95230758	-0.1987998	0.28031862
0.36921707	0.27506533	0.88770396	-1.40548897
0.0	0.0	0.0	1.0
130	142	108
0.93932414	0.24577002	-0.23930316	0.80295086
-0.08731665	0.84594715	0.52606905	0.56327569
0.33173025	-0.47325435	0.8160792	-0.03527514
0.0	0.0	0.0	1.0
132	239	109
0.97617942	-0.00012366	-0.2169662	-0.85162407
0.04761629	0.97574258	0.21368018	0.83534741
0.21167675	-0.21892101	0.95250553	-1.08172822
0.0	0.0	0.0	1.0
142	152	110
0.76044667	0.03580914	-0.64841241	0.31634474
-0.41128433	0.79926223	-0.43820706	0.97151774
0.50255942	0.59991479	0.62252337	-2.07549548
0.0	0.0	0.0	1.0
151	201	111
0.65636218	0.20517482	0.72601014	-1.22895646
0.02285369	0.95646119	-0.29096299	-0.20028147
-0.75409949	0.20756915	0.62309635	2.21309948
0.0	0.0	0.0	1.0
152	201	112
0.6197542	0.19106728	0.76118207	-0.2386809
0.10175027	0.94216126	-0.31934062	-0.42972076
-0.77817196	0.27536336	0.56446773	2.15422511
0.0	0.0	0.0	1.0
153	201	113
0.85222137	0.08458576	0.51629823	-0.22283866
0.13511284	0.91778445	-0.37338421	-0.53334194
-0.50543332	0.3879647	0.77072668	0.95142823
0.0	0.0	0.0	1.0
156	164	114
0.4266313	0.43516251	-0.79285491	-0.7128346
-0.16455469	0.89935493	0.40506989	0.65944535
0.88932997	-0.04234746	0.45530117	-1.12553167
0.0	0.0	0.0	1.0
154	201	115
0.84950358	0.08521524	0.52065456	0.03323221
0.13272379	0.92061269	-0.36722904	-0.40877494
-0.51061428	0.38106573	0.7707535	0.50993264
0.0	0.0	0.0	1.0
163	176	116
0.16665676	0.18646871	-0.96822232	2.18447781
-0.53478664	0.84207267	0.07012261	1.09153926
0.82838959	0.50610614	0.24005792	-3.2361877
0.0	0.0	0.0	1.0
164	176	117
0.86223894	0.00725852	-0.5064494	0.49136347
-0.23857099	0.88785303	-0.39344648	0.82008058
0.44679701	0.46006921	0.76727355	-2.51719475
0.0	0.0	0.0	1.0
173	207	118
0.97530925	0.17015608	-0.14078075	0.26195213
-0.20691021	0.92689174	-0.31314483	0.03542573
0.07720512	0.33454204	0.9392128	-0.43561089
0.0	0.0	0.0	1.0
173	208	119
0.82386965	0.03980619	-0.5653798	0.65114099
-0.16210686	0.97240877	-0.16775817	0.03468565
0.54310244	0.22986279	0.80759114	-1.170928
0.0	0.0	0.0	1.0
174	208	120
0.94190145	0.11459275	-0.31573683	0.10940263
-0.18199076	0.96417809	-0.19297571	0.02987114
0.28231281	0.2392253	0.92901605	-0.63160878
0.0	0.0	0.0	1.0
182	238	121
0.96977234	-0.24294804	0.02275454	0.24254887
0.22879821	0.93775988	0.26126105	0.05454062
-0.08481137	-0.24815758	0.96499962	0.0993868
0.0	0.0	0.0	1.0
181	238	122
0.95008594	-0.23058902	0.21015438	0.36068016
0.18206736	0.95679128	0.22671945	0.20725611
-0.25335294	-0.17714082	0.95101672	0.60297531
0.0	0.0	0.0	1.0
