8	 9	 60	
 5.00000000e+03	  0.00000000e+00	  0.00000000e+00	  0.00000000e+00	  1.10194170e+04	  1.20782739e+03	
 0.00000000e+00	  5.00000000e+03	  0.00000000e+00	 -1.10194170e+04	  0.00000000e+00	 -5.39563721e+03	
 0.00000000e+00	  0.00000000e+00	  5.00000000e+03	 -1.20782739e+03	  5.39563721e+03	  0.00000000e+00	
 0.00000000e+00	 -1.10194170e+04	 -1.20782739e+03	  2.55787070e+04	 -9.63188171e+02	  1.20344609e+04	
 1.10194170e+04	  0.00000000e+00	  5.39563721e+03	 -9.63188171e+02	  3.08028848e+04	  2.60773535e+03	
 1.20782739e+03	 -5.39563721e+03	  0.00000000e+00	  1.20344609e+04	  2.60773535e+03	  7.51797021e+03	
8	 35	 60	
 5.00000000e+03	  0.00000000e+00	  0.00000000e+00	  0.00000000e+00	  1.12370908e+04	  5.98976685e+02	
 0.00000000e+00	  5.00000000e+03	  0.00000000e+00	 -1.12370908e+04	  0.00000000e+00	 -5.74489453e+03	
 0.00000000e+00	  0.00000000e+00	  5.00000000e+03	 -5.98976685e+02	  5.74489453e+03	  0.00000000e+00	
 0.00000000e+00	 -1.12370908e+04	 -5.98976685e+02	  2.62665820e+04	 -5.72722107e+02	  1.29348018e+04	
 1.12370908e+04	  0.00000000e+00	  5.74489453e+03	 -5.72722107e+02	  3.22081387e+04	  1.33882593e+03	
 5.98976685e+02	 -5.74489453e+03	  0.00000000e+00	  1.29348018e+04	  1.33882593e+03	  7.68442432e+03	
8	 36	 60	
 5.00000000e+03	  0.00000000e+00	  0.00000000e+00	  0.00000000e+00	  1.13097422e+04	  8.95530884e+02	
 0.00000000e+00	  5.00000000e+03	  0.00000000e+00	 -1.13097422e+04	  0.00000000e+00	 -5.19777100e+03	
 0.00000000e+00	  0.00000000e+00	  5.00000000e+03	 -8.95530884e+02	  5.19777100e+03	  0.00000000e+00	
 0.00000000e+00	 -1.13097422e+04	 -8.95530884e+02	  2.66471094e+04	 -7.61158447e+02	  1.18646152e+04	
 1.13097422e+04	  0.00000000e+00	  5.19777100e+03	 -7.61158447e+02	  3.14705156e+04	  1.87020605e+03	
 8.95530884e+02	 -5.19777100e+03	  0.00000000e+00	  1.18646152e+04	  1.87020605e+03	  6.74698291e+03	
8	 37	 60	
 5.00000000e+03	  0.00000000e+00	  0.00000000e+00	  0.00000000e+00	  1.08369248e+04	  5.33471802e+02	
 0.00000000e+00	  5.00000000e+03	  0.00000000e+00	 -1.08369248e+04	  0.00000000e+00	 -2.67087964e+03	
 0.00000000e+00	  0.00000000e+00	  5.00000000e+03	 -5.33471802e+02	  2.67087964e+03	  0.00000000e+00	
 0.00000000e+00	 -1.08369248e+04	 -5.33471802e+02	  2.44155938e+04	 -6.34296997e+02	  6.21342627e+03	
 1.08369248e+04	  0.00000000e+00	  2.67087964e+03	 -6.34296997e+02	  2.69184961e+04	  1.13078674e+03	
 5.33471802e+02	 -2.67087964e+03	  0.00000000e+00	  6.21342627e+03	  1.13078674e+03	  4.03008325e+03	
9	 32	 60	
 5.00000000e+03	  0.00000000e+00	  0.00000000e+00	  0.00000000e+00	  9.57400293e+03	  3.53267151e+02	
 0.00000000e+00	  5.00000000e+03	  0.00000000e+00	 -9.57400293e+03	  0.00000000e+00	 -1.03425110e+03	
 0.00000000e+00	  0.00000000e+00	  5.00000000e+03	 -3.53267151e+02	  1.03425110e+03	  0.00000000e+00	
 0.00000000e+00	 -9.57400293e+03	 -3.53267151e+02	  1.91703125e+04	  6.28347683e+00	  2.24578271e+03	
 9.57400293e+03	  0.00000000e+00	  1.03425110e+03	  6.28347683e+00	  1.91232168e+04	  4.50684235e+02	
 3.53267151e+02	 -1.03425110e+03	  0.00000000e+00	  2.24578271e+03	  4.50684235e+02	  9.57691223e+02	
9	 33	 60	
 5.00000000e+03	  0.00000000e+00	  0.00000000e+00	  0.00000000e+00	  9.79957422e+03	  7.67934189e+01	
 0.00000000e+00	  5.00000000e+03	  0.00000000e+00	 -9.79957422e+03	  0.00000000e+00	 -2.59877783e+03	
 0.00000000e+00	  0.00000000e+00	  5.00000000e+03	 -7.67934189e+01	  2.59877783e+03	  0.00000000e+00	
 0.00000000e+00	 -9.79957422e+03	 -7.67934189e+01	  2.03453242e+04	  2.96173065e+02	  5.09828076e+03	
 9.79957422e+03	  0.00000000e+00	  2.59877783e+03	  2.96173065e+02	  2.11321523e+04	  1.34383041e+02	
 7.67934189e+01	 -2.59877783e+03	  0.00000000e+00	  5.09828076e+03	  1.34383041e+02	  2.70763428e+03	
9	 35	 60	
 5.00000000e+03	  0.00000000e+00	  0.00000000e+00	  0.00000000e+00	  9.43707715e+03	 -2.48200684e+02	
 0.00000000e+00	  5.00000000e+03	  0.00000000e+00	 -9.43707715e+03	  0.00000000e+00	 -1.89911145e+03	
 0.00000000e+00	  0.00000000e+00	  5.00000000e+03	  2.48200684e+02	  1.89911145e+03	  0.00000000e+00	
 0.00000000e+00	 -9.43707715e+03	  2.48200684e+02	  1.90311680e+04	  3.03809418e+02	  3.81017993e+03	
 9.43707715e+03	  0.00000000e+00	  1.89911145e+03	  3.03809418e+02	  1.94012754e+04	 -4.89832336e+02	
-2.48200684e+02	 -1.89911145e+03	  0.00000000e+00	  3.81017993e+03	 -4.89832336e+02	  2.19793286e+03	
9	 36	 60	
 5.00000000e+03	  0.00000000e+00	  0.00000000e+00	  0.00000000e+00	  8.92842773e+03	  4.13412781e+02	
 0.00000000e+00	  5.00000000e+03	  0.00000000e+00	 -8.92842773e+03	  0.00000000e+00	 -6.31255188e+02	
 0.00000000e+00	  0.00000000e+00	  5.00000000e+03	 -4.13412781e+02	  6.31255188e+02	  0.00000000e+00	
 0.00000000e+00	 -8.92842773e+03	 -4.13412781e+02	  1.73023555e+04	 -1.97697266e+02	  1.67875439e+03	
 8.92842773e+03	  0.00000000e+00	  6.31255188e+02	 -1.97697266e+02	  1.72157598e+04	  7.63251892e+02	
 4.13412781e+02	 -6.31255188e+02	  0.00000000e+00	  1.67875439e+03	  7.63251892e+02	  1.56172705e+03	
9	 37	 60	
 5.00000000e+03	  0.00000000e+00	  0.00000000e+00	  0.00000000e+00	  8.48952539e+03	  1.00867249e+02	
 0.00000000e+00	  5.00000000e+03	  0.00000000e+00	 -8.48952539e+03	  0.00000000e+00	  7.74718702e-01	
 0.00000000e+00	  0.00000000e+00	  5.00000000e+03	 -1.00867249e+02	 -7.74718702e-01	  0.00000000e+00	
 0.00000000e+00	 -8.48952539e+03	 -1.00867249e+02	  1.52700488e+04	  7.41013031e+01	  3.23413788e+02	
 8.48952539e+03	  0.00000000e+00	 -7.74718702e-01	  7.41013031e+01	  1.51066787e+04	  1.44595766e+01	
 1.00867249e+02	  7.74718702e-01	  0.00000000e+00	  3.23413788e+02	  1.44595766e+01	  8.35807434e+02	
10	 32	 60	
 5.00000000e+03	  0.00000000e+00	  0.00000000e+00	  0.00000000e+00	  7.90535498e+03	  3.99287415e+02	
 0.00000000e+00	  5.00000000e+03	  0.00000000e+00	 -7.90535498e+03	  0.00000000e+00	  1.08971289e+03	
 0.00000000e+00	  0.00000000e+00	  5.00000000e+03	 -3.99287415e+02	 -1.08971289e+03	  0.00000000e+00	
 0.00000000e+00	 -7.90535498e+03	 -3.99287415e+02	  1.45002539e+04	  7.97712326e+01	 -1.57703931e+03	
 7.90535498e+03	  0.00000000e+00	 -1.08971289e+03	  7.97712326e+01	  1.38120176e+04	  1.64608566e+02	
 3.99287415e+02	  1.08971289e+03	  0.00000000e+00	 -1.57703931e+03	  1.64608566e+02	  1.99119800e+03	
10	 33	 60	
 5.00000000e+03	  0.00000000e+00	  0.00000000e+00	  0.00000000e+00	  8.27454492e+03	  1.01966528e+03	
 0.00000000e+00	  5.00000000e+03	  0.00000000e+00	 -8.27454492e+03	  0.00000000e+00	  9.50547119e+02	
 0.00000000e+00	  0.00000000e+00	  5.00000000e+03	 -1.01966528e+03	 -9.50547119e+02	  0.00000000e+00	
 0.00000000e+00	 -8.27454492e+03	 -1.01966528e+03	  1.57547393e+04	  6.52048340e+02	 -1.43214819e+03	
 8.27454492e+03	  0.00000000e+00	 -9.50547119e+02	  6.52048340e+02	  1.45602480e+04	  1.40776868e+03	
 1.01966528e+03	  9.50547119e+02	  0.00000000e+00	 -1.43214819e+03	  1.40776868e+03	  2.36401367e+03	
10	 35	 60	
 5.00000000e+03	  0.00000000e+00	  0.00000000e+00	  0.00000000e+00	  7.87409619e+03	 -6.31027466e+02	
 0.00000000e+00	  5.00000000e+03	  0.00000000e+00	 -7.87409619e+03	  0.00000000e+00	  7.36159912e+02	
 0.00000000e+00	  0.00000000e+00	  5.00000000e+03	  6.31027466e+02	 -7.36159912e+02	  0.00000000e+00	
 0.00000000e+00	 -7.87409619e+03	  6.31027466e+02	  1.37946006e+04	  1.88497498e+02	 -8.69550964e+02	
 7.87409619e+03	  0.00000000e+00	 -7.36159912e+02	  1.88497498e+02	  1.37780996e+04	 -1.19943347e+03	
-6.31027466e+02	  7.36159912e+02	  0.00000000e+00	 -8.69550964e+02	 -1.19943347e+03	  1.47466028e+03	
10	 36	 60	
 5.00000000e+03	  0.00000000e+00	  0.00000000e+00	  0.00000000e+00	  8.22465625e+03	 -2.99479858e+02	
 0.00000000e+00	  5.00000000e+03	  0.00000000e+00	 -8.22465625e+03	  0.00000000e+00	  1.26031897e+03	
 0.00000000e+00	  0.00000000e+00	  5.00000000e+03	  2.99479858e+02	 -1.26031897e+03	  0.00000000e+00	
 0.00000000e+00	 -8.22465625e+03	  2.99479858e+02	  1.53635361e+04	  6.72825623e+01	 -1.73638123e+03	
 8.22465625e+03	  0.00000000e+00	 -1.26031897e+03	  6.72825623e+01	  1.51201709e+04	 -8.42988464e+02	
-2.99479858e+02	  1.26031897e+03	  0.00000000e+00	 -1.73638123e+03	 -8.42988464e+02	  1.13632080e+03	
11	 32	 60	
 4.41900000e+03	  0.00000000e+00	  0.00000000e+00	  0.00000000e+00	  6.74957568e+03	  1.55875977e+02	
 0.00000000e+00	  4.41900000e+03	  0.00000000e+00	 -6.74957568e+03	  0.00000000e+00	  8.97638977e+02	
 0.00000000e+00	  0.00000000e+00	  4.41900000e+03	 -1.55875977e+02	 -8.97638977e+02	  0.00000000e+00	
 0.00000000e+00	 -6.74957568e+03	 -1.55875977e+02	  1.15105381e+04	  1.02124939e+02	 -1.24435193e+03	
 6.74957568e+03	  0.00000000e+00	 -8.97638977e+02	  1.02124939e+02	  1.15876104e+04	  4.55187225e+02	
 1.55875977e+02	  8.97638977e+02	  0.00000000e+00	 -1.24435193e+03	  4.55187225e+02	  1.52915100e+03	
11	 33	 60	
 4.59000000e+03	  0.00000000e+00	  0.00000000e+00	  0.00000000e+00	  7.79253613e+03	 -7.20360107e+01	
 0.00000000e+00	  4.59000000e+03	  0.00000000e+00	 -7.79253613e+03	  0.00000000e+00	  1.31337354e+03	
 0.00000000e+00	  0.00000000e+00	  4.59000000e+03	  7.20360107e+01	 -1.31337354e+03	  0.00000000e+00	
 0.00000000e+00	 -7.79253613e+03	  7.20360107e+01	  1.40780547e+04	  1.89103031e+01	 -2.19649707e+03	
 7.79253613e+03	  0.00000000e+00	 -1.31337354e+03	  1.89103031e+01	  1.38279297e+04	 -5.77456627e+01	
-7.20360107e+01	  1.31337354e+03	  0.00000000e+00	 -2.19649707e+03	 -5.77456627e+01	  1.02022131e+03	
17	 20	 60	
 5.00000000e+03	  0.00000000e+00	  0.00000000e+00	  0.00000000e+00	  5.84201660e+03	  5.39016907e+02	
 0.00000000e+00	  5.00000000e+03	  0.00000000e+00	 -5.84201660e+03	  0.00000000e+00	 -7.64183472e+02	
 0.00000000e+00	  0.00000000e+00	  5.00000000e+03	 -5.39016907e+02	  7.64183472e+02	  0.00000000e+00	
 0.00000000e+00	 -5.84201660e+03	 -5.39016907e+02	  7.21692578e+03	 -9.51873474e+01	  1.04631909e+03	
 5.84201660e+03	  0.00000000e+00	  7.64183472e+02	 -9.51873474e+01	  7.35755273e+03	  7.08613525e+02	
 5.39016907e+02	 -7.64183472e+02	  0.00000000e+00	  1.04631909e+03	  7.08613525e+02	  5.54632385e+02	
17	 21	 60	
 4.64600000e+03	  0.00000000e+00	  0.00000000e+00	  0.00000000e+00	  5.14769629e+03	  1.88796577e+01	
 0.00000000e+00	  4.64600000e+03	  0.00000000e+00	 -5.14769629e+03	  0.00000000e+00	 -6.50687927e+02	
 0.00000000e+00	  0.00000000e+00	  4.64600000e+03	 -1.88796577e+01	  6.50687927e+02	  0.00000000e+00	
 0.00000000e+00	 -5.14769629e+03	 -1.88796577e+01	  5.93528809e+03	  1.34591036e+01	  8.13363098e+02	
 5.14769629e+03	  0.00000000e+00	  6.50687927e+02	  1.34591036e+01	  6.12748682e+03	  6.91482468e+01	
 1.88796577e+01	 -6.50687927e+02	  0.00000000e+00	  8.13363098e+02	  6.91482468e+01	  3.56528839e+02	
17	 22	 60	
 3.97300000e+03	  0.00000000e+00	  0.00000000e+00	  0.00000000e+00	  5.02666748e+03	  2.99356842e+02	
 0.00000000e+00	  3.97300000e+03	  0.00000000e+00	 -5.02666748e+03	  0.00000000e+00	 -1.18819775e+03	
 0.00000000e+00	  0.00000000e+00	  3.97300000e+03	 -2.99356842e+02	  1.18819775e+03	  0.00000000e+00	
 0.00000000e+00	 -5.02666748e+03	 -2.99356842e+02	  6.55618164e+03	 -7.64324417e+01	  1.55733618e+03	
 5.02666748e+03	  0.00000000e+00	  1.18819775e+03	 -7.64324417e+01	  6.93780273e+03	  4.18994049e+02	
 2.99356842e+02	 -1.18819775e+03	  0.00000000e+00	  1.55733618e+03	  4.18994049e+02	  6.23206482e+02	
18	 20	 60	
 3.86100000e+03	  0.00000000e+00	  0.00000000e+00	  0.00000000e+00	  3.81531299e+03	 -1.61276978e+02	
 0.00000000e+00	  3.86100000e+03	  0.00000000e+00	 -3.81531299e+03	  0.00000000e+00	  3.50957733e+02	
 0.00000000e+00	  0.00000000e+00	  3.86100000e+03	  1.61276978e+02	 -3.50957733e+02	  0.00000000e+00	
 0.00000000e+00	 -3.81531299e+03	  1.61276978e+02	  3.94411353e+03	 -1.08940923e+00	 -3.05164093e+02	
 3.81531299e+03	  0.00000000e+00	 -3.50957733e+02	 -1.08940923e+00	  3.96018408e+03	 -1.23254341e+02	
-1.61276978e+02	  3.50957733e+02	  0.00000000e+00	 -3.05164093e+02	 -1.23254341e+02	  2.34669937e+02	
18	 21	 60	
 3.04600000e+03	  0.00000000e+00	  0.00000000e+00	  0.00000000e+00	  2.86303931e+03	 -3.72611023e+02	
 0.00000000e+00	  3.04600000e+03	  0.00000000e+00	 -2.86303931e+03	  0.00000000e+00	  3.60393188e+02	
 0.00000000e+00	  0.00000000e+00	  3.04600000e+03	  3.72611023e+02	 -3.60393188e+02	  0.00000000e+00	
 0.00000000e+00	 -2.86303931e+03	  3.72611023e+02	  2.82466064e+03	 -2.41559582e+01	 -3.18868896e+02	
 2.86303931e+03	  0.00000000e+00	 -3.60393188e+02	 -2.41559582e+01	  2.83534692e+03	 -3.38722961e+02	
-3.72611023e+02	  3.60393188e+02	  0.00000000e+00	 -3.18868896e+02	 -3.38722961e+02	  2.13101608e+02	
18	 22	 60	
 4.49100000e+03	  0.00000000e+00	  0.00000000e+00	  0.00000000e+00	  4.37558105e+03	 -4.22253815e+02	
 0.00000000e+00	  4.49100000e+03	  0.00000000e+00	 -4.37558105e+03	  0.00000000e+00	  3.13998688e+02	
 0.00000000e+00	  0.00000000e+00	  4.49100000e+03	  4.22253815e+02	 -3.13998688e+02	  0.00000000e+00	
 0.00000000e+00	 -4.37558105e+03	  4.22253815e+02	  4.47357080e+03	 -1.78436546e+01	 -2.43182602e+02	
 4.37558105e+03	  0.00000000e+00	 -3.13998688e+02	 -1.78436546e+01	  4.52704395e+03	 -3.76702148e+02	
-4.22253815e+02	  3.13998688e+02	  0.00000000e+00	 -2.43182602e+02	 -3.76702148e+02	  3.25252716e+02	
19	 20	 60	
 3.99100000e+03	  0.00000000e+00	  0.00000000e+00	  0.00000000e+00	  3.31476074e+03	 -5.94419678e+02	
 0.00000000e+00	  3.99100000e+03	  0.00000000e+00	 -3.31476074e+03	  0.00000000e+00	  1.05067529e+03	
 0.00000000e+00	  0.00000000e+00	  3.99100000e+03	  5.94419678e+02	 -1.05067529e+03	  0.00000000e+00	
 0.00000000e+00	 -3.31476074e+03	  5.94419678e+02	  3.01541577e+03	 -1.53851501e+02	 -8.45018311e+02	
 3.31476074e+03	  0.00000000e+00	 -1.05067529e+03	 -1.53851501e+02	  3.16585791e+03	 -4.48456085e+02	
-5.94419678e+02	  1.05067529e+03	  0.00000000e+00	 -8.45018311e+02	 -4.48456085e+02	  5.50935181e+02	
19	 22	 60	
 4.28800000e+03	  0.00000000e+00	  0.00000000e+00	  0.00000000e+00	  3.52046240e+03	 -7.92061584e+02	
 0.00000000e+00	  4.28800000e+03	  0.00000000e+00	 -3.52046240e+03	  0.00000000e+00	  9.53078857e+02	
 0.00000000e+00	  0.00000000e+00	  4.28800000e+03	  7.92061584e+02	 -9.53078857e+02	  0.00000000e+00	
 0.00000000e+00	 -3.52046240e+03	  7.92061584e+02	  3.18348193e+03	 -1.62701981e+02	 -7.55090027e+02	
 3.52046240e+03	  0.00000000e+00	 -9.53078857e+02	 -1.62701981e+02	  3.29709521e+03	 -6.18971252e+02	
-7.92061584e+02	  9.53078857e+02	  0.00000000e+00	 -7.55090027e+02	 -6.18971252e+02	  5.86800110e+02	
20	 21	 60	
 5.00000000e+03	  0.00000000e+00	  0.00000000e+00	  0.00000000e+00	  4.01244702e+03	 -2.35357376e+02	
 0.00000000e+00	  5.00000000e+03	  0.00000000e+00	 -4.01244702e+03	  0.00000000e+00	  1.70387802e+02	
 0.00000000e+00	  0.00000000e+00	  5.00000000e+03	  2.35357376e+02	 -1.70387802e+02	  0.00000000e+00	
 0.00000000e+00	 -4.01244702e+03	  2.35357376e+02	  3.38576562e+03	 -3.86865079e-01	 -9.52861862e+01	
 4.01244702e+03	  0.00000000e+00	 -1.70387802e+02	 -3.86865079e-01	  3.53111450e+03	 -1.54853714e+02	
-2.35357376e+02	  1.70387802e+02	  0.00000000e+00	 -9.52861862e+01	 -1.54853714e+02	  3.70842743e+02	
20	 22	 60	
 4.18300000e+03	  0.00000000e+00	  0.00000000e+00	  0.00000000e+00	  3.52160571e+03	  2.29363022e+01	
 0.00000000e+00	  4.18300000e+03	  0.00000000e+00	 -3.52160571e+03	  0.00000000e+00	 -5.35068726e+02	
 0.00000000e+00	  0.00000000e+00	  4.18300000e+03	 -2.29363022e+01	  5.35068726e+02	  0.00000000e+00	
 0.00000000e+00	 -3.52160571e+03	 -2.29363022e+01	  3.10939868e+03	 -1.20943174e+01	  4.62353699e+02	
 3.52160571e+03	  0.00000000e+00	  5.35068726e+02	 -1.20943174e+01	  3.23686719e+03	  5.21388283e+01	
 2.29363022e+01	 -5.35068726e+02	  0.00000000e+00	  4.62353699e+02	  5.21388283e+01	  3.44396393e+02	
20	 23	 60	
 5.32000000e+02	  0.00000000e+00	  0.00000000e+00	  0.00000000e+00	  4.52411377e+02	 -1.00575075e+01	
 0.00000000e+00	  5.32000000e+02	  0.00000000e+00	 -4.52411377e+02	  0.00000000e+00	 -1.98229294e+02	
 0.00000000e+00	  0.00000000e+00	  5.32000000e+02	  1.00575075e+01	  1.98229294e+02	  0.00000000e+00	
 0.00000000e+00	 -4.52411377e+02	  1.00575075e+01	  4.07158569e+02	 -2.53364086e+00	  1.74564224e+02	
 4.52411377e+02	  0.00000000e+00	  1.98229294e+02	 -2.53364086e+00	  4.76027313e+02	 -1.09420374e-01	
-1.00575075e+01	 -1.98229294e+02	  0.00000000e+00	  1.74564224e+02	 -1.09420374e-01	  9.37198029e+01	
20	 54	 60	
 1.14600000e+03	  0.00000000e+00	  0.00000000e+00	  0.00000000e+00	  9.68220032e+02	  9.34642944e+01	
 0.00000000e+00	  1.14600000e+03	  0.00000000e+00	 -9.68220032e+02	  0.00000000e+00	  4.87025681e+01	
 0.00000000e+00	  0.00000000e+00	  1.14600000e+03	 -9.34642944e+01	 -4.87025681e+01	  0.00000000e+00	
 0.00000000e+00	 -9.68220032e+02	 -9.34642944e+01	  8.52673157e+02	  7.18698883e+00	 -2.87254448e+01	
 9.68220032e+02	  0.00000000e+00	 -4.87025681e+01	  7.18698883e+00	  9.00800720e+02	  7.85928726e+01	
 9.34642944e+01	  4.87025681e+01	  0.00000000e+00	 -2.87254448e+01	  7.85928726e+01	  1.02989655e+02	
20	 55	 60	
 2.68600000e+03	  0.00000000e+00	  0.00000000e+00	  0.00000000e+00	  2.23692285e+03	  1.35344223e+02	
 0.00000000e+00	  2.68600000e+03	  0.00000000e+00	 -2.23692285e+03	  0.00000000e+00	 -3.97854958e+01	
 0.00000000e+00	  0.00000000e+00	  2.68600000e+03	 -1.35344223e+02	  3.97854958e+01	  0.00000000e+00	
 0.00000000e+00	 -2.23692285e+03	 -1.35344223e+02	  1.94590295e+03	 -2.20367069e+01	  5.91238518e+01	
 2.23692285e+03	  0.00000000e+00	  3.97854958e+01	 -2.20367069e+01	  2.02537964e+03	  1.26497192e+02	
 1.35344223e+02	 -3.97854958e+01	  0.00000000e+00	  5.91238518e+01	  1.26497192e+02	  2.04453888e+02	
20	 56	 60	
 2.04500000e+03	  0.00000000e+00	  0.00000000e+00	  0.00000000e+00	  1.70517188e+03	  1.20120438e+02	
 0.00000000e+00	  2.04500000e+03	  0.00000000e+00	 -1.70517188e+03	  0.00000000e+00	 -2.79994629e+02	
 0.00000000e+00	  0.00000000e+00	  2.04500000e+03	 -1.20120438e+02	  2.79994629e+02	  0.00000000e+00	
 0.00000000e+00	 -1.70517188e+03	 -1.20120438e+02	  1.50382178e+03	 -3.09122581e+01	  2.52610626e+02	
 1.70517188e+03	  0.00000000e+00	  2.79994629e+02	 -3.09122581e+01	  1.55759814e+03	  1.18645142e+02	
 1.20120438e+02	 -2.79994629e+02	  0.00000000e+00	  2.52610626e+02	  1.18645142e+02	  1.69927673e+02	
20	 57	 60	
 2.60000000e+03	  0.00000000e+00	  0.00000000e+00	  0.00000000e+00	  2.19668555e+03	  1.84508820e+02	
 0.00000000e+00	  2.60000000e+03	  0.00000000e+00	 -2.19668555e+03	  0.00000000e+00	 -3.83107178e+02	
 0.00000000e+00	  0.00000000e+00	  2.60000000e+03	 -1.84508820e+02	  3.83107178e+02	  0.00000000e+00	
 0.00000000e+00	 -2.19668555e+03	 -1.84508820e+02	  1.97799634e+03	 -7.03844299e+01	  3.60676483e+02	
 2.19668555e+03	  0.00000000e+00	  3.83107178e+02	 -7.03844299e+01	  2.06526685e+03	  1.86311569e+02	
 1.84508820e+02	 -3.83107178e+02	  0.00000000e+00	  3.60676483e+02	  1.86311569e+02	  2.65247040e+02	
20	 58	 60	
 2.18200000e+03	  0.00000000e+00	  0.00000000e+00	  0.00000000e+00	  1.75272754e+03	  1.95499817e+02	
 0.00000000e+00	  2.18200000e+03	  0.00000000e+00	 -1.75272754e+03	  0.00000000e+00	  3.42002319e+02	
 0.00000000e+00	  0.00000000e+00	  2.18200000e+03	 -1.95499817e+02	 -3.42002319e+02	  0.00000000e+00	
 0.00000000e+00	 -1.75272754e+03	 -1.95499817e+02	  1.48135571e+03	  4.96489105e+01	 -2.58953461e+02	
 1.75272754e+03	  0.00000000e+00	 -3.42002319e+02	  4.96489105e+01	  1.59871643e+03	  1.56353745e+02	
 1.95499817e+02	  3.42002319e+02	  0.00000000e+00	 -2.58953461e+02	  1.56353745e+02	  2.37959671e+02	
21	 22	 60	
 4.30400000e+03	  0.00000000e+00	  0.00000000e+00	  0.00000000e+00	  3.40555493e+03	  9.30094299e+01	
 0.00000000e+00	  4.30400000e+03	  0.00000000e+00	 -3.40555493e+03	  0.00000000e+00	 -6.20331970e+02	
 0.00000000e+00	  0.00000000e+00	  4.30400000e+03	 -9.30094299e+01	  6.20331970e+02	  0.00000000e+00	
 0.00000000e+00	 -3.40555493e+03	 -9.30094299e+01	  2.84070654e+03	 -7.25854540e+00	  4.90911957e+02	
 3.40555493e+03	  0.00000000e+00	  6.20331970e+02	 -7.25854540e+00	  2.92641895e+03	  8.29971771e+01	
 9.30094299e+01	 -6.20331970e+02	  0.00000000e+00	  4.90911957e+02	  8.29971771e+01	  3.31686676e+02	
21	 54	 60	
 7.43000000e+02	  0.00000000e+00	  0.00000000e+00	  0.00000000e+00	  6.01147888e+02	  7.59439697e+01	
 0.00000000e+00	  7.43000000e+02	  0.00000000e+00	 -6.01147888e+02	  0.00000000e+00	 -4.80531540e+01	
 0.00000000e+00	  0.00000000e+00	  7.43000000e+02	 -7.59439697e+01	  4.80531540e+01	  0.00000000e+00	
 0.00000000e+00	 -6.01147888e+02	 -7.59439697e+01	  5.06945679e+02	 -3.50589728e+00	  3.93243332e+01	
 6.01147888e+02	  0.00000000e+00	  4.80531540e+01	 -3.50589728e+00	  5.35719727e+02	  6.23308792e+01	
 7.59439697e+01	 -4.80531540e+01	  0.00000000e+00	  3.93243332e+01	  6.23308792e+01	  6.42721634e+01	
21	 55	 60	
 1.87300000e+03	  0.00000000e+00	  0.00000000e+00	  0.00000000e+00	  1.45382092e+03	  1.10975616e+02	
 0.00000000e+00	  1.87300000e+03	  0.00000000e+00	 -1.45382092e+03	  0.00000000e+00	 -1.18448456e+02	
 0.00000000e+00	  0.00000000e+00	  1.87300000e+03	 -1.10975616e+02	  1.18448456e+02	  0.00000000e+00	
 0.00000000e+00	 -1.45382092e+03	 -1.10975616e+02	  1.18229578e+03	 -3.06511230e+01	  1.01385033e+02	
 1.45382092e+03	  0.00000000e+00	  1.18448456e+02	 -3.06511230e+01	  1.23326562e+03	  9.71564636e+01	
 1.10975616e+02	 -1.18448456e+02	  0.00000000e+00	  1.01385033e+02	  9.71564636e+01	  1.34488556e+02	
21	 56	 60	
 1.32000000e+03	  0.00000000e+00	  0.00000000e+00	  0.00000000e+00	  1.00230481e+03	  5.55988350e+01	
 0.00000000e+00	  1.32000000e+03	  0.00000000e+00	 -1.00230481e+03	  0.00000000e+00	 -2.15076294e+02	
 0.00000000e+00	  0.00000000e+00	  1.32000000e+03	 -5.55988350e+01	  2.15076294e+02	  0.00000000e+00	
 0.00000000e+00	 -1.00230481e+03	 -5.55988350e+01	  8.04051270e+02	 -2.44516964e+01	  1.74338867e+02	
 1.00230481e+03	  0.00000000e+00	  2.15076294e+02	 -2.44516964e+01	  8.54148010e+02	  5.46663361e+01	
 5.55988350e+01	 -2.15076294e+02	  0.00000000e+00	  1.74338867e+02	  5.46663361e+01	  1.07998390e+02	
21	 57	 60	
 1.77900000e+03	  0.00000000e+00	  0.00000000e+00	  0.00000000e+00	  1.35314404e+03	  7.78820496e+01	
 0.00000000e+00	  1.77900000e+03	  0.00000000e+00	 -1.35314404e+03	  0.00000000e+00	 -2.59152222e+02	
 0.00000000e+00	  0.00000000e+00	  1.77900000e+03	 -7.78820496e+01	  2.59152222e+02	  0.00000000e+00	
 0.00000000e+00	 -1.35314404e+03	 -7.78820496e+01	  1.09219666e+03	 -3.62069435e+01	  2.16361572e+02	
 1.35314404e+03	  0.00000000e+00	  2.59152222e+02	 -3.62069435e+01	  1.16758130e+03	  7.78987045e+01	
 7.78820496e+01	 -2.59152222e+02	  0.00000000e+00	  2.16361572e+02	  7.78987045e+01	  1.62594604e+02	
21	 58	 60	
 1.67200000e+03	  0.00000000e+00	  0.00000000e+00	  0.00000000e+00	  1.30579602e+03	  1.74974655e+02	
 0.00000000e+00	  1.67200000e+03	  0.00000000e+00	 -1.30579602e+03	  0.00000000e+00	  1.39967163e+02	
 0.00000000e+00	  0.00000000e+00	  1.67200000e+03	 -1.74974655e+02	 -1.39967163e+02	  0.00000000e+00	
 0.00000000e+00	 -1.30579602e+03	 -1.74974655e+02	  1.07598450e+03	  2.68558750e+01	 -1.08001015e+02	
 1.30579602e+03	  0.00000000e+00	 -1.39967163e+02	  2.68558750e+01	  1.14012329e+03	  1.41051376e+02	
 1.74974655e+02	  1.39967163e+02	  0.00000000e+00	 -1.08001015e+02	  1.41051376e+02	  1.57897400e+02	
22	 23	 60	
 2.00900000e+03	  0.00000000e+00	  0.00000000e+00	  0.00000000e+00	  1.45043579e+03	  2.81124973e+00	
 0.00000000e+00	  2.00900000e+03	  0.00000000e+00	 -1.45043579e+03	  0.00000000e+00	 -7.56257629e+02	
 0.00000000e+00	  0.00000000e+00	  2.00900000e+03	 -2.81124973e+00	  7.56257629e+02	  0.00000000e+00	
 0.00000000e+00	 -1.45043579e+03	 -2.81124973e+00	  1.11583948e+03	 -1.61186390e+01	  5.48337280e+02	
 1.45043579e+03	  0.00000000e+00	  7.56257629e+02	 -1.61186390e+01	  1.39801758e+03	  2.38124104e+01	
 2.81124973e+00	 -7.56257629e+02	  0.00000000e+00	  5.48337280e+02	  2.38124104e+01	  3.63581635e+02	
22	 54	 60	
 9.48000000e+02	  0.00000000e+00	  0.00000000e+00	  0.00000000e+00	  7.07398865e+02	  8.23921585e+01	
 0.00000000e+00	  9.48000000e+02	  0.00000000e+00	 -7.07398865e+02	  0.00000000e+00	 -1.75860138e+02	
 0.00000000e+00	  0.00000000e+00	  9.48000000e+02	 -8.23921585e+01	  1.75860138e+02	  0.00000000e+00	
 0.00000000e+00	 -7.07398865e+02	 -8.23921585e+01	  5.60267578e+02	 -1.02343297e+00	  1.26764610e+02	
 7.07398865e+02	  0.00000000e+00	  1.75860138e+02	 -1.02343297e+00	  6.27412781e+02	  6.53031387e+01	
 8.23921585e+01	 -1.75860138e+02	  0.00000000e+00	  1.26764610e+02	  6.53031387e+01	  1.19630463e+02	
22	 55	 60	
 2.03100000e+03	  0.00000000e+00	  0.00000000e+00	  0.00000000e+00	  1.47103369e+03	  1.80873611e+02	
 0.00000000e+00	  2.03100000e+03	  0.00000000e+00	 -1.47103369e+03	  0.00000000e+00	 -2.50698395e+02	
 0.00000000e+00	  0.00000000e+00	  2.03100000e+03	 -1.80873611e+02	  2.50698395e+02	  0.00000000e+00	
 0.00000000e+00	 -1.47103369e+03	 -1.80873611e+02	  1.13984961e+03	 -2.50546570e+01	  1.81634598e+02	
 1.47103369e+03	  0.00000000e+00	  2.50698395e+02	 -2.50546570e+01	  1.22485498e+03	  1.41032318e+02	
 1.80873611e+02	 -2.50698395e+02	  0.00000000e+00	  1.81634598e+02	  1.41032318e+02	  2.05254272e+02	
22	 56	 60	
 1.84200000e+03	  0.00000000e+00	  0.00000000e+00	  0.00000000e+00	  1.32653027e+03	  1.30442505e+02	
 0.00000000e+00	  1.84200000e+03	  0.00000000e+00	 -1.32653027e+03	  0.00000000e+00	 -3.54177277e+02	
 0.00000000e+00	  0.00000000e+00	  1.84200000e+03	 -1.30442505e+02	  3.54177277e+02	  0.00000000e+00	
 0.00000000e+00	 -1.32653027e+03	 -1.30442505e+02	  1.02122339e+03	 -1.75045605e+01	  2.52939774e+02	
 1.32653027e+03	  0.00000000e+00	  3.54177277e+02	 -1.75045605e+01	  1.12648120e+03	  1.06070610e+02	
 1.30442505e+02	 -3.54177277e+02	  0.00000000e+00	  2.52939774e+02	  1.06070610e+02	  2.04261368e+02	
22	 57	 60	
 2.18100000e+03	  0.00000000e+00	  0.00000000e+00	  0.00000000e+00	  1.60347034e+03	  2.10734528e+02	
 0.00000000e+00	  2.18100000e+03	  0.00000000e+00	 -1.60347034e+03	  0.00000000e+00	 -3.85974640e+02	
 0.00000000e+00	  0.00000000e+00	  2.18100000e+03	 -2.10734528e+02	  3.85974640e+02	  0.00000000e+00	
 0.00000000e+00	 -1.60347034e+03	 -2.10734528e+02	  1.26469116e+03	 -3.60783577e+01	  2.81842682e+02	
 1.60347034e+03	  0.00000000e+00	  3.85974640e+02	 -3.60783577e+01	  1.35823218e+03	  1.66997223e+02	
 2.10734528e+02	 -3.85974640e+02	  0.00000000e+00	  2.81842682e+02	  1.66997223e+02	  2.31214127e+02	
22	 58	 60	
 1.09400000e+03	  0.00000000e+00	  0.00000000e+00	  0.00000000e+00	  8.17879089e+02	  1.23946152e+02	
 0.00000000e+00	  1.09400000e+03	  0.00000000e+00	 -8.17879089e+02	  0.00000000e+00	 -2.15614758e+01	
 0.00000000e+00	  0.00000000e+00	  1.09400000e+03	 -1.23946152e+02	  2.15614758e+01	  0.00000000e+00	
 0.00000000e+00	 -8.17879089e+02	 -1.23946152e+02	  6.46652771e+02	  1.31198301e+01	  1.51815119e+01	
 8.17879089e+02	  0.00000000e+00	  2.15614758e+01	  1.31198301e+01	  6.95539795e+02	  9.36434708e+01	
 1.23946152e+02	 -2.15614758e+01	  0.00000000e+00	  1.51815119e+01	  9.36434708e+01	  1.07815559e+02	
23	 24	 60	
 4.37300000e+03	  0.00000000e+00	  0.00000000e+00	  0.00000000e+00	  3.64773975e+03	 -1.60876514e+03	
 0.00000000e+00	  4.37300000e+03	  0.00000000e+00	 -3.64773975e+03	  0.00000000e+00	 -1.78854749e+03	
 0.00000000e+00	  0.00000000e+00	  4.37300000e+03	  1.60876514e+03	  1.78854749e+03	  0.00000000e+00	
 0.00000000e+00	 -3.64773975e+03	  1.60876514e+03	  4.07214209e+03	  7.08313110e+02	  1.57128918e+03	
 3.64773975e+03	  0.00000000e+00	  1.78854749e+03	  7.08313110e+02	  4.07746387e+03	 -1.52516345e+03	
-1.60876514e+03	 -1.78854749e+03	  0.00000000e+00	  1.57128918e+03	 -1.52516345e+03	  1.70815918e+03	
23	 54	 60	
 1.26700000e+03	  0.00000000e+00	  0.00000000e+00	  0.00000000e+00	  9.01594482e+02	  5.80709648e+01	
 0.00000000e+00	  1.26700000e+03	  0.00000000e+00	 -9.01594482e+02	  0.00000000e+00	 -4.86555433e+00	
 0.00000000e+00	  0.00000000e+00	  1.26700000e+03	 -5.80709648e+01	  4.86555433e+00	  0.00000000e+00	
 0.00000000e+00	 -9.01594482e+02	 -5.80709648e+01	  6.73096130e+02	 -5.93239117e+00	 -3.21108127e+00	
 9.01594482e+02	  0.00000000e+00	  4.86555433e+00	 -5.93239117e+00	  7.18216431e+02	  4.40538559e+01	
 5.80709648e+01	 -4.86555433e+00	  0.00000000e+00	 -3.21108127e+00	  4.40538559e+01	  9.12240982e+01	
23	 55	 60	
 1.62700000e+03	  0.00000000e+00	  0.00000000e+00	  0.00000000e+00	  1.12945154e+03	  5.58328552e+01	
 0.00000000e+00	  1.62700000e+03	  0.00000000e+00	 -1.12945154e+03	  0.00000000e+00	  5.08580360e+01	
 0.00000000e+00	  0.00000000e+00	  1.62700000e+03	 -5.58328552e+01	 -5.08580360e+01	  0.00000000e+00	
 0.00000000e+00	 -1.12945154e+03	 -5.58328552e+01	  8.33459534e+02	  8.21849537e+00	 -3.83176842e+01	
 1.12945154e+03	  0.00000000e+00	 -5.08580360e+01	  8.21849537e+00	  8.54598083e+02	  4.82591248e+01	
 5.58328552e+01	  5.08580360e+01	  0.00000000e+00	 -3.83176842e+01	  4.82591248e+01	  9.65648956e+01	
23	 56	 60	
 2.02300000e+03	  0.00000000e+00	  0.00000000e+00	  0.00000000e+00	  1.38862744e+03	  1.96586723e+01	
 0.00000000e+00	  2.02300000e+03	  0.00000000e+00	 -1.38862744e+03	  0.00000000e+00	  4.67951660e+01	
 0.00000000e+00	  0.00000000e+00	  2.02300000e+03	 -1.96586723e+01	 -4.67951660e+01	  0.00000000e+00	
 0.00000000e+00	 -1.38862744e+03	 -1.96586723e+01	  1.01596747e+03	  1.29914799e+01	 -3.64346962e+01	
 1.38862744e+03	  0.00000000e+00	 -4.67951660e+01	  1.29914799e+01	  1.04760327e+03	  2.52504807e+01	
 1.96586723e+01	  4.67951660e+01	  0.00000000e+00	 -3.64346962e+01	  2.52504807e+01	  1.26944534e+02	
23	 57	 60	
 1.79300000e+03	  0.00000000e+00	  0.00000000e+00	  0.00000000e+00	  1.25290112e+03	  4.86027870e+01	
 0.00000000e+00	  1.79300000e+03	  0.00000000e+00	 -1.25290112e+03	  0.00000000e+00	  1.25083229e+02	
 0.00000000e+00	  0.00000000e+00	  1.79300000e+03	 -4.86027870e+01	 -1.25083229e+02	  0.00000000e+00	
 0.00000000e+00	 -1.25290112e+03	 -4.86027870e+01	  9.25908508e+02	  4.11894608e+00	 -9.25228195e+01	
 1.25290112e+03	  0.00000000e+00	 -1.25083229e+02	  4.11894608e+00	  9.56504456e+02	  4.36170349e+01	
 4.86027870e+01	  1.25083229e+02	  0.00000000e+00	 -9.25228195e+01	  4.36170349e+01	  1.07261955e+02	
23	 58	 60	
 6.19000000e+02	  0.00000000e+00	  0.00000000e+00	  0.00000000e+00	  4.37957184e+02	 -5.56099892e+00	
 0.00000000e+00	  6.19000000e+02	  0.00000000e+00	 -4.37957184e+02	  0.00000000e+00	  5.94425659e+01	
 0.00000000e+00	  0.00000000e+00	  6.19000000e+02	  5.56099892e+00	 -5.94425659e+01	  0.00000000e+00	
 0.00000000e+00	 -4.37957184e+02	  5.56099892e+00	  3.23175812e+02	 -2.13197517e+00	 -4.38145752e+01	
 4.37957184e+02	  0.00000000e+00	 -5.94425659e+01	 -2.13197517e+00	  3.36571075e+02	 -1.26032364e+00	
-5.56099892e+00	  5.94425659e+01	  0.00000000e+00	 -4.38145752e+01	 -1.26032364e+00	  2.94682941e+01	
29	 41	 60	
 2.99400000e+03	  0.00000000e+00	  0.00000000e+00	  0.00000000e+00	  9.34174609e+03	 -2.66573486e+03	
 0.00000000e+00	  2.99400000e+03	  0.00000000e+00	 -9.34174609e+03	  0.00000000e+00	  1.18316382e+03	
 0.00000000e+00	  0.00000000e+00	  2.99400000e+03	  2.66573486e+03	 -1.18316382e+03	  0.00000000e+00	
 0.00000000e+00	 -9.34174609e+03	  2.66573486e+03	  3.17248457e+04	 -1.03115637e+03	 -3.73950513e+03	
 9.34174609e+03	  0.00000000e+00	 -1.18316382e+03	 -1.03115637e+03	  2.98763105e+04	 -8.27783301e+03	
-2.66573486e+03	  1.18316382e+03	  0.00000000e+00	 -3.73950513e+03	 -8.27783301e+03	  2.92036230e+03	
29	 42	 60	
 3.12200000e+03	  0.00000000e+00	  0.00000000e+00	  0.00000000e+00	  9.13890918e+03	 -2.39361304e+03	
 0.00000000e+00	  3.12200000e+03	  0.00000000e+00	 -9.13890918e+03	  0.00000000e+00	  1.53144031e+03	
 0.00000000e+00	  0.00000000e+00	  3.12200000e+03	  2.39361304e+03	 -1.53144031e+03	  0.00000000e+00	
 0.00000000e+00	 -9.13890918e+03	  2.39361304e+03	  2.91729902e+04	 -8.90325256e+02	 -4.36923145e+03	
 9.13890918e+03	  0.00000000e+00	 -1.53144031e+03	 -8.90325256e+02	  2.80436816e+04	 -7.09833545e+03	
-2.39361304e+03	  1.53144031e+03	  0.00000000e+00	 -4.36923145e+03	 -7.09833545e+03	  3.19462817e+03	
29	 45	 60	
 2.22700000e+03	  0.00000000e+00	  0.00000000e+00	  0.00000000e+00	  6.92326904e+03	 -1.95667212e+03	
 0.00000000e+00	  2.22700000e+03	  0.00000000e+00	 -6.92326904e+03	  0.00000000e+00	  1.01945795e+03	
 0.00000000e+00	  0.00000000e+00	  2.22700000e+03	  1.95667212e+03	 -1.01945795e+03	  0.00000000e+00	
 0.00000000e+00	 -6.92326904e+03	  1.95667212e+03	  2.33621797e+04	 -8.63894043e+02	 -3.23425073e+03	
 6.92326904e+03	  0.00000000e+00	 -1.01945795e+03	 -8.63894043e+02	  2.21920430e+04	 -6.04987451e+03	
-1.95667212e+03	  1.01945795e+03	  0.00000000e+00	 -3.23425073e+03	 -6.04987451e+03	  2.29376685e+03	
29	 47	 60	
 2.45100000e+03	  0.00000000e+00	  0.00000000e+00	  0.00000000e+00	  7.79617920e+03	 -2.15633643e+03	
 0.00000000e+00	  2.45100000e+03	  0.00000000e+00	 -7.79617920e+03	  0.00000000e+00	  9.72376099e+02	
 0.00000000e+00	  0.00000000e+00	  2.45100000e+03	  2.15633643e+03	 -9.72376099e+02	  0.00000000e+00	
 0.00000000e+00	 -7.79617920e+03	  2.15633643e+03	  2.68161426e+04	 -8.36041931e+02	 -3.12936963e+03	
 7.79617920e+03	  0.00000000e+00	 -9.72376099e+02	 -8.36041931e+02	  2.53601270e+04	 -6.83458691e+03	
-2.15633643e+03	  9.72376099e+02	  0.00000000e+00	 -3.12936963e+03	 -6.83458691e+03	  2.35393066e+03	
29	 48	 60	
 3.23600000e+03	  0.00000000e+00	  0.00000000e+00	  0.00000000e+00	  1.01624531e+04	 -2.66935278e+03	
 0.00000000e+00	  3.23600000e+03	  0.00000000e+00	 -1.01624531e+04	  0.00000000e+00	  2.21545435e+03	
 0.00000000e+00	  0.00000000e+00	  3.23600000e+03	  2.66935278e+03	 -2.21545435e+03	  0.00000000e+00	
 0.00000000e+00	 -1.01624531e+04	  2.66935278e+03	  3.44661523e+04	 -1.67486304e+03	 -7.18605762e+03	
 1.01624531e+04	  0.00000000e+00	 -2.21545435e+03	 -1.67486304e+03	  3.41997891e+04	 -8.28599512e+03	
-2.66935278e+03	  2.21545435e+03	  0.00000000e+00	 -7.18605762e+03	 -8.28599512e+03	  4.24754395e+03	
29	 49	 60	
 4.05200000e+03	  0.00000000e+00	  0.00000000e+00	  0.00000000e+00	  1.27239785e+04	 -3.53670947e+03	
 0.00000000e+00	  4.05200000e+03	  0.00000000e+00	 -1.27239785e+04	  0.00000000e+00	  1.91059021e+03	
 0.00000000e+00	  0.00000000e+00	  4.05200000e+03	  3.53670947e+03	 -1.91059021e+03	  0.00000000e+00	
 0.00000000e+00	 -1.27239785e+04	  3.53670947e+03	  4.33857461e+04	 -1.58873108e+03	 -6.14573193e+03	
 1.27239785e+04	  0.00000000e+00	 -1.91059021e+03	 -1.58873108e+03	  4.14254258e+04	 -1.10245352e+04	
-3.53670947e+03	  1.91059021e+03	  0.00000000e+00	 -6.14573193e+03	 -1.10245352e+04	  4.27392969e+03	
32	 36	 60	
 5.00000000e+03	  0.00000000e+00	  0.00000000e+00	  0.00000000e+00	  1.40584971e+04	 -3.38563599e+03	
 0.00000000e+00	  5.00000000e+03	  0.00000000e+00	 -1.40584971e+04	  0.00000000e+00	 -1.76899487e+03	
 0.00000000e+00	  0.00000000e+00	  5.00000000e+03	  3.38563599e+03	  1.76899487e+03	  0.00000000e+00	
 0.00000000e+00	 -1.40584971e+04	  3.38563599e+03	  4.25863203e+04	  1.31986902e+03	  4.94035400e+03	
 1.40584971e+04	  0.00000000e+00	  1.76899487e+03	  1.31986902e+03	  4.06071094e+04	 -9.55749414e+03	
-3.38563599e+03	 -1.76899487e+03	  0.00000000e+00	  4.94035400e+03	 -9.55749414e+03	  4.00978052e+03	
33	 36	 60	
 5.00000000e+03	  0.00000000e+00	  0.00000000e+00	  0.00000000e+00	  1.29616279e+04	 -1.70236951e+03	
 0.00000000e+00	  5.00000000e+03	  0.00000000e+00	 -1.29616279e+04	  0.00000000e+00	  4.17470605e+03	
 0.00000000e+00	  0.00000000e+00	  5.00000000e+03	  1.70236951e+03	 -4.17470605e+03	  0.00000000e+00	
 0.00000000e+00	 -1.29616279e+04	  1.70236951e+03	  3.55141523e+04	 -1.40833167e+03	 -1.07674600e+04	
 1.29616279e+04	  0.00000000e+00	 -4.17470605e+03	 -1.40833167e+03	  3.73307344e+04	 -4.47877002e+03	
-1.70236951e+03	  4.17470605e+03	  0.00000000e+00	 -1.07674600e+04	 -4.47877002e+03	  5.51726660e+03	
34	 35	 60	
 2.33700000e+03	  0.00000000e+00	  0.00000000e+00	  0.00000000e+00	  4.02740625e+03	 -7.42137939e+02	
 0.00000000e+00	  2.33700000e+03	  0.00000000e+00	 -4.02740625e+03	  0.00000000e+00	  2.07039575e+03	
 0.00000000e+00	  0.00000000e+00	  2.33700000e+03	  7.42137939e+02	 -2.07039575e+03	  0.00000000e+00	
 0.00000000e+00	 -4.02740625e+03	  7.42137939e+02	  7.78060840e+03	 -7.47192200e+02	 -3.82924561e+03	
 4.02740625e+03	  0.00000000e+00	 -2.07039575e+03	 -7.47192200e+02	  9.37390039e+03	 -1.43648083e+03	
-7.42137939e+02	  2.07039575e+03	  0.00000000e+00	 -3.82924561e+03	 -1.43648083e+03	  2.45097339e+03	
35	 36	 60	
 5.00000000e+03	  0.00000000e+00	  0.00000000e+00	  0.00000000e+00	  1.12843232e+04	  1.32936646e+03	
 0.00000000e+00	  5.00000000e+03	  0.00000000e+00	 -1.12843232e+04	  0.00000000e+00	  2.37686035e+03	
 0.00000000e+00	  0.00000000e+00	  5.00000000e+03	 -1.32936646e+03	 -2.37686035e+03	  0.00000000e+00	
 0.00000000e+00	 -1.12843232e+04	 -1.32936646e+03	  2.69397480e+04	  4.58747253e+02	 -5.32228760e+03	
 1.12843232e+04	  0.00000000e+00	 -2.37686035e+03	  4.58747253e+02	  2.74835547e+04	  2.80233203e+03	
 1.32936646e+03	  2.37686035e+03	  0.00000000e+00	 -5.32228760e+03	  2.80233203e+03	  2.79898389e+03	
35	 37	 60	
 5.00000000e+03	  0.00000000e+00	  0.00000000e+00	  0.00000000e+00	  1.15739883e+04	  7.21987793e+02	
 0.00000000e+00	  5.00000000e+03	  0.00000000e+00	 -1.15739883e+04	  0.00000000e+00	  3.66899268e+03	
 0.00000000e+00	  0.00000000e+00	  5.00000000e+03	 -7.21987793e+02	 -3.66899268e+03	  0.00000000e+00	
 0.00000000e+00	 -1.15739883e+04	 -7.21987793e+02	  2.75851387e+04	  5.76457642e+02	 -8.44101367e+03	
 1.15739883e+04	  0.00000000e+00	 -3.66899268e+03	  5.76457642e+02	  2.97785801e+04	  1.44370544e+03	
 7.21987793e+02	  3.66899268e+03	  0.00000000e+00	 -8.44101367e+03	  1.44370544e+03	  3.55004419e+03	
36	 37	 60	
 5.00000000e+03	  0.00000000e+00	  0.00000000e+00	  0.00000000e+00	  9.95242090e+03	 -1.12132068e+03	
 0.00000000e+00	  5.00000000e+03	  0.00000000e+00	 -9.95242090e+03	  0.00000000e+00	  1.15595825e+03	
 0.00000000e+00	  0.00000000e+00	  5.00000000e+03	  1.12132068e+03	 -1.15595825e+03	  0.00000000e+00	
 0.00000000e+00	 -9.95242090e+03	  1.12132068e+03	  2.08029922e+04	 -2.39071808e+02	 -2.34190039e+03	
 9.95242090e+03	  0.00000000e+00	 -1.15595825e+03	 -2.39071808e+02	  2.05412246e+04	 -2.39063745e+03	
-1.12132068e+03	  1.15595825e+03	  0.00000000e+00	 -2.34190039e+03	 -2.39063745e+03	  1.56795569e+03	
48	 50	 60	
 5.00000000e+03	  0.00000000e+00	  0.00000000e+00	  0.00000000e+00	  1.25705762e+04	  2.33040527e+03	
 0.00000000e+00	  5.00000000e+03	  0.00000000e+00	 -1.25705762e+04	  0.00000000e+00	  3.71058179e+03	
 0.00000000e+00	  0.00000000e+00	  5.00000000e+03	 -2.33040527e+03	 -3.71058179e+03	  0.00000000e+00	
 0.00000000e+00	 -1.25705762e+04	 -2.33040527e+03	  3.52125312e+04	  1.78781909e+03	 -9.60199805e+03	
 1.25705762e+04	  0.00000000e+00	 -3.71058179e+03	  1.78781909e+03	  3.63772383e+04	  7.02421387e+03	
 2.33040527e+03	  3.71058179e+03	  0.00000000e+00	 -9.60199805e+03	  7.02421387e+03	  5.43476709e+03	
53	 55	 60	
 3.91200000e+03	  0.00000000e+00	  0.00000000e+00	  0.00000000e+00	  4.36036572e+03	  9.99663513e+02	
 0.00000000e+00	  3.91200000e+03	  0.00000000e+00	 -4.36036572e+03	  0.00000000e+00	 -7.80004700e+02	
 0.00000000e+00	  0.00000000e+00	  3.91200000e+03	 -9.99663513e+02	  7.80004700e+02	  0.00000000e+00	
 0.00000000e+00	 -4.36036572e+03	 -9.99663513e+02	  5.34076807e+03	 -2.67637909e+02	  1.07848389e+03	
 4.36036572e+03	  0.00000000e+00	  7.80004700e+02	 -2.67637909e+02	  5.56145850e+03	  1.16196704e+03	
 9.99663513e+02	 -7.80004700e+02	  0.00000000e+00	  1.07848389e+03	  1.16196704e+03	  8.63114868e+02	
53	 59	 60	
 5.00000000e+03	  0.00000000e+00	  0.00000000e+00	  0.00000000e+00	  5.96170703e+03	  4.52876770e+02	
 0.00000000e+00	  5.00000000e+03	  0.00000000e+00	 -5.96170703e+03	  0.00000000e+00	 -1.89845569e+03	
 0.00000000e+00	  0.00000000e+00	  5.00000000e+03	 -4.52876770e+02	  1.89845569e+03	  0.00000000e+00	
 0.00000000e+00	 -5.96170703e+03	 -4.52876770e+02	  7.65069092e+03	 -9.59905930e+01	  2.49958643e+03	
 5.96170703e+03	  0.00000000e+00	  1.89845569e+03	 -9.59905930e+01	  8.36252148e+03	  4.52761444e+02	
 4.52876770e+02	 -1.89845569e+03	  0.00000000e+00	  2.49958643e+03	  4.52761444e+02	  1.29675439e+03	
