8	9	1
0.864647384907	0.16151067009199999	-0.47571894045400004	-0.10599164811899997
-0.17031234977799997	0.985076980587	0.024887612616000004	-0.294982541505
0.47263757567900005	0.05949887533999999	0.87925050505	0.751328466717
0.0	0.0	0.0	1.0
8	35	2
0.9964368619289999	-0.083415505932	0.012673906741999995	-1.7929932698720001
0.08137022713599999	0.989785404111	0.117062281216	-0.381835685045
-0.02231223583499999	-0.115614686372	0.993045633534	-0.01050107557599994
0.0	0.0	0.0	1.0
8	36	3
0.8934450271140001	-0.299756849154	0.334531808215	-1.6826880709870005
0.282640602214	0.954001274424	0.09997723844900003	-0.617090123501
-0.34911546510200003	0.005229220494000003	0.9370680650429999	0.47073956232900005
0.0	0.0	0.0	1.0
8	37	4
0.7908140259030001	-0.449728871581	0.415168829294	-1.417380154031
0.321391438441	0.882387678745	0.34365546958499993	-0.6662679408140001
-0.520894317485	-0.138334437129	0.84233900991	1.021132681637
0.0	0.0	0.0	1.0
9	32	5
0.620415327957	-0.132844086709	0.772943481156	-2.077618593951
0.34630019226899994	0.930673333943	-0.118011345603	-0.31517804814699996
-0.703682360578	0.340885541899	0.623406165441	-0.3400479612109999
0.0	0.0	0.0	1.0
9	33	6
0.915131943527	-0.144454758747	0.37639237039100004	-2.0988567441150003
0.22328851697799998	0.958944970439	-0.174853601795	-0.3676480179379999
-0.33568315712100005	0.24405604213700002	0.90981387954	-0.1716945419289999
0.0	0.0	0.0	1.0
9	35	7
0.837158820345	-0.295340683597	0.46037065946200006	-1.803931210125
0.23976238278899997	0.954663265126	0.176448789454	-0.40335290105300003
-0.49161345965799996	-0.037336859957000014	0.870016446152	0.13053551434600008
0.0	0.0	0.0	1.0
9	36	8
0.5593697871200001	-0.41918915686200003	0.715115781248	-1.4410381141280002
0.40195014549400004	0.891662204034	0.20827114091299997	-0.588647335676
-0.7249498195980001	0.17094109445699998	0.6672602435289999	0.4953355320320002
0.0	0.0	0.0	1.0
9	37	9
0.38284190985200006	-0.6045182346560001	0.698564355427	-0.943130025033
0.413325929605	0.788353318633	0.4557001868559999	-0.56149297877
-0.8261981391300001	0.11427488677399998	0.551674674348	0.8518316834200003
0.0	0.0	0.0	1.0
10	32	10
0.10804534334799999	-0.152895015409	0.982318822185	-2.332795416242
0.302088122302	0.946430407334	0.114082223304	-0.6508794632960001
-0.947140743138	0.284422034334	0.14844658623300003	0.594595912561
0.0	0.0	0.0	1.0
10	33	11
0.562916250437	-0.215855250015	0.797830176926	-2.257668349582
0.293365321442	0.9546267100979999	0.051290238938000006	-0.6745608056679999
-0.7727014263790001	0.205182741776	0.6007008841520001	0.7537880145419998
0.0	0.0	0.0	1.0
10	35	12
0.417758789308	-0.478912221647	0.772088223508	-1.853745649143
0.269441438662	0.876871482586	0.398119663252	-0.6103085777759999
-0.8676876604379999	0.04171426992499998	0.495362718972	0.864768660105
0.0	0.0	0.0	1.0
10	36	13
0.033777045962000006	-0.468998895393	0.882552540617	-1.3289522670109999
0.343175878064	0.834809025744	0.43049561403199993	-0.669929887826
-0.9386686900900001	0.28833078786000005	0.18914857292099999	1.006687546787
0.0	0.0	0.0	1.0
11	32	14
0.07276665363400002	-0.116741699211	0.990493710552	-2.391247928041
-0.058313714123	0.990930529422	0.12107642622300001	-0.266899511476
-0.995645683501	-0.06656777250099999	0.06529944730800001	0.8738203014
0.0	0.0	0.0	1.0
11	33	15
0.534662515772	-0.182977397443	0.8250193509379999	-2.3096499134499995
-0.022209968602000002	0.97290028211	0.230167853621	-0.235419154354
-0.844777250707	-0.141385946871	0.516109974089	1.0284091067780001
0.0	0.0	0.0	1.0
17	20	16
0.8561051289380001	-0.21522680257699991	0.46986156266699985	-0.569884501809
0.159833910348	0.974847850256	0.15532240114700002	-0.1938504158260001
-0.491467742493	-0.057873226140999996	0.868971382244	0.480510821279
0.0	0.0	0.0	1.0
17	21	17
0.774536296399	-0.396084179914	0.49317153393599994	-0.52633680056
0.196983864047	0.891942405261	0.406985929207	-0.30176672371400004
-0.601074880957	-0.21807939754800001	0.7688637853989999	0.5273331677770001
0.0	0.0	0.0	1.0
17	22	18
0.801006579828	-0.39408895035399993	0.4506559500789999	-0.5852967232099999
0.18644598368200002	0.879549745951	0.43775663423800004	-0.32871704297700005
-0.568883677094	-0.26662257825799995	0.778001890105	0.642369072936
0.0	0.0	0.0	1.0
18	20	19
0.8150277942240001	-0.263864681215	0.515861409034	-0.24985203657399996
0.19663888628600004	0.963414370158	0.182117686655	-0.041971024621000066
-0.545039290958	-0.046993966015999984	0.837093700341	0.194727352289
0.0	0.0	0.0	1.0
18	21	20
0.725068105268	-0.450370288953	0.521008418253	-0.198435729241
0.22930811992500003	0.871241240165	0.434002970017	-0.147466666741
-0.6493814159569999	-0.19521146842700005	0.7349818173410001	0.239018395727
0.0	0.0	0.0	1.0
18	22	21
0.753977530746	-0.450857832523	0.47775831589899986	-0.24870709408400005
0.22020284155000003	0.858670790835	0.4628138112320001	-0.17645863272200002
-0.618896439538	-0.243747514277	0.746698363146	0.357627638698
0.0	0.0	0.0	1.0
19	20	22
0.875458218071	-0.21064022505499996	0.43498275955500004	0.05210019915099989
0.14946745344600001	0.973903849744	0.17079241299699996	0.06534847552699999
-0.459601870578	-0.08450618201099999	0.8840958827369999	-0.02424629090700008
0.0	0.0	0.0	1.0
19	22	23
0.823564521816	-0.381194833405	0.42004559683299997	0.02992268328499987
0.17471283793400003	0.8749921342309999	0.451513013546	-0.06646368669199995
-0.53964552114	-0.298462302894	0.787213891749	0.1393333117379999
0.0	0.0	0.0	1.0
20	21	24
0.989977379207	-0.08934721498600001	0.109382570973	-0.0029790759080000097
0.06011452450799999	0.967376336837	0.24610940027200004	-0.11728428364199993
-0.1277980516	-0.237069270607	0.9630534958069998	0.044386638635
0.0	0.0	0.0	1.0
20	22	25
0.9951333692700001	-0.06576236631599999	0.07341194327099997	-0.114299035135
0.04228160317600001	0.9576752889569999	0.28472776595300003	-0.1375244572719999
-0.08902437512200001	-0.2802391953169999	0.9557973256889999	0.11246059081799997
0.0	0.0	0.0	1.0
20	23	26
0.924112828401	0.22730530434000001	-0.30716767259000005	-0.28138913246599995
-0.13869394441400004	0.948540826785	0.284664838997	-0.17831800300300005
0.35607254474300004	-0.22045979889500003	0.9080851177739999	0.1654034362670002
0.0	0.0	0.0	1.0
20	54	27
0.9765067896390001	0.13864756302699996	-0.16496049221600004	-0.09132157217499992
-0.12257928671799999	0.9870002840450001	0.10393380560000007	0.826354397237
0.17723098996	-0.08127349855499996	0.980812435606	-1.5795401946489998
0.0	0.0	0.0	1.0
20	55	28
0.988531823289	0.06778585106	-0.13493813648000003	-0.134403514994
-0.09582393688299999	0.972205564711	-0.21361387151699998	0.734661500508
0.11671143395799995	0.22409520452599996	0.967558021338	-1.7073299924879999
0.0	0.0	0.0	1.0
20	56	29
0.964323781221	0.045534804178	-0.26077861522900003	0.016325319541000027
-0.15353500114600002	0.8986876086250001	-0.41083362415299995	0.639577977207
0.21565790282400002	0.43621731732999997	0.8736229848109999	-1.7831383363309998
0.0	0.0	0.0	1.0
20	57	30
0.954748977665	0.016504027826000002	-0.296949941457	-0.2258457276339999
-0.14100395624799997	0.904224151175	-0.4031049045649999	0.8781600666210001
0.2618623821189999	0.426736710859	0.8656403871889999	-2.1866516743319995
0.0	0.0	0.0	1.0
20	58	31
0.992827107979	0.03994523706900001	0.11268049026699999	-0.65290258897
0.008868729033999987	0.9153241499650001	-0.4026162026399999	0.9234197250489999
-0.11921816305499999	0.40072908949999997	0.9084128286129999	-2.3354194617119997
0.0	0.0	0.0	1.0
21	22	32
0.999076661776	0.028281714825000005	-0.03235898080000001	-0.12012062841400001
-0.026904468275999998	0.998743846794	0.042291206277	-0.025771974086000005
0.03351830756999998	-0.041383992314	0.998585530346	0.048401217870999984
0.0	0.0	0.0	1.0
21	54	33
0.936698739065	0.20697748522399997	-0.282407110642	0.176807933945
-0.247843344045	0.9616805474650001	-0.11723719698200004	1.3057275260380001
0.24732442792799994	0.17980554760200002	0.95210801515	-1.3413477672329999
0.0	0.0	0.0	1.0
21	55	34
0.957946033595	0.09691051753600001	-0.270081014712	0.14497738278299996
-0.208688009106	0.8813066662129999	-0.42396554983100004	1.251170016771
0.196941081411	0.46249915004299996	0.864475457779	-1.4916946757689997
0.0	0.0	0.0	1.0
21	56	35
0.917865998891	0.043353745905999996	-0.394510827166	0.29816766176700005
-0.285810446823	0.7618878750849999	-0.5812389587470002	1.1636930935019998
0.27538040568800004	0.646256183793	0.711709066686	-1.571616312349
0.0	0.0	0.0	1.0
21	57	36
0.903235525922	0.016158442487	-0.42883476394399994	0.12433567850100002
-0.283786323868	0.7720851345019999	-0.568638186453	1.511788861264
0.321914393993	0.635313101	0.7019671285319999	-1.9279912512819997
0.0	0.0	0.0	1.0
21	58	37
0.9986436995019999	0.043355718253000004	-0.028747661585999992	-0.276706775423
-0.05186327015000001	0.78689419326	-0.614904360836	1.628995982344
-0.004035350082999997	0.6155622559289999	0.788084680355	-2.106834662322
0.0	0.0	0.0	1.0
22	23	38
0.8820493774379999	0.28593127786	-0.374480027622	-0.17271473457199993
-0.293379638576	0.95522743004	0.038336736187000016	-0.042915470433000175
0.36868048292000005	0.07604863846500003	0.9264462763429999	0.026721463001000176
0.0	0.0	0.0	1.0
22	54	39
0.95079129954	0.18693999601199998	-0.247081492028	0.2142534089960001
-0.2312744063649999	0.958884134845	-0.164477601042	1.395734224804
0.20617916405799996	0.21352438924100003	0.95493868646	-1.3410748664189995
0.0	0.0	0.0	1.0
22	55	40
0.969276910434	0.08861173424600001	-0.229451729642	0.17888101966799996
-0.18948239593599997	0.8637997809029999	-0.466845131861	1.3465668222169997
0.15683565018699996	0.49597981398100005	0.8540592091929999	-1.4924858796199996
0.0	0.0	0.0	1.0
22	56	41
0.9339377231	0.044476003577999995	-0.3546555537	0.33160469371600004
-0.270887425623	0.7354121183549999	-0.621118068207	1.266839875348
0.233199085102	0.676158922659	0.698884654827	-1.580951214857
0.0	0.0	0.0	1.0
22	57	42
0.920825930258	0.016664691908	-0.38961332424	0.13662385513000008
-0.2712053300779999	0.745280255662	-0.609100762613	1.6243291783199998
0.280226151858	0.6665426958149999	0.6908002106509998	-1.9164735805329998
0.0	0.0	0.0	1.0
22	58	43
0.998981921786	0.042776474694000005	0.014235503845999996	-0.2731958141019999
-0.023386932799999992	0.76165723717	-0.6475570614659999	1.7374474208399997
-0.03854031387600001	0.6465660340070001	0.7618916569899999	-2.0771282163769995
0.0	0.0	0.0	1.0
23	24	44
0.726247559781	0.524576800626	-0.4442853235359999	0.06730051218199995
-0.471966490635	0.850386122415	0.23257344670000005	0.169091585845
0.49982047466999996	0.04078496939099998	0.865170384745	-0.073413088693
0.0	0.0	0.0	1.0
23	54	45
0.982506806808	-0.03770413024800009	0.18238029298600011	-0.5850186858260003
0.06662161284499998	0.985643068645	-0.15514000197000002	1.3808651237950005
-0.17390657233800003	0.16457357852300003	0.9709169992860001	-1.3569421833659998
0.0	0.0	0.0	1.0
23	55	46
0.968359324299	0.007596120418999987	0.24944661846700003	-0.6576158776360003
0.10807560373999997	0.8881810984049999	-0.446600693735	1.31227032116
-0.224940791088	0.4594289296379999	0.8592640360739999	-1.485854373499
0.0	0.0	0.0	1.0
23	56	47
0.9892243633519999	0.07276028559299999	0.12706200079200003	-0.5321314132740002
0.026018020454999954	0.7666242607049999	-0.641567101395	1.2730538233750002
-0.144081497254	0.6379603753819999	0.756475832305	-1.6280609944320001
0.0	0.0	0.0	1.0
23	57	48
0.995090197727	0.041789030954	0.08972144814600003	-0.9326924220330003
0.025541625939999986	0.76736713192	-0.640698195785	1.533270129945
-0.09561571779899997	0.6398446214789999	0.762537791907	-1.8521812302549998
0.0	0.0	0.0	1.0
23	58	49
0.8738012239669999	0.052651273389000004	0.483427055333	-1.386588621353
0.26037006744999996	0.78895786759	-0.5565530010599999	1.5119256517050002
-0.410701597097	0.612186888606	0.6756919157229999	-1.843212151155
0.0	0.0	0.0	1.0
29	41	50
0.9362761218100001	0.009756252760999989	0.35113367963500003	-1.7685586791650003
-0.128515466306	0.9398266008830001	0.31656346921300005	0.19970241708099995
-0.32691499397	-0.341518571382	0.8811883672140001	0.8335905733560002
0.0	0.0	0.0	1.0
29	42	51
0.634687616034	-0.14102273162300002	0.759792946381	-1.750630446658
0.048802546080000016	0.988560674623	0.14271514901500001	0.18755150367799994
-0.7712275123750001	-0.053502105708000014	0.6343090388520001	0.926729096304
0.0	0.0	0.0	1.0
29	45	52
0.932660601989	0.16146537970799998	0.322603836722	-1.7539049040120003
-0.113645695033	0.98021582301	-0.16205475731200003	0.19502170003799993
-0.342387199246	0.114476578233	0.932561563483	0.4870940746970001
0.0	0.0	0.0	1.0
29	47	53
0.941242317643	0.042287037275999965	0.335073776836	-1.719161533411
-0.144251325479	0.9474174489899999	0.28564261955200004	0.2759469105829999
-0.305375827814	-0.31719762134299995	0.897850694488	0.7565013194260001
0.0	0.0	0.0	1.0
29	48	54
0.8366929468209999	-0.14900708131499998	0.527011476159	-1.494091236604
-0.14847923989099998	0.864522870315	0.480162004311	0.18372059287999992
-0.5271612622290001	-0.480003096578	0.7012140760510001	1.254287526352
0.0	0.0	0.0	1.0
29	49	55
0.8992317353979999	-0.285158981309	0.331759733278	-1.416412786975
0.03758519061999998	0.8059166294589999	0.5908352513680001	0.07319740338499994
-0.43585436538699995	-0.518832437527	0.735422695765	1.373892296305
0.0	0.0	0.0	1.0
32	36	56
0.996366522324	-0.07157666671799999	0.04625423002200001	-0.2876007606650001
0.052650287422	0.943802572971	0.32629263120299995	-0.05430588623799997
-0.06701073664800003	-0.322668504675	0.9441363988979999	1.045092218907
0.0	0.0	0.0	1.0
33	36	57
0.8449975818640001	-0.24189658896900001	0.476940513082	0.32873279490499974
0.12771553524600002	0.957326157561	0.259267626343	-0.14415766503199998
-0.519306260348	-0.15816425700000003	0.839826549034	0.8931098128430001
0.0	0.0	0.0	1.0
34	35	58
0.87999426209	-0.241968423472	0.408731422416	0.3162117022120001
0.236820853329	0.969440718621	0.06403728471399998	-0.1347069346649999
-0.411739341524	0.04044421523099999	0.910405874412	0.1887819747789999
0.0	0.0	0.0	1.0
35	36	59
0.9210446227799999	-0.22117706079	0.32056622617799996	0.0800319899609998
0.245588454256	0.9686561653469999	-0.037286262529999996	-0.297690120679
-0.302275173616	0.11307248347199995	0.9464916616319999	0.45175043840600004
0.0	0.0	0.0	1.0
35	37	60
0.825765552798	-0.37323807329399994	0.42285707613699997	0.32811176579399987
0.312364322011	0.926881894199	0.20812834978599995	-0.4321289152830001
-0.469623271492	-0.03977645175600006	0.8819696791020001	0.9959196299880002
0.0	0.0	0.0	1.0
36	37	61
0.9792338653540001	-0.10411370930199998	0.17398779061400002	0.030987822490000025
0.066832355094	0.9758842921499999	0.20780427554399994	-0.12356451842400011
-0.19142774700499998	-0.19185676161299997	0.9625712391569999	0.5995910173550001
0.0	0.0	0.0	1.0
48	50	62
0.887776301582	-0.36719375681399996	0.27752316457799997	0.06493922601899996
0.425031225999	0.885419519415	-0.18811532410999998	-0.02661727000599995
-0.17665360623299994	0.2849571616739999	0.942118626697	-0.04943715600999993
0.0	0.0	0.0	1.0
53	55	63
0.946840276758	-0.060277503418	0.31600210858600003	-0.3129357202670001
0.154147596834	0.9471876220809999	-0.28119526968700004	-0.16745807776099997
-0.28235825382000007	0.314957642202	0.906135413766	-0.11495152238500006
0.0	0.0	0.0	1.0
53	59	64
0.994205831761	0.1074858002	0.0006075355120000062	-0.6315053306740002
-0.10380766208700001	0.961614592783	-0.25399897271500005	-0.010206746194999963
-0.027876075311000025	0.25246429060799996	0.967207532874	-0.41801513614800007
0.0	0.0	0.0	1.0
