0	34	60
3670.000000000000	0.000000000000	0.000000000000	0.000000000000	5227.837890000000	-98.508834800000
0.000000000000	3670.000000000000	0.000000000000	-5227.837890000000	0.000000000000	1133.112550000000
0.000000000000	0.000000000000	3670.000000000000	98.508834800000	-1133.112550000000	0.000000000000
0.000000000000	-5227.837890000000	98.508834800000	7567.572750000000	-31.379207600000	-1635.315310000000
5227.837890000000	0.000000000000	-1133.112550000000	-31.379207600000	8133.190430000000	-100.594940000000
-98.508834800000	1133.112550000000	0.000000000000	-1635.315310000000	-100.594940000000	626.862610000000
0	46	60
3610.000000000000	0.000000000000	0.000000000000	0.000000000000	9909.697270000001	3333.438480000000
0.000000000000	3610.000000000000	0.000000000000	-9909.697270000001	0.000000000000	1656.724850000000
0.000000000000	0.000000000000	3610.000000000000	-3333.438480000000	-1656.724850000000	0.000000000000
0.000000000000	-9909.697270000001	-3333.438480000000	30487.958999999999	1532.831050000000	-4418.769040000000
9909.697270000001	0.000000000000	-1656.724850000000	1532.831050000000	28868.539100000002	9226.884770000001
3333.438480000000	1656.724850000000	0.000000000000	-4418.769040000000	9226.884770000001	4741.207030000000
0	47	60
2241.000000000000	0.000000000000	0.000000000000	0.000000000000	6001.209470000000	1987.929080000000
0.000000000000	2241.000000000000	0.000000000000	-6001.209470000000	0.000000000000	1746.349370000000
0.000000000000	0.000000000000	2241.000000000000	-1987.929080000000	-1746.349370000000	0.000000000000
0.000000000000	-6001.209470000000	-1987.929080000000	17993.546900000001	1542.154300000000	-4626.656740000000
6001.209470000000	0.000000000000	-1746.349370000000	1542.154300000000	17727.820299999999	5387.374020000000
1987.929080000000	1746.349370000000	0.000000000000	-4626.656740000000	5387.374020000000	3431.065670000000
0	48	60
2508.000000000000	0.000000000000	0.000000000000	0.000000000000	6673.774900000000	2196.189210000000
0.000000000000	2508.000000000000	0.000000000000	-6673.774900000000	0.000000000000	2110.895260000000
0.000000000000	0.000000000000	2508.000000000000	-2196.189210000000	-2110.895260000000	0.000000000000
0.000000000000	-6673.774900000000	-2196.189210000000	19878.044900000001	1832.434810000000	-5562.061040000000
6673.774900000000	0.000000000000	-2110.895260000000	1832.434810000000	19796.937500000000	5925.408690000000
2196.189210000000	2110.895260000000	0.000000000000	-5562.061040000000	5925.408690000000	3976.842290000000
0	49	60
2070.000000000000	0.000000000000	0.000000000000	0.000000000000	5504.915040000000	1863.228390000000
0.000000000000	2070.000000000000	0.000000000000	-5504.915040000000	0.000000000000	1907.668330000000
0.000000000000	0.000000000000	2070.000000000000	-1863.228390000000	-1907.668330000000	0.000000000000
0.000000000000	-5504.915040000000	-1863.228390000000	16460.998000000000	1700.126950000000	-5036.161130000000
5504.915040000000	0.000000000000	-1907.668330000000	1700.126950000000	16552.531299999999	5015.273440000000
1863.228390000000	1907.668330000000	0.000000000000	-5036.161130000000	5015.273440000000	3609.248050000000
0	50	60
2077.000000000000	0.000000000000	0.000000000000	0.000000000000	5575.812990000000	1884.130740000000
0.000000000000	2077.000000000000	0.000000000000	-5575.812990000000	0.000000000000	1797.978030000000
0.000000000000	0.000000000000	2077.000000000000	-1884.130740000000	-1797.978030000000	0.000000000000
0.000000000000	-5575.812990000000	-1884.130740000000	16824.068400000000	1607.136600000000	-4768.985840000000
5575.812990000000	0.000000000000	-1797.978030000000	1607.136600000000	16729.515599999999	5115.610840000000
1884.130740000000	1797.978030000000	0.000000000000	-4768.985840000000	5115.610840000000	3475.901120000000
0	51	60
1967.000000000000	0.000000000000	0.000000000000	0.000000000000	5384.763180000000	1910.958620000000
0.000000000000	1967.000000000000	0.000000000000	-5384.763180000000	0.000000000000	1657.597050000000
0.000000000000	0.000000000000	1967.000000000000	-1910.958620000000	-1657.597050000000	0.000000000000
0.000000000000	-5384.763180000000	-1910.958620000000	16688.861300000000	1587.810180000000	-4468.035160000000
5384.763180000000	0.000000000000	-1657.597050000000	1587.810180000000	16354.829100000001	5261.686040000000
1910.958620000000	1657.597050000000	0.000000000000	-4468.035160000000	5261.686040000000	3455.852540000000
0	52	60
2257.000000000000	0.000000000000	0.000000000000	0.000000000000	6025.153320000000	2003.331670000000
0.000000000000	2257.000000000000	0.000000000000	-6025.153320000000	0.000000000000	1966.990840000000
0.000000000000	0.000000000000	2257.000000000000	-2003.331670000000	-1966.990840000000	0.000000000000
0.000000000000	-6025.153320000000	-2003.331670000000	18022.375000000000	1729.295040000000	-5209.063960000000
6025.153320000000	0.000000000000	-1966.990840000000	1729.295040000000	17987.093799999999	5407.795410000000
2003.331670000000	1966.990840000000	0.000000000000	-5209.063960000000	5407.795410000000	3708.770020000000
0	53	60
2603.000000000000	0.000000000000	0.000000000000	0.000000000000	6867.698240000000	2277.476320000000
0.000000000000	2603.000000000000	0.000000000000	-6867.698240000000	0.000000000000	2397.200200000000
0.000000000000	0.000000000000	2603.000000000000	-2277.476320000000	-2397.200200000000	0.000000000000
0.000000000000	-6867.698240000000	-2277.476320000000	20273.226600000002	2088.597660000000	-6308.565920000000
6867.698240000000	0.000000000000	-2397.200200000000	2088.597660000000	20490.394499999999	6068.125980000000
2277.476320000000	2397.200200000000	0.000000000000	-6308.565920000000	6068.125980000000	4422.375490000000
1	30	60
5000.000000000000	0.000000000000	0.000000000000	0.000000000000	10271.943400000000	1091.013060000000
0.000000000000	5000.000000000000	0.000000000000	-10271.943400000000	0.000000000000	-3642.377440000000
0.000000000000	0.000000000000	5000.000000000000	-1091.013060000000	3642.377440000000	0.000000000000
0.000000000000	-10271.943400000000	-1091.013060000000	23489.392599999999	-262.356171000000	6966.707520000000
10271.943400000000	0.000000000000	3642.377440000000	-262.356171000000	25035.960899999998	3020.233150000000
1091.013060000000	-3642.377440000000	0.000000000000	6966.707520000000	3020.233150000000	4463.917970000000
1	44	60
2461.000000000000	0.000000000000	0.000000000000	0.000000000000	6839.964840000000	2476.242680000000
0.000000000000	2461.000000000000	0.000000000000	-6839.964840000000	0.000000000000	523.244995000000
0.000000000000	0.000000000000	2461.000000000000	-2476.242680000000	-523.244995000000	0.000000000000
0.000000000000	-6839.964840000000	-2476.242680000000	21637.085899999998	605.567200000000	-1571.758670000000
6839.964840000000	0.000000000000	-523.244995000000	605.567200000000	19659.955099999999	6921.515140000000
2476.242680000000	523.244995000000	0.000000000000	-1571.758670000000	6921.515140000000	3087.860840000000
1	45	60
2941.000000000000	0.000000000000	0.000000000000	0.000000000000	7980.909670000000	2871.830320000000
0.000000000000	2941.000000000000	0.000000000000	-7980.909670000000	0.000000000000	1218.833130000000
0.000000000000	0.000000000000	2941.000000000000	-2871.830320000000	-1218.833130000000	0.000000000000
0.000000000000	-7980.909670000000	-2871.830320000000	24593.105500000001	1207.507930000000	-3285.004390000000
7980.909670000000	0.000000000000	-1218.833130000000	1207.507930000000	22815.439500000000	7844.439450000000
2871.830320000000	1218.833130000000	0.000000000000	-3285.004390000000	7844.439450000000	3930.639160000000
1	46	60
2902.000000000000	0.000000000000	0.000000000000	0.000000000000	7700.841310000000	2707.920900000000
0.000000000000	2902.000000000000	0.000000000000	-7700.841310000000	0.000000000000	1611.901730000000
0.000000000000	0.000000000000	2902.000000000000	-2707.920900000000	-1611.901730000000	0.000000000000
0.000000000000	-7700.841310000000	-2707.920900000000	23118.562500000000	1488.037960000000	-4215.088870000000
7700.841310000000	0.000000000000	-1611.901730000000	1488.037960000000	21933.515599999999	7251.308590000000
2707.920900000000	1611.901730000000	0.000000000000	-4215.088870000000	7251.308590000000	3993.579350000000
2	15	60
3043.000000000000	0.000000000000	0.000000000000	0.000000000000	7547.055660000000	928.953430000000
0.000000000000	3043.000000000000	0.000000000000	-7547.055660000000	0.000000000000	2130.778560000000
0.000000000000	0.000000000000	3043.000000000000	-928.953430000000	-2130.778560000000	0.000000000000
0.000000000000	-7547.055660000000	-928.953430000000	19516.544900000001	739.864441000000	-5250.295900000000
7547.055660000000	0.000000000000	-2130.778560000000	739.864441000000	20630.644499999999	2298.210210000000
928.953430000000	2130.778560000000	0.000000000000	-5250.295900000000	2298.210210000000	2072.302250000000
2	45	60
4474.000000000000	0.000000000000	0.000000000000	0.000000000000	11319.818400000000	5029.042970000000
0.000000000000	4474.000000000000	0.000000000000	-11319.818400000000	0.000000000000	3269.293700000000
0.000000000000	0.000000000000	4474.000000000000	-5029.042970000000	-3269.293700000000	0.000000000000
0.000000000000	-11319.818400000000	-5029.042970000000	34798.050799999997	3706.366700000000	-8246.049800000001
11319.818400000000	0.000000000000	-3269.293700000000	3706.366700000000	31437.752000000000	12884.941400000000
5029.042970000000	3269.293700000000	0.000000000000	-8246.049800000001	12884.941400000000	8662.089840000001
4	48	60
5000.000000000000	0.000000000000	0.000000000000	0.000000000000	11681.127899999999	2232.801760000000
0.000000000000	5000.000000000000	0.000000000000	-11681.127899999999	0.000000000000	3740.020510000000
0.000000000000	0.000000000000	5000.000000000000	-2232.801760000000	-3740.020510000000	0.000000000000
0.000000000000	-11681.127899999999	-2232.801760000000	28793.710899999998	1582.912600000000	-8623.263670000000
11681.127899999999	0.000000000000	-3740.020510000000	1582.912600000000	31127.240200000000	5305.510250000000
2232.801760000000	3740.020510000000	0.000000000000	-8623.263670000000	5305.510250000000	5147.372070000000
4	51	60
2961.000000000000	0.000000000000	0.000000000000	0.000000000000	7148.076660000000	1114.621090000000
0.000000000000	2961.000000000000	0.000000000000	-7148.076660000000	0.000000000000	1394.509520000000
0.000000000000	0.000000000000	2961.000000000000	-1114.621090000000	-1394.509520000000	0.000000000000
0.000000000000	-7148.076660000000	-1114.621090000000	17779.449199999999	499.443237000000	-3285.363530000000
7148.076660000000	0.000000000000	-1394.509520000000	499.443237000000	18331.765599999999	2721.584230000000
1114.621090000000	1394.509520000000	0.000000000000	-3285.363530000000	2721.584230000000	1499.411380000000
5	34	60
4250.000000000000	0.000000000000	0.000000000000	0.000000000000	5054.759770000000	-1368.428220000000
0.000000000000	4250.000000000000	0.000000000000	-5054.759770000000	0.000000000000	1222.189580000000
0.000000000000	0.000000000000	4250.000000000000	1368.428220000000	-1222.189580000000	0.000000000000
0.000000000000	-5054.759770000000	1368.428220000000	6592.536130000000	-357.963135000000	-1540.377690000000
5054.759770000000	0.000000000000	-1222.189580000000	-357.963135000000	7352.076660000000	-1581.886840000000
-1368.428220000000	1222.189580000000	0.000000000000	-1540.377690000000	-1581.886840000000	1677.260130000000
5	51	60
1789.000000000000	0.000000000000	0.000000000000	0.000000000000	4622.170410000000	881.409790000000
0.000000000000	1789.000000000000	0.000000000000	-4622.170410000000	0.000000000000	-80.759948700000
0.000000000000	0.000000000000	1789.000000000000	-881.409790000000	80.759948700000	0.000000000000
0.000000000000	-4622.170410000000	-881.409790000000	12433.554700000001	-41.764171600000	233.359772000000
4622.170410000000	0.000000000000	80.759948700000	-41.764171600000	12187.734399999999	2292.682130000000
881.409790000000	-80.759948700000	0.000000000000	233.359772000000	2292.682130000000	681.733704000000
5	57	60
5000.000000000000	0.000000000000	0.000000000000	0.000000000000	6038.250980000000	-1606.969600000000
0.000000000000	5000.000000000000	0.000000000000	-6038.250980000000	0.000000000000	1780.218630000000
0.000000000000	0.000000000000	5000.000000000000	1606.969600000000	-1780.218630000000	0.000000000000
0.000000000000	-6038.250980000000	1606.969600000000	8131.605960000000	-533.241638000000	-2264.977540000000
6038.250980000000	0.000000000000	-1780.218630000000	-533.241638000000	8765.736330000000	-1865.313840000000
-1606.969600000000	1780.218630000000	0.000000000000	-2264.977540000000	-1865.313840000000	1719.880250000000
6	34	60
5000.000000000000	0.000000000000	0.000000000000	0.000000000000	5844.982420000000	-671.753784000000
0.000000000000	5000.000000000000	0.000000000000	-5844.982420000000	0.000000000000	902.236328000000
0.000000000000	0.000000000000	5000.000000000000	671.753784000000	-902.236328000000	0.000000000000
0.000000000000	-5844.982420000000	671.753784000000	7331.554690000000	-148.294159000000	-1131.668210000000
5844.982420000000	0.000000000000	-902.236328000000	-148.294159000000	8429.306640000001	-642.581360000000
-671.753784000000	902.236328000000	0.000000000000	-1131.668210000000	-642.581360000000	1412.590580000000
6	46	60
3088.000000000000	0.000000000000	0.000000000000	0.000000000000	7603.926760000000	2210.724610000000
0.000000000000	3088.000000000000	0.000000000000	-7603.926760000000	0.000000000000	-2028.721310000000
0.000000000000	0.000000000000	3088.000000000000	-2210.724610000000	2028.721310000000	0.000000000000
0.000000000000	-7603.926760000000	-2210.724610000000	20494.640599999999	-1416.085940000000	4986.781250000000
7603.926760000000	0.000000000000	2028.721310000000	-1416.085940000000	20765.818400000000	5516.737300000000
2210.724610000000	-2028.721310000000	0.000000000000	4986.781250000000	5516.737300000000	3683.919920000000
6	51	60
1789.000000000000	0.000000000000	0.000000000000	0.000000000000	4441.910640000000	1216.998660000000
0.000000000000	1789.000000000000	0.000000000000	-4441.910640000000	0.000000000000	-717.838501000000
0.000000000000	0.000000000000	1789.000000000000	-1216.998660000000	717.838501000000	0.000000000000
0.000000000000	-4441.910640000000	-1216.998660000000	11982.567400000000	-515.908203000000	1813.412600000000
4441.910640000000	0.000000000000	717.838501000000	-515.908203000000	11563.675800000001	3068.685550000000
1216.998660000000	-717.838501000000	0.000000000000	1813.412600000000	3068.685550000000	1402.170290000000
6	56	60
5000.000000000000	0.000000000000	0.000000000000	0.000000000000	5895.254880000000	-666.289856000000
0.000000000000	5000.000000000000	0.000000000000	-5895.254880000000	0.000000000000	796.511108000000
0.000000000000	0.000000000000	5000.000000000000	666.289856000000	-796.511108000000	0.000000000000
0.000000000000	-5895.254880000000	666.289856000000	7631.302730000000	-53.382949800000	-1163.703490000000
5895.254880000000	0.000000000000	-796.511108000000	-53.382949800000	8369.387699999999	-592.080261000000
-666.289856000000	796.511108000000	0.000000000000	-1163.703490000000	-592.080261000000	1086.669920000000
6	57	60
5000.000000000000	0.000000000000	0.000000000000	0.000000000000	5754.874020000000	-733.936340000000
0.000000000000	5000.000000000000	0.000000000000	-5754.874020000000	0.000000000000	422.369720000000
0.000000000000	0.000000000000	5000.000000000000	733.936340000000	-422.369720000000	0.000000000000
0.000000000000	-5754.874020000000	733.936340000000	7225.559570000000	-95.584434500000	-497.790680000000
5754.874020000000	0.000000000000	-422.369720000000	-95.584434500000	7715.434570000000	-704.752686000000
-733.936340000000	422.369720000000	0.000000000000	-497.790680000000	-704.752686000000	814.635986000000
6	58	60
5000.000000000000	0.000000000000	0.000000000000	0.000000000000	7347.371580000000	-304.693756000000
0.000000000000	5000.000000000000	0.000000000000	-7347.371580000000	0.000000000000	919.166931000000
0.000000000000	0.000000000000	5000.000000000000	304.693756000000	-919.166931000000	0.000000000000
0.000000000000	-7347.371580000000	304.693756000000	12834.226600000000	-34.816452000000	-1772.475950000000
7347.371580000000	0.000000000000	-919.166931000000	-34.816452000000	13733.130900000000	16.470790900000
-304.693756000000	919.166931000000	0.000000000000	-1772.475950000000	16.470790900000	1280.576540000000
7	34	60
5000.000000000000	0.000000000000	0.000000000000	0.000000000000	6124.892580000000	-317.999481000000
0.000000000000	5000.000000000000	0.000000000000	-6124.892580000000	0.000000000000	740.408081000000
0.000000000000	0.000000000000	5000.000000000000	317.999481000000	-740.408081000000	0.000000000000
0.000000000000	-6124.892580000000	317.999481000000	8014.451660000000	-177.532318000000	-704.647217000000
6124.892580000000	0.000000000000	-740.408081000000	-177.532318000000	9141.966800000000	-202.077194000000
-317.999481000000	740.408081000000	0.000000000000	-704.647217000000	-202.077194000000	1356.393800000000
7	46	60
2435.000000000000	0.000000000000	0.000000000000	0.000000000000	6325.526370000000	1988.837280000000
0.000000000000	2435.000000000000	0.000000000000	-6325.526370000000	0.000000000000	-1910.561520000000
0.000000000000	0.000000000000	2435.000000000000	-1988.837280000000	1910.561520000000	0.000000000000
0.000000000000	-6325.526370000000	-1988.837280000000	18216.525399999999	-1532.355220000000	4986.804690000000
6325.526370000000	0.000000000000	1910.561520000000	-1532.355220000000	18333.851600000002	5231.412600000000
1988.837280000000	-1910.561520000000	0.000000000000	4986.804690000000	5231.412600000000	3559.324710000000
7	47	60
2161.000000000000	0.000000000000	0.000000000000	0.000000000000	5646.610840000000	1830.233520000000
0.000000000000	2161.000000000000	0.000000000000	-5646.610840000000	0.000000000000	-887.121155000000
0.000000000000	0.000000000000	2161.000000000000	-1830.233520000000	887.121155000000	0.000000000000
0.000000000000	-5646.610840000000	-1830.233520000000	16445.091799999998	-789.424927000000	2335.574460000000
5646.610840000000	0.000000000000	887.121155000000	-789.424927000000	15697.892599999999	4828.740720000000
1830.233520000000	-887.121155000000	0.000000000000	2335.574460000000	4828.740720000000	2528.224610000000
7	51	60
1808.000000000000	0.000000000000	0.000000000000	0.000000000000	4677.337400000000	1386.538570000000
0.000000000000	1808.000000000000	0.000000000000	-4677.337400000000	0.000000000000	-1256.338380000000
0.000000000000	0.000000000000	1808.000000000000	-1386.538570000000	1256.338380000000	0.000000000000
0.000000000000	-4677.337400000000	-1386.538570000000	13309.654300000000	-1002.305240000000	3293.139400000000
4677.337400000000	0.000000000000	1256.338380000000	-1002.305240000000	13166.860400000000	3643.321530000000
1386.538570000000	-1256.338380000000	0.000000000000	3293.139400000000	3643.321530000000	2177.596190000000
7	56	60
5000.000000000000	0.000000000000	0.000000000000	0.000000000000	6435.126950000000	-194.705154000000
0.000000000000	5000.000000000000	0.000000000000	-6435.126950000000	0.000000000000	569.019775000000
0.000000000000	0.000000000000	5000.000000000000	194.705154000000	-569.019775000000	0.000000000000
0.000000000000	-6435.126950000000	194.705154000000	9369.077149999999	83.600662200000	-1114.528080000000
6435.126950000000	0.000000000000	-569.019775000000	83.600662200000	10785.061500000000	115.475777000000
-194.705154000000	569.019775000000	0.000000000000	-1114.528080000000	115.475777000000	1771.041020000000
7	57	60
5000.000000000000	0.000000000000	0.000000000000	0.000000000000	5878.883300000000	-426.400787000000
0.000000000000	5000.000000000000	0.000000000000	-5878.883300000000	0.000000000000	168.371429000000
0.000000000000	0.000000000000	5000.000000000000	426.400787000000	-168.371429000000	0.000000000000
0.000000000000	-5878.883300000000	426.400787000000	7434.024410000000	-158.618347000000	28.763870200000
5878.883300000000	0.000000000000	-168.371429000000	-158.618347000000	8492.894530000000	-325.425507000000
-426.400787000000	168.371429000000	0.000000000000	28.763870200000	-325.425507000000	1298.794920000000
8	34	60
4516.000000000000	0.000000000000	0.000000000000	0.000000000000	5390.454590000000	148.950287000000
0.000000000000	4516.000000000000	0.000000000000	-5390.454590000000	0.000000000000	-145.915787000000
0.000000000000	0.000000000000	4516.000000000000	-148.950287000000	145.915787000000	0.000000000000
0.000000000000	-5390.454590000000	-148.950287000000	6849.116700000000	-94.572471600000	178.139267000000
5390.454590000000	0.000000000000	145.915787000000	-94.572471600000	7238.162110000000	349.742462000000
148.950287000000	-145.915787000000	0.000000000000	178.139267000000	349.742462000000	647.018677000000
9	34	60
4042.000000000000	0.000000000000	0.000000000000	0.000000000000	5307.056640000000	-642.837402000000
0.000000000000	4042.000000000000	0.000000000000	-5307.056640000000	0.000000000000	-3387.398930000000
0.000000000000	0.000000000000	4042.000000000000	642.837402000000	3387.398930000000	0.000000000000
0.000000000000	-5307.056640000000	642.837402000000	7351.768070000000	425.810211000000	4134.747070000000
5307.056640000000	0.000000000000	3387.398930000000	425.810211000000	10947.622100000001	-824.131775000000
-642.837402000000	-3387.398930000000	0.000000000000	4134.747070000000	-824.131775000000	3894.297360000000
9	46	60
5000.000000000000	0.000000000000	0.000000000000	0.000000000000	12773.459000000001	4952.860350000000
0.000000000000	5000.000000000000	0.000000000000	-12773.459000000001	0.000000000000	-5028.740230000000
0.000000000000	0.000000000000	5000.000000000000	-4952.860350000000	5028.740230000000	0.000000000000
0.000000000000	-12773.459000000001	-4952.860350000000	37890.675799999997	-5030.428710000000	12859.059600000001
12773.459000000001	0.000000000000	5028.740230000000	-5030.428710000000	38176.484400000001	12694.855500000000
4952.860350000000	-5028.740230000000	0.000000000000	12859.059600000001	12694.855500000000	10706.720700000000
9	47	60
5000.000000000000	0.000000000000	0.000000000000	0.000000000000	12612.209999999999	4413.428220000000
0.000000000000	5000.000000000000	0.000000000000	-12612.209999999999	0.000000000000	-3813.435060000000
0.000000000000	0.000000000000	5000.000000000000	-4413.428220000000	3813.435060000000	0.000000000000
0.000000000000	-12612.209999999999	-4413.428220000000	36165.035199999998	-3413.284910000000	9582.524410000000
12612.209999999999	0.000000000000	3813.435060000000	-3413.284910000000	35500.363299999997	11172.452100000000
4413.428220000000	-3813.435060000000	0.000000000000	9582.524410000000	11172.452100000000	7898.112300000000
9	48	60
5000.000000000000	0.000000000000	0.000000000000	0.000000000000	12876.370100000000	3324.440430000000
0.000000000000	5000.000000000000	0.000000000000	-12876.370100000000	0.000000000000	-2841.162350000000
0.000000000000	0.000000000000	5000.000000000000	-3324.440430000000	2841.162350000000	0.000000000000
0.000000000000	-12876.370100000000	-3324.440430000000	36482.972699999998	-2632.128910000000	7108.766110000000
12876.370100000000	0.000000000000	2841.162350000000	-2632.128910000000	36270.320299999999	8403.637699999999
3324.440430000000	-2841.162350000000	0.000000000000	7108.766110000000	8403.637699999999	6170.176760000000
10	34	60
4277.000000000000	0.000000000000	0.000000000000	0.000000000000	5570.097170000000	-1146.447630000000
0.000000000000	4277.000000000000	0.000000000000	-5570.097170000000	0.000000000000	-426.143127000000
0.000000000000	0.000000000000	4277.000000000000	1146.447630000000	426.143127000000	0.000000000000
0.000000000000	-5570.097170000000	1146.447630000000	7728.924800000000	72.806861900000	487.892487000000
5570.097170000000	0.000000000000	426.143127000000	72.806861900000	8295.893550000001	-1430.723020000000
-1146.447630000000	-426.143127000000	0.000000000000	487.892487000000	-1430.723020000000	1260.532590000000
10	51	60
1968.000000000000	0.000000000000	0.000000000000	0.000000000000	5096.282230000000	1185.995480000000
0.000000000000	1968.000000000000	0.000000000000	-5096.282230000000	0.000000000000	245.984756000000
0.000000000000	0.000000000000	1968.000000000000	-1185.995480000000	-245.984756000000	0.000000000000
0.000000000000	-5096.282230000000	-1185.995480000000	14031.208000000001	104.365959000000	-569.204834000000
5096.282230000000	0.000000000000	-245.984756000000	104.365959000000	13481.100600000000	3116.858890000000
1185.995480000000	245.984756000000	0.000000000000	-569.204834000000	3116.858890000000	999.749268000000
10	55	60
3291.000000000000	0.000000000000	0.000000000000	0.000000000000	4591.087400000000	-957.235291000000
0.000000000000	3291.000000000000	0.000000000000	-4591.087400000000	0.000000000000	549.103882000000
0.000000000000	0.000000000000	3291.000000000000	957.235291000000	-549.103882000000	0.000000000000
0.000000000000	-4591.087400000000	957.235291000000	7168.179200000000	-155.636505000000	-1095.978760000000
4591.087400000000	0.000000000000	-549.103882000000	-155.636505000000	7440.161130000000	-1292.609010000000
-957.235291000000	549.103882000000	0.000000000000	-1095.978760000000	-1292.609010000000	885.186646000000
10	56	60
3666.000000000000	0.000000000000	0.000000000000	0.000000000000	4734.445310000000	-1044.029910000000
0.000000000000	3666.000000000000	0.000000000000	-4734.445310000000	0.000000000000	-73.697181700000
0.000000000000	0.000000000000	3666.000000000000	1044.029910000000	73.697181700000	0.000000000000
0.000000000000	-4734.445310000000	1044.029910000000	6544.604000000000	17.520729100000	14.285542500000
4734.445310000000	0.000000000000	73.697181700000	17.520729100000	6649.031740000000	-1306.139650000000
-1044.029910000000	-73.697181700000	0.000000000000	14.285542500000	-1306.139650000000	740.464539000000
10	57	60
4171.000000000000	0.000000000000	0.000000000000	0.000000000000	5489.669430000000	-1176.758540000000
0.000000000000	4171.000000000000	0.000000000000	-5489.669430000000	0.000000000000	-310.620819000000
0.000000000000	0.000000000000	4171.000000000000	1176.758540000000	310.620819000000	0.000000000000
0.000000000000	-5489.669430000000	1176.758540000000	7858.812990000000	71.428100600000	280.861115000000
5489.669430000000	0.000000000000	310.620819000000	71.428100600000	7930.423340000000	-1502.382690000000
-1176.758540000000	-310.620819000000	0.000000000000	280.861115000000	-1502.382690000000	784.437927000000
11	46	60
5000.000000000000	0.000000000000	0.000000000000	0.000000000000	12200.260700000001	3390.064940000000
0.000000000000	5000.000000000000	0.000000000000	-12200.260700000001	0.000000000000	-1227.052370000000
0.000000000000	0.000000000000	5000.000000000000	-3390.064940000000	1227.052370000000	0.000000000000
0.000000000000	-12200.260700000001	-3390.064940000000	32479.783200000002	-734.643005000000	3230.430660000000
12200.260700000001	0.000000000000	1227.052370000000	-734.643005000000	31527.687500000000	8380.344730000001
3390.064940000000	-1227.052370000000	0.000000000000	3230.430660000000	8380.344730000001	4187.634280000000
11	47	60
5000.000000000000	0.000000000000	0.000000000000	0.000000000000	11853.342800000000	3498.974610000000
0.000000000000	5000.000000000000	0.000000000000	-11853.342800000000	0.000000000000	811.055603000000
0.000000000000	0.000000000000	5000.000000000000	-3498.974610000000	-811.055603000000	0.000000000000
0.000000000000	-11853.342800000000	-3498.974610000000	30868.402300000002	554.073547000000	-1663.424320000000
11853.342800000000	0.000000000000	-811.055603000000	554.073547000000	29742.523399999998	8379.684569999999
3498.974610000000	811.055603000000	0.000000000000	-1663.424320000000	8379.684569999999	4136.940920000000
11	49	60
4843.000000000000	0.000000000000	0.000000000000	0.000000000000	11180.442400000000	3146.191650000000
0.000000000000	4843.000000000000	0.000000000000	-11180.442400000000	0.000000000000	1766.846560000000
0.000000000000	0.000000000000	4843.000000000000	-3146.191650000000	-1766.846560000000	0.000000000000
0.000000000000	-11180.442400000000	-3146.191650000000	28173.724600000001	1135.230710000000	-3974.503910000000
11180.442400000000	0.000000000000	-1766.846560000000	1135.230710000000	27243.798800000000	7356.562010000000
3146.191650000000	1766.846560000000	0.000000000000	-3974.503910000000	7356.562010000000	3586.495610000000
11	51	60
3083.000000000000	0.000000000000	0.000000000000	0.000000000000	7350.546390000000	1939.534910000000
0.000000000000	3083.000000000000	0.000000000000	-7350.546390000000	0.000000000000	196.820267000000
0.000000000000	0.000000000000	3083.000000000000	-1939.534910000000	-196.820267000000	0.000000000000
0.000000000000	-7350.546390000000	-1939.534910000000	18971.257799999999	125.087250000000	-368.127289000000
7350.546390000000	0.000000000000	-196.820267000000	125.087250000000	17927.472699999998	4689.316890000000
1939.534910000000	196.820267000000	0.000000000000	-368.127289000000	4689.316890000000	1670.800780000000
11	53	60
4741.000000000000	0.000000000000	0.000000000000	0.000000000000	10763.305700000001	2653.582280000000
0.000000000000	4741.000000000000	0.000000000000	-10763.305700000001	0.000000000000	1961.786740000000
0.000000000000	0.000000000000	4741.000000000000	-2653.582280000000	-1961.786740000000	0.000000000000
0.000000000000	-10763.305700000001	-2653.582280000000	26360.066400000000	1145.046880000000	-4416.230470000000
10763.305700000001	0.000000000000	-1961.786740000000	1145.046880000000	25902.953099999999	6139.775390000000
2653.582280000000	1961.786740000000	0.000000000000	-4416.230470000000	6139.775390000000	3230.344730000000
12	46	60
5000.000000000000	0.000000000000	0.000000000000	0.000000000000	10789.869100000000	3070.203610000000
0.000000000000	5000.000000000000	0.000000000000	-10789.869100000000	0.000000000000	928.884949000000
0.000000000000	0.000000000000	5000.000000000000	-3070.203610000000	-928.884949000000	0.000000000000
0.000000000000	-10789.869100000000	-3070.203610000000	25613.085899999998	581.412964000000	-1753.173340000000
10789.869100000000	0.000000000000	-928.884949000000	581.412964000000	24520.531299999999	6767.275390000000
3070.203610000000	928.884949000000	0.000000000000	-1753.173340000000	6767.275390000000	3137.331540000000
12	47	60
3430.000000000000	0.000000000000	0.000000000000	0.000000000000	7129.840330000000	2179.546630000000
0.000000000000	3430.000000000000	0.000000000000	-7129.840330000000	0.000000000000	1551.608890000000
0.000000000000	0.000000000000	3430.000000000000	-2179.546630000000	-1551.608890000000	0.000000000000
0.000000000000	-7129.840330000000	-2179.546630000000	16517.958999999999	891.848511000000	-3019.200440000000
7129.840330000000	0.000000000000	-1551.608890000000	891.848511000000	16150.754900000000	4648.368650000000
2179.546630000000	1551.608890000000	0.000000000000	-3019.200440000000	4648.368650000000	2673.999760000000
12	48	60
2889.000000000000	0.000000000000	0.000000000000	0.000000000000	5846.014160000000	1759.461180000000
0.000000000000	2889.000000000000	0.000000000000	-5846.014160000000	0.000000000000	1805.324220000000
0.000000000000	0.000000000000	2889.000000000000	-1759.461180000000	-1805.324220000000	0.000000000000
0.000000000000	-5846.014160000000	-1759.461180000000	13161.221700000000	1065.935180000000	-3560.624020000000
5846.014160000000	0.000000000000	-1805.324220000000	1065.935180000000	13230.334999999999	3656.397710000000
1759.461180000000	1805.324220000000	0.000000000000	-3560.624020000000	3656.397710000000	2470.677490000000
12	50	60
2580.000000000000	0.000000000000	0.000000000000	0.000000000000	5302.568360000000	1655.096310000000
0.000000000000	2580.000000000000	0.000000000000	-5302.568360000000	0.000000000000	1583.478640000000
0.000000000000	0.000000000000	2580.000000000000	-1655.096310000000	-1583.478640000000	0.000000000000
0.000000000000	-5302.568360000000	-1655.096310000000	12171.391600000001	983.176941000000	-3165.683350000000
5302.568360000000	0.000000000000	-1583.478640000000	983.176941000000	12107.030300000000	3475.947510000000
1655.096310000000	1583.478640000000	0.000000000000	-3165.683350000000	3475.947510000000	2257.576660000000
12	51	60
2653.000000000000	0.000000000000	0.000000000000	0.000000000000	5552.105470000000	1762.498410000000
0.000000000000	2653.000000000000	0.000000000000	-5552.105470000000	0.000000000000	1505.717650000000
0.000000000000	0.000000000000	2653.000000000000	-1762.498410000000	-1505.717650000000	0.000000000000
0.000000000000	-5552.105470000000	-1762.498410000000	12988.237300000001	975.307739000000	-3043.090090000000
5552.105470000000	0.000000000000	-1505.717650000000	975.307739000000	12758.514600000000	3748.996580000000
1762.498410000000	1505.717650000000	0.000000000000	-3043.090090000000	3748.996580000000	2286.644290000000
12	52	60
2427.000000000000	0.000000000000	0.000000000000	0.000000000000	4962.620120000000	1552.715580000000
0.000000000000	2427.000000000000	0.000000000000	-4962.620120000000	0.000000000000	1498.674560000000
0.000000000000	0.000000000000	2427.000000000000	-1552.715580000000	-1498.674560000000	0.000000000000
0.000000000000	-4962.620120000000	-1552.715580000000	11322.459000000001	943.242004000000	-2996.957280000000
4962.620120000000	0.000000000000	-1498.674560000000	943.242004000000	11271.398400000000	3235.824950000000
1552.715580000000	1498.674560000000	0.000000000000	-2996.957280000000	3235.824950000000	2103.145260000000
12	59	60
5000.000000000000	0.000000000000	0.000000000000	0.000000000000	9325.121090000001	287.816925000000
0.000000000000	5000.000000000000	0.000000000000	-9325.121090000001	0.000000000000	2202.881840000000
0.000000000000	0.000000000000	5000.000000000000	-287.816925000000	-2202.881840000000	0.000000000000
0.000000000000	-9325.121090000001	-287.816925000000	18260.148399999998	143.334976000000	-4045.845950000000
9325.121090000001	0.000000000000	-2202.881840000000	143.334976000000	19347.154299999998	646.188965000000
287.816925000000	2202.881840000000	0.000000000000	-4045.845950000000	646.188965000000	1460.561280000000
13	18	60
3222.000000000000	0.000000000000	0.000000000000	0.000000000000	5746.304200000000	100.834816000000
0.000000000000	3222.000000000000	0.000000000000	-5746.304200000000	0.000000000000	2460.399660000000
0.000000000000	0.000000000000	3222.000000000000	-100.834816000000	-2460.399660000000	0.000000000000
0.000000000000	-5746.304200000000	-100.834816000000	10919.927700000000	150.178497000000	-4570.076170000000
5746.304200000000	0.000000000000	-2460.399660000000	150.178497000000	12733.399400000000	300.477600000000
100.834816000000	2460.399660000000	0.000000000000	-4570.076170000000	300.477600000000	2171.542720000000
13	36	60
1179.000000000000	0.000000000000	0.000000000000	0.000000000000	2184.259770000000	282.849518000000
0.000000000000	1179.000000000000	0.000000000000	-2184.259770000000	0.000000000000	892.033752000000
0.000000000000	0.000000000000	1179.000000000000	-282.849518000000	-892.033752000000	0.000000000000
0.000000000000	-2184.259770000000	-282.849518000000	4180.554690000000	217.442825000000	-1656.837040000000
2184.259770000000	0.000000000000	-892.033752000000	217.442825000000	4767.915530000000	527.689148000000
282.849518000000	892.033752000000	0.000000000000	-1656.837040000000	527.689148000000	783.659363000000
13	46	60
3931.000000000000	0.000000000000	0.000000000000	0.000000000000	8297.574220000000	2338.851320000000
0.000000000000	3931.000000000000	0.000000000000	-8297.574220000000	0.000000000000	2131.553710000000
0.000000000000	0.000000000000	3931.000000000000	-2338.851320000000	-2131.553710000000	0.000000000000
0.000000000000	-8297.574220000000	-2338.851320000000	19218.363300000001	1252.734860000000	-4359.174800000000
8297.574220000000	0.000000000000	-2131.553710000000	1252.734860000000	19249.607400000001	5046.462890000000
2338.851320000000	2131.553710000000	0.000000000000	-4359.174800000000	5046.462890000000	3107.791500000000
13	59	60
3442.000000000000	0.000000000000	0.000000000000	0.000000000000	6727.937500000000	252.053955000000
0.000000000000	3442.000000000000	0.000000000000	-6727.937500000000	0.000000000000	2520.331540000000
0.000000000000	0.000000000000	3442.000000000000	-252.053955000000	-2520.331540000000	0.000000000000
0.000000000000	-6727.937500000000	-252.053955000000	13471.326200000000	187.457108000000	-4930.149410000000
6727.937500000000	0.000000000000	-2520.331540000000	187.457108000000	15217.888700000000	451.408966000000
252.053955000000	2520.331540000000	0.000000000000	-4930.149410000000	451.408966000000	2054.968750000000
14	16	60
5000.000000000000	0.000000000000	0.000000000000	0.000000000000	7855.147950000000	336.544952000000
0.000000000000	5000.000000000000	0.000000000000	-7855.147950000000	0.000000000000	5032.456540000000
0.000000000000	0.000000000000	5000.000000000000	-336.544952000000	-5032.456540000000	0.000000000000
0.000000000000	-7855.147950000000	-336.544952000000	13024.980500000000	472.716431000000	-7852.167480000000
7855.147950000000	0.000000000000	-5032.456540000000	472.716431000000	18201.929700000001	477.099884000000
336.544952000000	5032.456540000000	0.000000000000	-7852.167480000000	477.099884000000	5626.366210000000
14	17	60
3898.000000000000	0.000000000000	0.000000000000	0.000000000000	5966.753420000000	339.094086000000
0.000000000000	3898.000000000000	0.000000000000	-5966.753420000000	0.000000000000	4590.413090000000
0.000000000000	0.000000000000	3898.000000000000	-339.094086000000	-4590.413090000000	0.000000000000
0.000000000000	-5966.753420000000	-339.094086000000	9452.913090000000	450.590057000000	-7042.224120000000
5966.753420000000	0.000000000000	-4590.413090000000	450.590057000000	14846.724600000000	497.489105000000
339.094086000000	4590.413090000000	0.000000000000	-7042.224120000000	497.489105000000	5654.242190000000
14	31	60
3360.000000000000	0.000000000000	0.000000000000	0.000000000000	4787.123050000000	-593.671021000000
0.000000000000	3360.000000000000	0.000000000000	-4787.123050000000	0.000000000000	-1411.827270000000
0.000000000000	0.000000000000	3360.000000000000	593.671021000000	1411.827270000000	0.000000000000
0.000000000000	-4787.123050000000	593.671021000000	7181.568850000000	246.775620000000	2035.426390000000
4787.123050000000	0.000000000000	1411.827270000000	246.775620000000	7602.972170000000	-854.612061000000
-593.671021000000	-1411.827270000000	0.000000000000	2035.426390000000	-854.612061000000	920.889282000000
14	36	60
5000.000000000000	0.000000000000	0.000000000000	0.000000000000	7590.525880000000	690.797791000000
0.000000000000	5000.000000000000	0.000000000000	-7590.525880000000	0.000000000000	4569.844730000000
0.000000000000	0.000000000000	5000.000000000000	-690.797791000000	-4569.844730000000	0.000000000000
0.000000000000	-7590.525880000000	-690.797791000000	12305.168900000001	588.202942000000	-6960.995610000000
7590.525880000000	0.000000000000	-4569.844730000000	588.202942000000	16516.642599999999	1164.871460000000
690.797791000000	4569.844730000000	0.000000000000	-6960.995610000000	1164.871460000000	4861.072270000000
14	45	60
4536.000000000000	0.000000000000	0.000000000000	0.000000000000	8543.292970000000	2435.889650000000
0.000000000000	4536.000000000000	0.000000000000	-8543.292970000000	0.000000000000	-244.044876000000
0.000000000000	0.000000000000	4536.000000000000	-2435.889650000000	244.044876000000	0.000000000000
0.000000000000	-8543.292970000000	-2435.889650000000	17726.064500000000	-354.922699000000	746.519531000000
8543.292970000000	0.000000000000	244.044876000000	-354.922699000000	17503.312500000000	4708.087400000000
2435.889650000000	-244.044876000000	0.000000000000	746.519531000000	4708.087400000000	2729.918210000000
14	46	60
1903.000000000000	0.000000000000	0.000000000000	0.000000000000	3321.066410000000	911.915771000000
0.000000000000	1903.000000000000	0.000000000000	-3321.066410000000	0.000000000000	836.689331000000
0.000000000000	0.000000000000	1903.000000000000	-911.915771000000	-836.689331000000	0.000000000000
0.000000000000	-3321.066410000000	-911.915771000000	6337.809080000000	361.477448000000	-1364.051150000000
3321.066410000000	0.000000000000	-836.689331000000	361.477448000000	6541.858890000000	1632.256350000000
