0	34	1
-0.972240529533961	-0.15794253187258375	0.1709079984677053	0.18925677327704582
0.13215330792597677	0.22971819085840703	0.9639225940200224	-1.199233873724792
-0.19156031366184226	0.9600701219976486	-0.20252606255548333	1.691788353397916
0.0	0.0	0.0	1.0
0	46	2
0.9030749616893328	-0.15701757735026378	0.3994339113477243	-0.42346862660413154
0.2606621214408669	0.9399427585507789	-0.21983068432173164	-0.949323165504029
-0.34098893997097657	0.30267675628435753	0.8898617519957044	1.5873408599740937
0.0	0.0	0.0	1.0
0	47	3
0.8050992258179678	-0.1723767157195614	0.5673004385510958	-0.24176768618811523
0.2951413602506368	0.9462505474656323	-0.13133392069103514	-1.02558318357268
-0.5142530320400273	0.2732048217150146	0.8127955885516385	1.7075153893299084
0.0	0.0	0.0	1.0
0	48	4
0.6611417504773933	-0.25220136792807224	0.7063967913097595	-0.1381710549698696
0.37028273129340783	0.9286535581182918	-0.015010965319578452	-1.0555222748020416
-0.6523149922892989	0.27152766547828777	0.7074481409010316	1.8463680896856283
0.0	0.0	0.0	1.0
0	49	5
0.5869170037045525	-0.27544719638171117	0.7611497628491095	0.08635679154830872
0.3910381651782473	0.919687766972239	0.031287945026557636	-1.070864713516582
-0.7087529256870783	0.2793151894676632	0.6475812087921131	1.8683224868751291
0.0	0.0	0.0	1.0
0	50	6
0.6154695230718413	-0.3414880302076118	0.7101100398864556	0.1281062502415734
0.3656797855748488	0.9219528653956248	0.12641085973963231	-1.0530649164802846
-0.697976652806688	0.18190063639859674	0.6924119040873867	1.9765890947450682
0.0	0.0	0.0	1.0
0	51	7
0.7941715954334844	-0.3285097627815638	0.5109133262014639	0.08259440588339895
0.3186762158899153	0.9413028003726138	0.10988181239599215	-1.0114340464506368
-0.5171250092365383	0.07556685287114184	0.852371757142455	2.024456162084099
0.0	0.0	0.0	1.0
0	52	8
0.7647281199680083	-0.3003486828385617	0.5697528165060808	0.07361678983774955
0.2842100192290854	0.9510588123421289	0.11987975971559442	-0.9910706849652209
-0.5779918226870439	0.07026956148162823	0.8127955848582442	1.997200090096255
0.0	0.0	0.0	1.0
0	53	9
0.519909241100326	-0.38546412244327505	0.7620537959716055	0.10937761945648306
0.37806570010910007	0.9038811912057136	0.1992604443969473	-1.027266401135818
-0.7657648643765524	0.18454482767455302	0.6157766982149689	1.92346421631378
0.0	0.0	0.0	1.0
1	30	10
0.09250454153533386	0.2828047938100244	-0.954407498982665	0.8064621299476058
-0.3774051144226566	0.8969759486840888	0.22917416473909918	-1.1782119039307832
0.9211238393506093	0.3390929611702488	0.18976305232325402	1.8425062160934877
0.0	0.0	0.0	1.0
1	44	11
0.9869650514919117	-0.14401002981521896	0.0702152647392284	-0.39226342749717336
0.15953825044577774	0.9236989946475784	-0.3480049114819477	-0.7699447405306874
-0.014766145204013405	0.3547091313884587	0.9347212089853534	1.066636103967865
0.0	0.0	0.0	1.0
1	45	12
0.9598968959605878	-0.14800302933282974	0.23757740712684977	-0.31719343373503445
0.21527359866243606	0.932784040693378	-0.2886822129379037	-0.900960363573165
-0.1789254430097196	0.3282880714312009	0.927332814372564	1.3187942282523726
0.0	0.0	0.0	1.0
1	46	13
0.8687857188696968	-0.20602012829652858	0.44999978949467717	-0.1850920938307512
0.32611111720337393	0.9221632658926667	-0.20741322950104885	-0.9534967752583037
-0.3723081431509091	0.3269884017325904	0.8684436418559137	1.4658284506852963
0.0	0.0	0.0	1.0
2	15	14
0.7066746065920017	-0.53419070441976	0.4635071683761888	0.5106409322183233
0.496472637978982	0.8413583961878566	0.21269048109389177	-0.43852989820518146
-0.5037065335368685	0.07983664210644502	0.8599228134891164	0.5639358532658939
0.0	0.0	0.0	1.0
2	45	15
0.8802253390401719	-0.10214959668882058	0.4631394625307934	0.17689423544368021
0.2562953524375861	0.924016291925793	-0.2833043485890101	-0.7523812521477872
-0.3990777602954849	0.3681171507520292	0.8396158093576822	1.057243399779646
0.0	0.0	0.0	1.0
4	48	16
0.7972137095864299	-0.20316865958582972	0.5681860422772915	-0.3411724563232863
0.246331189236897	0.9690225994855299	0.0008679440621602142	-0.4499561376889949
-0.5508679938313611	0.13929414857862865	0.82268658206311	1.3538777725933313
0.0	0.0	0.0	1.0
4	51	17
0.8990941324270987	-0.24275315399038294	0.36375127667815355	-0.15136798966870085
0.19833914326435087	0.9675393868127947	0.15544058390271126	-0.4057601987761312
-0.38977321197475595	-0.06761696024668694	0.9182126848345716	1.56462147204535
0.0	0.0	0.0	1.0
5	34	18
-0.8440632252184109	-0.3050675498418639	0.44025745566265534	-0.47596329046004904
0.2977885265508023	0.41578148982974544	0.8589478385919745	-0.7418535878509493
-0.44522628556995847	0.8564222612975553	-0.2601844019208779	1.4409922006476803
0.0	0.0	0.0	1.0
5	51	19
0.9416232219462758	-0.09831313009002744	0.32138368469473166	-0.6044441933204285
0.05443124457687966	0.9880697994737948	0.14275930677516377	-0.4827129757246705
-0.33167178434592415	-0.11694984445768239	0.9359032264281484	1.7123672740479883
0.0	0.0	0.0	1.0
5	57	20
-0.104261605319242	-0.5114017589514704	0.8527048577958777	-0.7472953734225214
0.2584772402045427	0.8139776124297355	0.519770303920111	-0.27254006026429556
-0.960118328830631	0.2746623787293331	0.04734030653179749	1.2627526920317353
0.0	0.0	0.0	1.0
6	34	21
-0.861030566353793	-0.3375530707873556	0.37949385753584625	-0.7718358530298532
0.25901855427105713	0.3507355505306505	0.8995674645422892	-1.0039222276517754
-0.4368904715687839	0.87317319431618	-0.2146346978116428	1.3641366087242224
0.0	0.0	0.0	1.0
6	46	22
0.9892505197913852	-0.057435704679735355	0.13331004058980275	-1.2892240756041133
0.08164556953403557	0.9793918334028691	-0.18390706495220138	-0.6752629884472534
-0.1200426701259285	0.19284325074930167	0.9736856735413122	1.09384514792566
0.0	0.0	0.0	1.0
6	51	23
0.936871692399055	-0.16749766924744214	0.3062921794866119	-0.9195493395718151
0.1368774998184593	0.9832196388013696	0.11898808912371509	-0.7681067819498937
-0.3211697352357877	-0.06956126528075819	0.9442453634690061	1.6467595234177899
0.0	0.0	0.0	1.0
6	56	24
-0.060898047883532314	-0.5419978782431072	0.837882304487903	-1.0049207313207473
0.3233707207345048	0.7834406210643501	0.5302712898712595	-0.5702465418645619
-0.9440542140770058	0.3033110622349381	0.12759407305213655	1.2685982694802018
0.0	0.0	0.0	1.0
6	57	25
-0.11801723451509571	-0.5689642638282739	0.8135423368441805	-1.0749151474412555
0.29725821948981	0.7614441399022533	0.5756388115156409	-0.5467313525857685
-0.9472108404004086	0.3098429401888163	0.07929427080258018	1.2067773318333983
0.0	0.0	0.0	1.0
6	58	26
0.11622780300171943	-0.5660499122195672	0.8158147568444183	-1.1527642679903272
0.2956061351890862	0.803885186769488	0.5156479823913181	-0.5034601894302176
-0.9479428916480528	0.1812748674680277	0.2608311466712369	1.0733926368214297
0.0	0.0	0.0	1.0
7	34	27
-0.8980138714460847	-0.2701000914542812	0.34631626511847025	-1.0910568585993279
0.2553140567999479	0.3204143980815596	0.9118448240764551	-1.1426554352010758
-0.3573682700683738	0.907608059920737	-0.21885048590091913	1.5375962314290943
0.0	0.0	0.0	1.0
7	46	28
0.9746119125077959	-0.05682968848481724	0.21580766910756086	-1.6340366841967864
0.10280391128870184	0.9725095149436263	-0.20817906013010104	-0.8161036020665715
-0.19809957324263652	0.22511463995983846	0.9537980215731504	1.3201186047089282
0.0	0.0	0.0	1.0
7	47	29
0.9116091358875225	-0.06620410513054624	0.405262364008274	-1.487398138294363
0.1380135061004418	0.9787488546453764	-0.15056352144155521	-0.908455967561133
-0.3867684580502986	0.19321825216248886	0.9015108068564676	1.472553333921076
0.0	0.0	0.0	1.0
7	51	30
0.9050074577984005	-0.18814207624571244	0.3809813575599157	-1.2187319155728729
0.16259052986207412	0.9815621407299556	0.09848976471082324	-0.9174172078752928
-0.39258947435887304	-0.027191493615708436	0.919081368833984	1.8380427229038925
0.0	0.0	0.0	1.0
7	56	31
-0.1434143263885373	-0.5275121366504356	0.8370603173585066	-1.3380205995913188
0.34806128966739	0.7648587044566549	0.5416318141851393	-0.710807575672927
-0.9261675186850655	0.369114725332704	0.07394167924284067	1.4740057851153594
0.0	0.0	0.0	1.0
7	57	32
-0.20018016250113288	-0.5534994990806629	0.8081185107685672	-1.4132233055326564
0.32101637333546423	0.7422066518642252	0.5878626605727612	-0.6868712381920483
-0.9253974766653298	0.3771907169158285	0.02912502376816828	1.418819675771344
0.0	0.0	0.0	1.0
8	34	33
-0.8581041088686153	-0.4060292728623737	0.31322788049997174	-1.5482762036000663
0.260767730594221	0.18032503304733444	0.9480393020014958	-1.396777126034447
-0.44155393688585337	0.895536035641914	-0.04888862938304183	1.1890260809781215
0.0	0.0	0.0	1.0
9	34	34
-0.8867257883377913	-0.4142929756097468	0.2034282995754489	-1.4205400520565716
0.09496044183160039	0.26747121187634165	0.9584983122762722	-1.0714023063927012
-0.4516585138038031	0.8695807797665632	-0.19790357184437002	1.3859900261525702
0.0	0.0	0.0	1.0
9	46	35
0.9571236355483339	-0.24795173669203166	0.14860118839812828	-1.9864621744777045
0.2715560532570808	0.9474277252009661	-0.16821528103025016	-0.844452281448788
-0.09912180595908403	0.20139207966129608	0.9742881315519321	1.1085521705833812
0.0	0.0	0.0	1.0
9	47	36
0.9088724160162812	-0.25490850466563547	0.3295474345354079	-1.8426212851653903
0.29540586971109145	0.9519650763263573	-0.07836121913207855	-0.9099313699227292
-0.2938188302893566	0.16860223113773962	0.9406696576169155	1.2767450569233643
0.0	0.0	0.0	1.0
9	48	37
0.8062080370267862	-0.33103272555096147	0.4899534758672162	-1.7797669708663437
0.36007751845321784	0.9319814462856357	0.037177116442908054	-0.9306141823054296
-0.46904287337498207	0.14647908966015147	0.8707194035283892	1.439615293460814
0.0	0.0	0.0	1.0
10	34	38
-0.9724423415772161	-0.13498248356829814	0.1881982090805049	-0.5324955160732009
0.13984432979419897	0.30541997342281557	0.9415029298904168	-0.9141281557267313
-0.18462861459123675	0.942245208622657	-0.278218745534324	1.5859807248596751
0.0	0.0	0.0	1.0
10	51	39
0.7911688491091953	-0.30630864070888525	0.5289260014978696	-0.6288049026651757
0.25997443112574226	0.9516578458822706	0.16223535226037797	-0.6992354705443649
-0.5531944572642125	0.009158393198249758	0.8327269386252657	1.905104727374884
0.0	0.0	0.0	1.0
10	55	40
-0.21743059376273194	-0.5124107274342106	0.8304475013633557	-0.682085778596984
0.31304370753644006	0.7692247257719418	0.5565854628071474	-0.5747624884050334
-0.9242290899675403	0.3810824356206687	-0.006838368193421366	1.5777801227337465
0.0	0.0	0.0	1.0
10	56	41
-0.3520416531403071	-0.5384851542188068	0.7652277900593379	-0.836933076512832
0.3089866407227876	0.7048402028334966	0.6381275316549778	-0.5159203891296399
-0.883205508005959	0.4612116612109292	-0.08175795347742636	1.569678721596894
0.0	0.0	0.0	1.0
10	57	42
-0.4040341287928625	-0.5596342645311473	0.7232024103386683	-0.9233217672260241
0.27545015911006354	0.6794543002795356	0.6796563752868519	-0.5022073903455606
-0.8719664676159934	0.4739357147360793	-0.12039050330500368	1.5293985024271148
0.0	0.0	0.0	1.0
11	46	43
0.9500925928467857	0.044335514967605724	0.30817262195969974	-1.0879619260504214
0.036990444139784515	0.9665428025000992	-0.2530929632291452	-0.4588055223179751
-0.30916432147080314	0.25190548174721195	0.9168200689179888	1.1963591405446923
0.0	0.0	0.0	1.0
11	47	44
0.8685589550278	0.031837852283655994	0.49415067839069793	-0.932180190102339
0.08259712128672946	0.974445076007878	-0.2079627456046384	-0.5663910553966054
-0.4882592963165655	0.22148367323901635	0.8438835267193967	1.3283545426386807
0.0	0.0	0.0	1.0
11	49	45
0.6842810841720394	-0.07470133155872573	0.7250747340890074	-0.628335186856146
0.21324909266162165	0.9715321264455857	-0.10116211809391615	-0.6737208285935595
-0.6970377224559816	0.22389036598742532	0.6808666863467969	1.5064405884042023
0.0	0.0	0.0	1.0
11	51	46
0.8632315672297461	-0.11421661879717918	0.4912319072704674	-0.6244982608448956
0.10776175050969339	0.9930816907738106	0.041526442823613466	-0.6064637557436448
-0.49271147639770463	0.0170957050265273	0.8697510605923728	1.6593514712750286
0.0	0.0	0.0	1.0
11	53	47
0.6181846334321132	-0.1819624509311189	0.7643381898669287	-0.5982433648925001
0.21220234442115238	0.9750992966950374	0.06050501918026493	-0.6332911246597618
-0.7565164124650078	0.12482340588795549	0.6415561569893798	1.5605749012156385
0.0	0.0	0.0	1.0
12	46	48
0.9034088764688131	0.022965376511373543	0.4276882719889094	-0.625365353898955
0.0985886997375473	0.9604112413866364	-0.25981882140807155	-0.4844331085800042
-0.4168257376244168	0.2769388181807455	0.8655334140144634	0.9907187969683322
0.0	0.0	0.0	1.0
12	47	49
0.7989111430634991	0.006547308650563939	0.6010595141902576	-0.4495745759225656
0.1443177049419367	0.9684099735078636	-0.2023722868755624	-0.5865869743468686
-0.583532772924815	0.24846821336874647	0.7728729371369973	1.0999292155926181
0.0	0.0	0.0	1.0
12	48	50
0.6586294691825042	-0.07494943918197661	0.7484293857781927	-0.3415458351124484
0.23865588352534708	0.9642381530161963	-0.11346302065047784	-0.6296617174895349
-0.7133232021538964	0.25339817989618163	0.6530920300925237	1.231755823862225
0.0	0.0	0.0	1.0
12	50	51
0.6093368909867599	-0.1709676501492879	0.7739492165804817	-0.06895222404247686
0.24049966031649878	0.9700984270301697	0.024943836073889475	-0.6679627326786038
-0.7552554859100515	0.17097442468696822	0.6323723700406086	1.3416626016758275
0.0	0.0	0.0	1.0
12	51	52
0.791775608730873	-0.16350635539075448	0.5880995590018326	-0.10310892366614627
0.16925311256769085	0.98427224844588	0.045774956490245086	-0.618148645397439
-0.5864927715826804	0.06331151275037056	0.8071742394564194	1.3911265015722563
0.0	0.0	0.0	1.0
12	52	53
0.7523615949368033	-0.13464506597952008	0.6444410629332341	-0.11078336572203279
0.13857742107784407	0.9890891838064129	0.044863156756453214	-0.5972935902852505
-0.6436262638751118	0.05556738462190766	0.7629889199333159	1.3638475925439162
0.0	0.0	0.0	1.0
12	59	54
0.12772253396859243	-0.469862314935732	0.8730917573994591	-0.42016181538705794
0.35707386422075	0.8430568947922081	0.4014562131662794	-0.22723984623932805
-0.9249712041151972	0.26056148048334843	0.27553720161337986	0.7717782615800797
0.0	0.0	0.0	1.0
13	18	55
0.4991997070790454	-0.2532129539750094	0.8282896130778579	0.07170308499384057
0.34767459670842277	0.9342257424037703	0.07604041270553247	-0.07774172203786048
-0.7933003044023716	0.2500952291623942	0.5545431954729584	-0.050254531188860356
0.0	0.0	0.0	1.0
13	36	56
0.058614632458738235	-0.4872250317665742	0.870846329446134	0.3333789423551209
0.5540545862951064	0.74146009252859	0.3775070390805445	-0.819047332535857
-0.829935962528846	0.4605725886156881	0.3134838148955541	0.821681307102497
0.0	0.0	0.0	1.0
13	46	57
0.8518198297029778	0.02157489654659623	0.5229828209487656	-0.22108428099339061
0.13347659915934484	0.9569727431363745	-0.2568803282413419	-0.48493020184882984
-0.5061438844437174	0.2886771325111973	0.8124400525422811	0.9641178214336404
0.0	0.0	0.0	1.0
13	59	58
0.01996755524155921	-0.4663911003444837	0.8839914987162785	-0.04780156221651655
0.37301132601776005	0.8237842850277804	0.4261927433538813	-0.2183496187946113
-0.9272722221756453	0.3213257490529122	0.19048138607747903	0.7293898636965005
0.0	0.0	0.0	1.0
14	16	59
0.6564914618545393	-0.3354189727924829	0.6752168459825741	0.2197039133979832
0.3533657830497186	0.9278023717856554	0.11730229681038733	-0.09900417570228218
-0.6660131953508067	0.16164160131812783	0.7277997728499792	0.038595323538084494
0.0	0.0	0.0	1.0
14	17	60
0.36990652102912025	-0.251702234050628	0.8939769064580579	0.23309781494739645
0.41823927613875334	0.9043553609294168	0.08154978387722236	-0.08533489392756968
-0.8292430185671231	0.3438377144771585	0.43990971916922716	-0.07478090669414458
0.0	0.0	0.0	1.0
14	31	61
-0.3549364478612525	0.6669557497913982	-0.6545928549978995	0.15630939325332338
-0.4444600806702823	0.495498800964544	0.7457920073190405	-0.8157352057785279
0.8220444893995693	0.5558533780044186	0.12061461559597852	0.9604795456223678
0.0	0.0	0.0	1.0
14	36	62
0.22321022182734856	-0.450004826143652	0.8642100058528415	0.28886309387224895
0.5867037747332533	0.7699587021701139	0.24936215469943276	-0.7576628732892654
-0.7779129907594736	0.4515768287272163	0.43599960199477306	0.5335878113454169
0.0	0.0	0.0	1.0
14	45	63
0.9742814144324805	0.15598871707839745	0.16131659691932015	-0.34939016360923747
-0.0852147091656015	0.9220824237321428	-0.37695796383664676	-0.27048134248641964
-0.20761424125430192	0.35358354205654297	0.9118295510604266	0.49317300510625517
0.0	0.0	0.0	1.0
14	46	64
0.9167569858239244	0.09751913027351516	0.3867936417543065	-0.23612561851729352
0.05433918127988988	0.9298889546977817	-0.3632304803899536	-0.36575762108437193
-0.3952012125859913	0.3540815967875508	0.8473462608449595	0.6342982822115726
0.0	0.0	0.0	1.0
14	47	65
0.819857613157185	0.08240921078552352	0.5662038068321499	-0.07174584948823787
0.12189437929566903	0.941492605501958	-0.3135304078206216	-0.4908352404912129
-0.5590540131713749	0.32613308268889935	0.7619984523189769	0.7372452930215603
0.0	0.0	0.0	1.0
14	52	66
0.7742227065729433	-0.05260951626219878	0.6302876156537464	0.2595267025394803
0.12492757818235914	0.9893692064734106	-0.07087743570153185	-0.5512408360131438
-0.6200384936405929	0.13365024718210158	0.772755547806302	1.0039866819605994
0.0	0.0	0.0	1.0
15	41	67
0.734256469638738	0.1359791722994809	-0.6648254926172272	0.19125242622971977
-0.4610003914297948	0.8187588418909865	-0.3416725967874128	0.716444786435016
0.49794575405127867	0.5574564880275948	0.6639802112168671	-0.9448843165026514
0.0	0.0	0.0	1.0
15	45	68
0.9504040223695304	0.20115794894804742	-0.2363153318463238	-0.6402260001292104
-0.2864655933806341	0.8614750262271912	-0.4187792422833822	-0.04639715385524462
0.11933812163350441	0.46579618373356874	0.8765414985889884	0.20279125582645668
0.0	0.0	0.0	1.0
15	46	69
0.9886469888552014	0.1487311587616243	-0.004269160170517962	-0.6027555589722793
-0.13456437733746804	0.8815102098613697	-0.4521032389408934	-0.16604873327453662
-0.06351751691914603	0.4476347800845362	0.8916922783244138	0.36435139248995163
0.0	0.0	0.0	1.0
15	47	70
0.9686257771501696	0.14663600421185502	0.19951186330142298	-0.5110017408901126
-0.04506783051398653	0.8965533655118627	-0.440127002483464	-0.3249925655783113
-0.24348958863682427	0.41741269984385215	0.8752135991663106	0.5042816376387194
0.0	0.0	0.0	1.0
15	48	71
0.914480438370404	0.0708335081422868	0.3977806661369776	-0.4741081210461182
0.0978493162135262	0.9161615438691264	-0.38808705135171534	-0.40982638265623733
-0.39203330317644036	0.3939055441000207	0.8310598584722529	0.6537628393686419
0.0	0.0	0.0	1.0
15	49	72
0.875029900300671	0.0447787748059909	0.48147443321971894	-0.29183526166307316
0.154151119692445	0.9176991075818258	-0.36549733245171384	-0.5244315532535517
-0.45834544996882853	0.394129573493841	0.796290762730105	0.7227722126635282
0.0	0.0	0.0	1.0
15	51	73
0.9693702224175021	0.06763627947916544	0.23498863061434672	-0.31762438554150957
-0.018976485522658557	0.978649088939443	-0.20340069520614182	-0.48369287750509427
-0.24381806022009217	0.19275924445876622	0.9501827008281061	0.8827518941136626
0.0	0.0	0.0	1.0
15	56	74
0.10335306130570682	-0.37584054508290327	0.9205673483551935	-0.31979726474944764
0.5574047597348173	0.7883478130491344	0.2592651062072103	-0.18158819050999198
-0.823413500966748	0.48647519266839145	0.29105991397494063	0.5694661514215112
0.0	0.0	0.0	1.0
16	34	75
-0.3960984202746879	-0.6046886980586237	0.6904003815859104	-0.6094229164370799
0.6381966424656538	0.35895384051508156	0.6804930250870811	-0.5390598893431081
-0.659551032486066	0.7104643781292687	0.24378523744103087	0.4459552478942383
0.0	0.0	0.0	1.0
17	48	76
0.921288000335668	0.12175098258432973	-0.368678946559476	-1.051921342492595
-0.193529422286636	0.9669973864905269	-0.16425419879375752	-0.04828778904189342
0.3365659295667521	0.22272642214116806	0.9146459987881967	0.19411129510014924
0.0	0.0	0.0	1.0
17	49	77
0.9540101477965399	0.10377930827131186	-0.2803473439934186	-1.005765941959045
-0.1554908250693353	0.9730317574157825	-0.1689144741194209	-0.16458869609126822
0.2552909585184888	0.2047866385347294	0.9446344964186033	0.3824238371330387
0.0	0.0	0.0	1.0
18	47	78
0.9500460882508615	0.12849408442802687	-0.28358139678042565	-1.1026915444092413
-0.1836499346051677	0.9666303888311136	-0.1772481596648676	-0.16964808684821253
0.2513739253553931	0.22052368272780065	0.9421474546558372	0.4877673290932406
0.0	0.0	0.0	1.0
18	48	79
0.9937262476239727	0.075452465975944	-0.079451860702806	-1.150543676185901
-0.08708052305816259	0.9838539653794788	-0.15476528278806004	-0.20933463764784266
0.0664778120693989	0.16075231920007702	0.9844759188685257	0.6521950089038329
0.0	0.0	0.0	1.0
18	49	80
0.9982564193243552	0.052656768301164725	0.013711454603131161	-1.0416283113880909
-0.050026244354156695	0.9872493326871418	-0.1494110010488294	-0.31139858609221516
-0.021440037614913508	0.14850273265787053	0.9883960673087144	0.822010753638151
0.0	0.0	0.0	1.0
19	22	81
0.9056167904679989	-0.07703810112815343	0.4162623189043874	0.8749706128210465
0.022134446079915753	0.9902893157188438	0.1350944716136382	-0.3026892833577995
-0.42275633358827786	-0.11316957849408955	0.8987452227305736	-0.20904104981941726
0.0	0.0	0.0	1.0
19	23	82
0.9506157201034671	-0.05037253714742289	0.3051821106835976	1.3799851274267532
0.018014776961162902	0.9937023667438607	0.10787950732979275	-0.39314999669287487
-0.30878882805823016	-0.09708889890243962	0.9457712829225239	-0.06244656752364994
0.0	0.0	0.0	1.0
19	34	83
-0.6505566968637998	-0.43512085280474166	0.6217609379913855	-0.9591828059046783
0.4518721170063195	0.4359080937211929	0.7777965787929765	-0.7091864436954717
-0.6097027975305002	0.7873159725555906	-0.0870165533627096	1.2683293236041504
0.0	0.0	0.0	1.0
19	47	84
0.9882082089961249	0.13762153784532183	0.0632439997078938	-1.2421965726260902
-0.12338781417936355	0.9736125733462204	-0.1906874308448889	-0.3865701813121837
-0.08786729004746395	0.18067745282183956	0.979333519709069	1.0895783095683402
0.0	0.0	0.0	1.0
19	48	85
0.9608657192065061	0.06654907854536246	0.26792069313655503	-1.2290967202640692
-0.02504277750987002	0.9872738687369457	-0.15542349693755558	-0.4284836163132533
-0.2749501873102409	0.14266762151465706	0.9505271920003963	1.259790882226952
0.0	0.0	0.0	1.0
19	51	86
0.9903190826546228	0.09228914160647471	0.1008777845611378	-1.1071545575700728
-0.0983662636857029	0.9932404605773988	0.05692886094600967	-0.4401655391489119
-0.09499844670041678	-0.06631608971880286	0.9929585167596532	1.5193444330586765
0.0	0.0	0.0	1.0
19	56	87
0.23609109260947297	-0.39421818359733035	0.8877945112634031	-1.0538336440959757
0.3130923032786961	0.8957859531562044	0.31449579935709354	-0.2337485584907697
-0.9195476946343933	0.20378069073430566	0.33501918835023714	1.1399273628189484
0.0	0.0	0.0	1.0
19	57	88
0.1766913399540208	-0.42640559141689555	0.8867171079998416	-1.1001003866045818
0.3014809715229775	0.8810535757818108	0.36359893877356314	-0.195056813384336
-0.9365925182667857	0.20315390474569553	0.2843206601047185	1.0648634293929664
0.0	0.0	0.0	1.0
20	34	89
-0.6740263770180922	-0.5230427262265054	0.5208906768728286	-1.3562813960591364
0.43110694324360455	0.2937145360008245	0.8527134017023648	-0.908648348851928
-0.5992155495397973	0.7996246167084313	0.027512911090699727	1.7023857865159149
0.0	0.0	0.0	1.0
20	55	90
0.36950138709181374	-0.4363077294529431	0.8200638971182798	-1.3951325397677654
0.40050347306571277	0.871173972586077	0.2830328019747578	-0.5400627130611765
-0.8381280311437568	0.2239100798361702	0.4967861481375915	1.6867888496867827
0.0	0.0	0.0	1.0
20	56	91
0.23645834071209337	-0.5142045622131507	0.8240562100231577	-1.5047472845867913
0.43518110021018747	0.8143518469954495	0.38326467227628647	-0.43739596521014856
-0.8683808786662978	0.2680521872553129	0.4164593945031418	1.6164446510427137
0.0	0.0	0.0	1.0
20	57	92
0.1798728233751145	-0.5441884176915115	0.8190692941234736	-1.5520551057400982
0.4182764048854039	0.7959500244500114	0.4369615594785012	-0.39690981976048306
-0.8899742919233107	0.2640652866891741	0.3709099883100663	1.542988856790334
0.0	0.0	0.0	1.0
20	58	93
0.4036472698638526	-0.5014565926503531	0.7648266882326339	-1.5850579927637334
0.3823486279962688	0.8520009145912385	0.3568171708240963	-0.3276328610568205
-0.8307991478576641	0.14843975968243958	0.5358018592220575	1.4021605180626768
0.0	0.0	0.0	1.0
21	34	94
-0.4551375108850508	-0.6741143828939644	0.5810609597750365	-1.7961908771762627
0.5264149216886157	0.3223583453949741	0.7862633238943091	-0.7722025684799072
-0.7175962478965119	0.6639971217818306	0.20819773569566613	1.1309604540707079
0.0	0.0	0.0	1.0
21	49	95
0.9963344566447058	-0.050472344178876666	0.06543827294148045	-1.9383110288604397
0.06617841594472873	0.9614683075565692	-0.2659761759671754	-0.6035811205396324
-0.04950941703222103	0.2693864432188186	0.9614762858478768	1.2288831437464727
0.0	0.0	0.0	1.0
21	56	96
0.4893091135329573	-0.4796645528077107	0.7279231262004157	-1.8698306445343196
0.4364393633351988	0.8574261156089025	0.2716154813008269	-0.284316042017424
-0.7546313999923594	0.1848352706371023	0.6290703561513709	1.0412478808106769
0.0	0.0	0.0	1.0
21	57	97
0.43852458014499185	-0.509399503947107	0.739975590960236	-1.8928729711108354
0.4268812061110389	0.8427159782394276	0.3271381586811971	-0.23608149279719853
-0.7904568136082549	0.17246683949902064	0.5871789923770766	0.9611528115242264
0.0	0.0	0.0	1.0
22	53	98
0.9995083609186531	0.006818363083626037	0.019019304004268517	-2.4455204943786195
-0.004230442347826685	0.9908549951271549	-0.1328540701382377	-0.2163935907250677
-0.0197630251634236	0.132742704377047	0.9906318133843881	0.6580342322937889
0.0	0.0	0.0	1.0
24	48	99
0.8685843990631071	-0.11553809696877318	0.481345386490256	-2.7076669858537588
0.22602653339280304	0.9574724953594453	-0.17803398794591171	-0.5974635348271727
-0.44040314792422824	0.26348870617038955	0.8579461902265256	1.3788508502266352
0.0	0.0	0.0	1.0
24	49	100
0.817371439975343	-0.14133745542108525	0.558021546428944	-2.504614275632299
0.2632072537885738	0.9536837826277698	-0.14398191046048014	-0.6616455200862194
-0.5119436190915202	0.2646184065890759	0.8169023462684959	1.4548032386822598
0.0	0.0	0.0	1.0
25	46	101
0.7614216915708835	0.008028611175382453	0.6478159796637322	-2.2996581268404497
0.24790632508846067	0.9200153525656086	-0.3027780024872578	-0.8188227824130445
-0.5985547089127745	0.3912178394570666	0.6986787379822474	2.135508210831163
0.0	0.0	0.0	1.0
25	47	102
0.6156578517765557	-0.015502394388114954	0.787529751571784	-2.094356490430069
0.2994070685183562	0.9291625183843567	-0.21577219963055805	-0.9114130975924302
-0.7285532005114739	0.3687091629083909	0.5768227409549004	2.1858969056531445
0.0	0.0	0.0	1.0
26	30	103
0.6589238485782659	0.333897581580773	-0.6734448131772949	-0.5459250010144786
-0.3095501757174731	0.9367040196440363	0.1615096550366287	-1.0931943704269276
0.6849974375220963	0.10208071658633318	0.720779130346779	2.1350685851248854
0.0	0.0	0.0	1.0
26	34	104
-0.883135526102398	0.4481359725246887	-0.1357192500818021	-1.013839114176665
-0.02079186634129871	0.2519022004217557	0.9670957384156224	-1.1272771299568847
0.4677308056258929	0.8572645974934554	-0.2132130887382547	2.106973345276589
0.0	0.0	0.0	1.0
26	46	105
0.4393459979094372	-0.06625432199192792	0.8955792037379782	-1.5843032007853783
0.3721650360264234	0.920836867062091	-0.11445433942177781	-0.9749517303223688
-0.817271155960295	0.38366734598364244	0.4293330679072194	2.423264399487726
0.0	0.0	0.0	1.0
26	47	106
0.250716013329685	-0.09740454136364093	0.9628712039463664	-1.3588716974621355
0.3832809530292403	0.9233557522029613	-0.006397915647923187	-1.0177888373314792
-0.8886433577602622	0.37073159914935877	0.2689160465634365	2.3986682588271004
0.0	0.0	0.0	1.0
26	51	107
0.23714917674027547	-0.3401156142777614	0.9096585716091129	-0.9139464605686485
0.40479487032838557	0.8858212157474192	0.22566380861687088	-0.940668924075224
-0.8827711743294467	0.31478295956444363	0.3478600836867917	2.442338661259338
0.0	0.0	0.0	1.0
28	45	108
-0.04091888531632092	-0.016078155078157397	0.9987655904443489	-0.6579347496675185
0.42085293593590495	0.9063060178798708	0.0318240643959176	-0.7125265128507035
-0.9058958020106643	0.4217271032602123	-0.030295784677554175	1.9390157364008278
0.0	0.0	0.0	1.0
29	45	109
0.0336716973464565	-0.03410126156772782	0.9985736024606376	-0.8420161650771394
0.38987323930476864	0.9204177406598496	0.0182777324072596	-0.3988696180579223
-0.9199362404781642	0.38878732489595214	0.04432631345212655	1.4426823663366006
0.0	0.0	0.0	1.0
30	33	110
0.16296561237438947	0.868196266325435	-0.467774410662641	-0.2841713382465738
-0.39434178454414504	0.49196282467910035	0.7756237368522072	-0.28551881138769364
0.9038882820538106	0.058094331542181424	0.4226875735038536	0.5166078048333107
0.0	0.0	0.0	1.0
31	43	111
-0.0406564864690735	-0.09285587641377818	0.9945673266392122	-1.091224826529231
0.6288143915636933	0.7710668197697585	0.09768068039180447	-0.40177888100735043
-0.7761313983099433	0.6295089294897603	0.027072754494004547	0.7868139226749332
0.0	0.0	0.0	1.0
33	37	112
-0.522979257597518	0.5943963366839966	-0.6100778361166536	0.07641746456279255
-0.6594364351929798	0.17059604270007356	0.7314617479672553	-0.5378122547040664
0.5390946847845398	0.7852499641808516	0.3028616075207582	0.21017014485133562
0.0	0.0	0.0	1.0
33	38	113
-0.770549916783662	0.488053317153169	-0.40872324457191955	0.15930229417320863
-0.5006071089369256	-0.068155333767881	0.8623904943545171	-0.9901777461065316
0.393206654036513	0.8695778109347859	0.29695283739681166	0.5169060433044083
0.0	0.0	0.0	1.0
33	39	114
-0.8035836497500871	0.3607887198806335	-0.472290842198239	0.007330961992942614
-0.5175738124355196	-0.03440827734360621	0.8543345717534414	-1.2856117359363428
0.292107962535691	0.9314666275902764	0.21446315594790305	0.7369472345556248
0.0	0.0	0.0	1.0
33	56	115
0.15455777694937844	0.5341621074421296	-0.8306564187958176	0.004713725513015044
-0.8439975264877013	0.5080768582353564	0.16970529770640305	0.024094402368836542
0.5128650057873627	0.6750850301925712	0.5295162848983145	0.42527706221126554
0.0	0.0	0.0	1.0
33	57	116
0.21096703569204173	0.559801338758155	-0.8008154156886667	0.08060321047674765
-0.8480145525563922	0.5119052572371185	0.13446431126030578	-0.025269687222842396
0.4853882881563779	0.6509764081270208	0.5828976964996515	0.45807043924991936
0.0	0.0	0.0	1.0
33	58	117
-0.02218071504252902	0.5696490753564495	-0.821080198646904	0.1712991844418525
-0.868250340732285	0.39570261726150996	0.29800476186257197	-0.13937152627748148
0.49484208477840874	0.7197845900821207	0.485975801405439	0.5249477875537426
0.0	0.0	0.0	1.0
34	37	118
-0.11094394520050316	0.7261821285365946	-0.6777436599469795	0.521961628753428
-0.6920502968114528	0.43273917752241314	0.5768923176273555	-0.3994598104736693
0.7125508243294398	0.5333147307864662	0.4547273982122594	0.12178654031114175
0.0	0.0	0.0	1.0
34	38	119
-0.42680704653138873	0.7271933216559858	-0.5366687285081081	0.8258461420836789
-0.6275322415831979	0.1886822912163406	0.7546943368312253	-0.7650193739514088
0.6503722914699027	0.6592372889383944	0.37595965857908376	0.40393215432445084
0.0	0.0	0.0	1.0
34	39	120
-0.48247620605001773	0.6209547107809602	-0.6169219685865557	0.8440090478335175
-0.6668519593229049	0.1955750148408976	0.7183366463750882	-1.056088460385753
0.5669757603454088	0.7583854233297473	0.3198543387127163	0.6754855816854872
0.0	0.0	0.0	1.0
34	58	121
0.3907146259574918	0.6165031274623832	-0.682953601961258	0.58473990887983
-0.7634093748142726	0.6314039178621229	0.13325653907721272	0.05024202377636455
0.5135668912644902	0.4694962779144146	0.7175855348889865	0.36809733994100124
0.0	0.0	0.0	1.0
34	59	122
0.095530209429469	0.6554887505606872	-0.7485582652435703	0.554660370202074
-0.7939304193315978	0.5035281892473339	0.33962584413654606	-0.09335723057597378
0.5997712727266699	0.5620886009356778	0.5687068608557093	0.5117361973024166
0.0	0.0	0.0	1.0
39	47	123
0.9790778559868286	0.015152672297017025	-0.20113158616723598	-0.9230128422024875
-0.10977770146956571	0.876305873771589	-0.46835019708278797	-0.4647108846219837
0.16921585381233734	0.48077994813039027	0.8598976327610162	0.9101627329477905
0.0	0.0	0.0	1.0
39	56	124
0.46265314494940407	-0.49522301521080053	0.734713876237208	-0.7671471705709874
0.562797950432613	0.8044619948501381	0.18782053489623962	-0.3364802714554444
-0.6843378564171206	0.32671722991198565	0.6511720660387678	1.0537572576966523
0.0	0.0	0.0	1.0
39	57	125
0.4113510511957292	-0.5248648055288846	0.744571999665164	-0.793015132780232
0.5576899270068664	0.7911165748569222	0.2495531052190954	-0.27682768035961147
-0.7203215929460222	0.31270100305936777	0.6184064171130439	0.9827440952604863
0.0	0.0	0.0	1.0
43	47	126
0.6178702391121155	-0.08452729891870452	0.7815301590791716	0.4736505819741523
-0.019790947606110554	0.9920729936360706	0.12294250033788501	-0.12321988635959918
-0.7858595418989442	-0.09143877770020246	0.6113807596102346	0.8565394411029741
0.0	0.0	0.0	1.0
44	47	127
0.816646020431666	-0.07644756910823768	0.5717869239267647	0.34589675592989444
0.02813294581170245	0.9951333999195896	0.09286302596777507	-0.10678533552278044
-0.576215597104296	-0.05975393074887905	0.8149317662077115	0.5919249444017539
0.0	0.0	0.0	1.0
44	48	128
0.677095923885288	-0.15758489330310138	0.7185995108434503	0.449526067433206
0.06649596999082676	0.985750411769461	0.15350978306347213	-0.0986018996155894
-0.7326866742583142	-0.05615866731784704	0.6780237549872317	0.733704679469445
0.0	0.0	0.0	1.0
45	48	129
0.7945374960340986	-0.1481510457257606	0.5885818504928422	0.31590197094928785
0.08566737162723134	0.9872628588066874	0.13285327353399567	-0.06961622537563236
-0.600891341557849	-0.055135631076617724	0.7972289402580068	0.5083917143849759
0.0	0.0	0.0	1.0
45	49	130
0.7329831430990681	-0.17333459688068922	0.6575240505714581	0.5302630066093859
0.09534706367054999	0.9834493281700154	0.15295985503421458	-0.09954064067175702
-0.6732943031483064	-0.04942455678096264	0.7374968856754315	0.5738228252099358
0.0	0.0	0.0	1.0
45	50	131
0.7556475349499245	-0.2237877541932621	0.6152596123699018	0.5583652453040904
0.07182475737229281	0.9622663333965056	0.26178159471644463	-0.053643151540701095
-0.650769844913081	-0.1536417217645076	0.7433339514521362	0.678152303298633
0.0	0.0	0.0	1.0
45	51	132
0.8978903092331276	-0.19310984581343835	0.39512004024666997	0.5131718011632685
0.06510255756457883	0.9467423119532796	0.3147474690718275	0.004917220261860367
-0.4349706596888065	-0.25692402974237	0.8627938629771209	0.703126406743374
0.0	0.0	0.0	1.0
45	52	133
0.8726305361971638	-0.16335280940579194	0.45981116065587	0.5112699590344625
0.016729487574830247	0.9515824114243913	0.3062956942978506	0.01673443304630204
-0.4877091824251098	-0.2596329199214829	0.8332682522614044	0.6700381329531571
0.0	0.0	0.0	1.0
46	53	134
0.8292570205907845	-0.17543944095589756	0.5302053742303686	0.34629978390465066
0.041944584071863404	0.9660610239275403	0.25404716648251824	-0.0551923669187431
-0.5569283936642037	-0.18846190266300805	0.8086346265531493	0.5291328410045968
0.0	0.0	0.0	1.0
47	54	135
0.6914513625492398	-0.26838879425975504	0.6703691651195254	0.31024645945424106
0.11576189597561014	0.9573461725594242	0.2638715369185381	-0.0025113343629290658
-0.7127825916101375	-0.10486446706820136	0.6931786260804871	0.3082416230990349
0.0	0.0	0.0	1.0
48	58	136
0.6192117555367174	-0.4142953508585174	0.6666308297250954	0.17906431793606672
0.14060125960933745	0.893935589498374	0.4249540086519928	0.24620110047505475
-0.772208239132723	-0.16943638334732103	0.6119394368766577	-0.3434437705909259
0.0	0.0	0.0	1.0
48	59	137
0.8293533200481317	-0.29420250351541316	0.4744141102837495	0.3724694372479759
0.1003598468350431	0.9143605147825052	0.39158000412262234	0.2774241565739881
-0.5491673481390884	-0.2772042803818422	0.7880553490903643	-0.4050140824010789
0.0	0.0	0.0	1.0
49	55	138
0.6642259900517339	-0.3346938281978779	0.6680382528893636	0.16380201392862226
0.15310318811938	0.9358451486462861	0.31662750525186795	0.16045628644102966
-0.7313608864607843	-0.10804779294885314	0.6730166384934496	-0.1396950471605768
0.0	0.0	0.0	1.0
49	58	139
0.6911495293956402	-0.3764232073476447	0.6164918991450623	0.1054359701154443
0.1341550554884664	0.9053000451071648	0.40235960998766535	0.31538943840941447
-0.7097869079037169	-0.19542220403408384	0.6763713308370426	-0.5068639393013887
0.0	0.0	0.0	1.0
49	59	140
0.8787418701735514	-0.24642671092605328	0.40807211024926077	0.304371805203457
0.0865271121131151	0.9240244020380904	0.3716686276581858	0.34266713043892727
-0.46882013916126225	-0.2913559040096077	0.8335211332833978	-0.5498867931975677
0.0	0.0	0.0	1.0
50	59	141
0.8625113956946973	-0.28041034731817865	0.4205493655528808	0.32248352591090285
0.16644684836918097	0.9429460979016883	0.28736183358647294	0.3902396484434524
-0.47730437430096834	-0.17788642197147414	0.8602089441925241	-0.6213700567915906
0.0	0.0	0.0	1.0
51	54	142
0.7021859854471318	-0.2446910113393702	0.6682256112784526	0.2082704584433736
0.2716495288673033	0.9598550638158394	0.0660203487676249	-0.017700670630310406
-0.6577524876991799	0.13521041959513372	0.7406504556909255	-0.1378823598032337
0.0	0.0	0.0	1.0
51	59	143
0.7042288891313265	-0.38224575019989226	0.5977802247730132	0.17841948590284948
0.2720738479901405	0.9233316203711669	0.26989526706951633	0.39747837655952123
-0.6553356562840823	-0.027418276722855107	0.7544483391547466	-0.6686675223170663
0.0	0.0	0.0	1.0
52	55	144
0.46876302236073525	-0.45166872544746384	0.7587429182313735	0.1723871531936968
0.3586955994994328	0.8823714764803074	0.3036449333138295	0.11335657341337485
-0.8068826601072716	0.1298701385098555	0.5757881947659502	-0.24471634243574342
0.0	0.0	0.0	1.0
52	58	145
0.5016504575884851	-0.5076976471877376	0.6999816456055767	0.019039893102276856
0.3407949566959822	0.8598355078036322	0.3793992460815356	0.3125829522279676
-0.7947479467139301	0.04825584489328317	0.6045315472677978	-0.5593703581513233
0.0	0.0	0.0	1.0
52	59	146
0.7410988326658958	-0.40448013764646756	0.5352944868587406	0.19964280611978993
0.28464615001898924	0.9118111781933778	0.2948999374148651	0.3748568873005657
-0.6075828987274351	-0.06618198554432662	0.7911074271903425	-0.6346880162445633
0.0	0.0	0.0	1.0
53	57	147
0.5754698360998214	-0.4588002034690279	0.6765496255069394	0.12482482842653231
0.29479122481092707	0.888196523962337	0.351571991928545	0.2863016599410157
-0.7624623067993583	-0.002862731360938741	0.646567126195299	-0.3594100744348019
0.0	0.0	0.0	1.0
