33	34	1
0.73756796	-0.40777037	0.53825331	1.76993871
0.34565133	0.91273159	0.21782228	-0.54593611
-0.58010197	0.02538924	0.81414795	1.37145543
0.0	0.0	0.0	1.0
34	35	2
0.99941438	-0.02282425	0.0254952	-0.04796307
0.02141456	0.99829715	0.05425979	-0.53044993
-0.02669023	-0.05368204	0.99820131	0.87896299
0.0	0.0	0.0	1.0
54	55	3
0.98374897	0.11253949	-0.13990462	-0.7913177
-0.10188098	0.99147952	0.08116494	-0.01103743
0.14784689	-0.06559227	0.9868328	0.12446278
0.0	0.0	0.0	1.0
102	103	4
0.96605194	-0.01155205	-0.2580896	0.06005914
-0.11642577	0.87233853	-0.47483754	0.44605923
0.23062687	0.48876598	0.84137923	-2.02685404
0.0	0.0	0.0	1.0
103	104	5
0.99930465	-0.03368382	-0.01598611	0.0589411
0.03168628	0.99320191	-0.11200841	-0.10309443
0.01965031	0.11142398	0.99357867	-0.35010478
0.0	0.0	0.0	1.0
112	113	6
0.29145822	-0.61665028	0.73129636	3.01140571
0.74497402	0.62587762	0.23084846	-0.6185751
-0.60005474	0.47751412	0.64180559	0.00560078
0.0	0.0	0.0	1.0
143	144	7
0.58421212	0.55774379	-0.58959174	-0.928087
-0.53276563	0.81156892	0.23982586	1.1448437
0.61225569	0.17400505	0.7712751	-1.26685023
0.0	0.0	0.0	1.0
145	146	8
0.83563137	0.35111395	-0.42242047	0.04988109
-0.26772425	0.93184304	0.24493217	0.53883928
0.47962877	-0.09158082	0.87267923	-0.560875
0.0	0.0	0.0	1.0
146	147	9
0.99925816	0.0337413	-0.01856341	0.64931881
-0.03366241	0.99942309	0.00454577	-0.25931147
0.01870606	-0.0039175	0.99981737	0.20143305
0.0	0.0	0.0	1.0
180	181	10
0.95709115	0.17794178	-0.22872131	-0.81666976
-0.1410054	0.9754979	0.16888174	0.22191149
0.25316828	-0.12938428	0.95873111	-0.02240539
0.0	0.0	0.0	1.0
98	103	11
0.85568219	-0.00282307	0.51749295	0.43715632
0.21178906	0.91431749	-0.34520841	-0.62559164
-0.47217891	0.40498823	0.7829628	0.23745008
0.0	0.0	0.0	1.0
100	103	12
0.56411636	-0.04936951	0.82421821	0.69103456
0.07334203	0.99726105	0.00953742	-0.28214794
-0.82243168	0.05506959	0.56619197	1.34938967
0.0	0.0	0.0	1.0
131	140	13
0.93843359	-0.24995577	0.23846345	2.0156517
0.24329756	0.96824861	0.05745439	-0.60575402
-0.245253	0.00410045	0.96945035	0.53869051
0.0	0.0	0.0	1.0
131	143	14
0.56446731	0.55260706	-0.61318958	2.11380458
-0.49466351	0.82114476	0.28465706	1.1708703
0.6608206	0.14264296	0.73686439	-1.5324223
0.0	0.0	0.0	1.0
132	143	15
0.98043787	0.17175242	-0.09613761	0.68478614
-0.17579238	0.98379761	-0.03519861	1.12322521
0.0885345	0.05141034	0.99474549	-1.2886796
0.0	0.0	0.0	1.0
143	188	16
0.96609235	0.07016487	-0.24848054	-1.19301689
-0.11028086	0.98230225	-0.15139356	-0.47345713
0.23346046	0.17366289	0.95673287	-0.16299511
0.0	0.0	0.0	1.0
143	189	17
0.9998343	0.01080649	-0.01465776	-0.42543817
-0.01285512	0.98893744	-0.14777577	-0.76922214
0.01289867	0.14793968	0.98891252	0.64890623
0.0	0.0	0.0	1.0
169	186	18
0.82235372	-0.22991285	0.52045649	-1.00505733
0.2346388	0.9703564	0.05791284	0.29358247
-0.51834238	0.07449444	0.85192192	-0.57795614
0.0	0.0	0.0	1.0
