0	5	1
0.9940535226685588	-0.09001331403911782	-0.06128031016266159	0.07353121509587932
0.107335853810307	0.9047841303695918	0.4121219562504761	0.10927457914366631
0.018349085195372896	-0.41624884632196557	0.9090655539292134	-0.05032220812824795
0.0	0.0	0.0	1.0
1	5	2
0.9929402758284117	-0.07513216199718956	-0.09178740431814071	0.07299515481902724
0.1077856608240944	0.8945500767697102	0.4337770030600004	0.11873071689268261
0.04951784481572352	-0.4406080486491367	0.8963328656883018	-0.04681153180119413
0.0	0.0	0.0	1.0
2	5	3
0.9936958748065428	-0.06351583932085898	-0.09238303122606209	0.07340065175303093
0.09845717900144346	0.8885205140462454	0.4481489622049947	0.12865863469585076
0.053619684162803265	-0.4544195447990861	0.8891725765638118	-0.041043044996601
0.0	0.0	0.0	1.0
3	5	4
0.995869934477767	-0.07479382422598842	-0.0514697840938884	0.0660573435803834
0.0899752684361417	0.8888887885110377	0.44920059461205314	0.1402473591565116
0.01215351481170163	-0.45197636855056045	0.891947160763846	-0.02639915487521765
0.0	0.0	0.0	1.0
4	5	5
0.9988322824814696	-0.04682441735562614	-0.011902625072059686	0.03459360970872049
0.04805913478361614	0.9376997924620404	0.34410676628168174	0.15006082387063918
-0.00495146388316592	-0.34427698315075883	0.9388550852508968	-0.0039976863180470334
0.0	0.0	0.0	1.0
4	6	6
0.9885446831690368	0.027844356557725783	-0.14833738776739946	0.06928902990876505
0.06915538395465293	0.79002735366561	0.609158527890356	0.30695298662434933
0.13415220371190206	-0.6124389137650935	0.7790518246121819	-0.08404605647315944
0.0	0.0	0.0	1.0
5	6	7
0.9878520325883354	0.022574349724082274	-0.1537482665311646	0.031113497517153182
0.024831461379930402	0.9537475685752661	0.2995809472753054	0.16417145163963384
0.15339982002790234	-0.29975955476551797	0.9416010948827634	-0.04060631597493301
0.0	0.0	0.0	1.0
5	7	8
0.9133425832282174	0.14062947372677442	-0.3821367645712035	0.042645045820216186
0.05000689041673417	0.8926263285500784	0.4480149731431028	0.2878061134447661
0.40410940049603344	-0.4283007485900387	0.8082413065339314	-0.07640733853209057
0.0	0.0	0.0	1.0
5	8	9
0.8584364286894801	0.22989653485651682	-0.45851332960309293	0.05028523570744518
0.02441066413211242	0.874603281333085	0.4842241622317375	0.32306190343688357
0.5123387171055008	-0.4268683678749948	0.7451794130536786	-0.09662028706375503
0.0	0.0	0.0	1.0
5	9	10
0.9734283316318155	0.17760712042170235	-0.14454310096212405	0.11116569337806016
-0.07953072761636763	0.854141292239938	0.513923483689316	0.31950855657182115
0.2147367374972085	-0.48877217341447404	0.8455706913311405	-0.12417410468503194
0.0	0.0	0.0	1.0
5	10	11
0.9888065112822579	0.09991944863968069	0.11080435098478118	0.10148793309221098
-0.14691853809275957	0.7815087116314479	0.6063488086103689	0.3289427670774419
-0.026008595971051592	-0.6158410791084042	0.7874410116800888	-0.19543102493425674
0.0	0.0	0.0	1.0
5	11	12
0.9537482951478028	0.18875722870904654	-0.2339546604919041	0.06199148579946345
0.001594308385448781	0.7750890447844176	0.6318499792027699	0.31725780958583094
0.3006018533661399	-0.6029989613206391	0.7389389725820165	-0.2676887836273628
0.0	0.0	0.0	1.0
5	12	13
0.7859976900457113	0.25949466056575815	-0.5611327012440407	0.15517019754355932
0.14943196081979754	0.8009887853876485	0.5797300024826966	0.263905044675907
0.5998980049661449	-0.5395177710264119	0.59079864515053	-0.3615887875991702
0.0	0.0	0.0	1.0
6	17	14
0.2086045320790626	0.07668073950172237	-0.9749893116043017	0.9651772290318138
0.0901839755531128	0.991165804479352	0.09724832684874325	0.0005441980138713585
0.9738331403270887	-0.10821487175351892	0.19984631298750485	-0.19983495272919094
0.0	0.0	0.0	1.0
6	18	15
0.06580589702986973	0.005651969884577567	-0.9978164117974435	1.0696418176695985
-0.08170108982967192	0.9966569167976604	0.00025721547853384654	-0.058599264819509146
0.9944821674918998	0.08150579447910408	0.06604769192832943	-0.029675290198365487
0.0	0.0	0.0	1.0
7	17	16
0.4596959559764539	-0.0820909012727413	-0.8842740601297051	0.9603044842413915
0.10343668352740527	0.9938908003764494	-0.03849482656509061	-0.1312778283233185
0.8820320009931742	-0.073770477276869	0.4653788003350314	-0.1762407260806542
0.0	0.0	0.0	1.0
8	17	17
0.5603396895856829	-0.12382787604698668	-0.8189542315780037	0.9565467239832595
0.1497267540327764	0.9876151471335154	-0.046884699650746355	-0.16899752821815928
0.8146171881313993	-0.09634804389616297	0.5719402854757275	-0.14999219017483073
0.0	0.0	0.0	1.0
10	17	18
-0.007994262499434742	-0.28151836356873605	-0.9595225106371171	0.9297413423266214
0.2604369493982865	0.9258515084008683	-0.27380922670075464	-0.2223718264492267
0.9654577090604185	-0.25208407282726353	0.06591630066899228	-0.19759537746291977
0.0	0.0	0.0	1.0
11	17	19
0.34248113195651686	-0.29886283856551027	-0.8907230354109975	0.8589961445137236
0.2083394589032374	0.9486119815844795	-0.2381801315837556	-0.21550562519548722
0.9161338517494508	-0.10400056573245814	0.38714668771485533	-0.11557906887444025
0.0	0.0	0.0	1.0
12	17	20
0.6622067870915381	-0.23231872833486558	-0.7123975032833869	0.7248074239704789
0.12914193699222512	0.9718819595057788	-0.19689529768686517	-0.18559630545252614
0.7381088158107917	0.03838497157141351	0.6735887316979092	-0.07651673102961595
0.0	0.0	0.0	1.0
13	17	21
0.8585407606596996	-0.20129638222143384	-0.4715797713090003	0.5510207907640537
0.12995235528819646	0.9751102808790981	-0.1796446359029393	-0.21744672178184477
0.49600413753819056	0.09294933683216354	0.8633308690083125	-0.1182803894092497
0.0	0.0	0.0	1.0
14	24	22
0.39694399016081033	-0.4381928313087452	-0.8064875657085875	0.2539484118482424
0.2535082794156861	0.8968387564281605	-0.3625098076783433	-0.27276583629198353
0.8821388090633985	-0.060555270506261805	0.46708033107894414	0.1463503444119917
0.0	0.0	0.0	1.0
15	18	23
0.9065841235665582	-0.24273344826996104	-0.34523261060104954	0.3360176614333185
0.13510468393648406	0.9419156917703303	-0.30747585375399505	-0.291172490159786
0.39981480587388685	0.2321102628537042	0.8867203552964874	-0.07244283138967288
0.0	0.0	0.0	1.0
19	22	25
0.8467311362063755	0.0378965862674116	-0.530669756230317	-0.22523785017680828
-0.15740231155734163	0.9706499860836619	-0.18183268890705248	-0.10338376551125558
0.5082037449342904	0.23749206345277196	0.8278445371312958	-0.18002713318632813
0.0	0.0	0.0	1.0
20	22	26
0.8705953649915527	0.22965707644162983	-0.43511098734171144	-0.21186882452200217
-0.2190631858434354	0.9728124147465276	0.07514826582287387	0.03766392628705509
0.4405397033573119	0.029893000672525805	0.8972354722300081	-0.13144776174614176
0.0	0.0	0.0	1.0
46	49	27
0.6886445931592657	-0.5387795933750676	0.4852679644789152	0.0028169619846551974
0.33486359857876913	0.8299111302237666	0.4462217590385155	0.2672533814529339
-0.6431445082921292	-0.14478965324210413	0.7519316193965087	-0.1426765194380386
0.0	0.0	0.0	1.0
