0	5	1
0.9940535226685587	-0.09001331403911782	-0.06128031016266159	0.07353121509587932
0.107335853810307	0.9047841303695919	0.41212195625047615	0.10927457914366627
0.018349085195372882	-0.41624884632196557	0.9090655539292134	-0.05032220812824795
0.0	0.0	0.0	1.0
1	5	2
0.9929402758284116	-0.07513216199718957	-0.09178740431814071	0.07299515481902724
0.1077856608240944	0.8945500767697103	0.43377700306000044	0.11873071689268257
0.049517844815723494	-0.4406080486491366	0.8963328656883017	-0.04681153180119407
0.0	0.0	0.0	1.0
2	5	3
0.9936958748065426	-0.06351583932085898	-0.09238303122606209	0.07340065175303093
0.09845717900144346	0.8885205140462455	0.4481489622049948	0.1286586346958507
0.05361968416280325	-0.4544195447990861	0.8891725765638117	-0.04104304499660094
0.0	0.0	0.0	1.0
3	5	4
0.9958699344777668	-0.07479382422598842	-0.0514697840938884	0.06605734358038338
0.0899752684361417	0.8888887885110378	0.4492005946120532	0.14024735915651157
0.012153514811701616	-0.45197636855056034	0.8919471607638458	-0.026399154875217594
0.0	0.0	0.0	1.0
4	5	5
0.9988322824814695	-0.04682441735562615	-0.011902625072059688	0.03459360970872048
0.04805913478361613	0.9376997924620405	0.3441067662816818	0.15006082387063915
-0.00495146388316592	-0.3442769831507588	0.9388550852508968	-0.0039976863180470334
0.0	0.0	0.0	1.0
4	6	6
0.9885446831690367	0.027844356557725762	-0.14833738776739946	0.06928902990876505
0.0691553839546529	0.7900273536656104	0.6091585278903562	0.3069529866243494
0.13415220371190206	-0.6124389137650934	0.7790518246121818	-0.08404605647315944
0.0	0.0	0.0	1.0
5	6	7
0.9878520325883353	0.02257434972408225	-0.1537482665311646	0.031113497517153168
0.02483146137993036	0.9537475685752664	0.29958094727530543	0.16417145163963384
0.1533998200279023	-0.29975955476551797	0.9416010948827633	-0.040606315974932986
0.0	0.0	0.0	1.0
5	7	8
0.9133425832282174	0.14062947372677442	-0.38213676457120355	0.0426450458202162
0.05000689041673416	0.8926263285500784	0.4480149731431028	0.2878061134447661
0.4041094004960334	-0.4283007485900387	0.8082413065339314	-0.07640733853209059
0.0	0.0	0.0	1.0
5	8	9
0.8584364286894801	0.22989653485651687	-0.4585133296030931	0.05028523570744518
0.024410664132112448	0.8746032813330851	0.48422416223173764	0.3230619034368835
0.512338717105501	-0.42686836787499494	0.745179413053679	-0.09662028706375503
0.0	0.0	0.0	1.0
5	9	10
0.9734283316318153	0.17760712042170232	-0.144543100962124	0.11116569337806015
-0.07953072761636767	0.8541412922399382	0.513923483689316	0.3195085565718212
0.21473673749720845	-0.488772173414474	0.8455706913311404	-0.12417410468503191
0.0	0.0	0.0	1.0
5	10	11
0.9888065112822579	0.09991944863968069	0.11080435098478118	0.10148793309221098
-0.14691853809275954	0.7815087116314478	0.6063488086103689	0.32894276707744197
-0.026008595971051592	-0.6158410791084042	0.7874410116800888	-0.1954310249342567
0.0	0.0	0.0	1.0
5	11	12
0.9537482951478029	0.18875722870904657	-0.23395466049190414	0.06199148579946346
0.0015943083854487946	0.7750890447844175	0.63184997920277	0.31725780958583094
0.30060185336614	-0.602998961320639	0.7389389725820166	-0.26768878362736287
0.0	0.0	0.0	1.0
5	12	13
0.7859976900457113	0.25949466056575815	-0.5611327012440407	0.15517019754355932
0.1494319608197975	0.8009887853876484	0.5797300024826965	0.26390504467590703
0.5998980049661449	-0.5395177710264119	0.5907986451505299	-0.3615887875991702
0.0	0.0	0.0	1.0
6	17	14
0.20860453207906263	0.0766807395017224	-0.9749893116043016	0.9651772290318137
0.09018397555311283	0.991165804479352	0.09724832684874328	0.0005441980138713585
0.9738331403270887	-0.10821487175351889	0.19984631298750485	-0.19983495272919097
0.0	0.0	0.0	1.0
6	18	15
0.06580589702986973	0.005651969884577568	-0.9978164117974435	1.0696418176695985
-0.0817010898296719	0.9966569167976603	0.00025721547853384003	-0.058599264819509146
0.9944821674918998	0.08150579447910408	0.06604769192832943	-0.029675290198365487
0.0	0.0	0.0	1.0
7	17	16
0.4596959559764539	-0.08209090127274123	-0.884274060129705	0.9603044842413915
0.10343668352740529	0.9938908003764494	-0.038494826565090574	-0.1312778283233186
0.8820320009931742	-0.07377047727686897	0.4653788003350314	-0.17624072608065422
0.0	0.0	0.0	1.0
8	17	17
0.5603396895856828	-0.1238278760469866	-0.8189542315780037	0.9565467239832595
0.1497267540327764	0.9876151471335154	-0.04688469965074631	-0.16899752821815928
0.8146171881313993	-0.09634804389616294	0.5719402854757275	-0.14999219017483076
0.0	0.0	0.0	1.0
10	17	18
-0.007994262499434659	-0.28151836356873605	-0.959522510637117	0.9297413423266214
0.2604369493982865	0.9258515084008683	-0.27380922670075464	-0.2223718264492267
0.9654577090604185	-0.25208407282726353	0.06591630066899228	-0.19759537746291977
0.0	0.0	0.0	1.0
11	17	19
0.34248113195651686	-0.29886283856551016	-0.8907230354109974	0.8589961445137236
0.20833945890323743	0.9486119815844795	-0.2381801315837556	-0.21550562519548722
0.9161338517494508	-0.10400056573245814	0.38714668771485533	-0.11557906887444028
0.0	0.0	0.0	1.0
12	17	20
0.6622067870915382	-0.23231872833486553	-0.7123975032833868	0.7248074239704789
0.12914193699222515	0.9718819595057789	-0.19689529768686514	-0.18559630545252614
0.7381088158107917	0.03838497157141354	0.6735887316979092	-0.07651673102961598
0.0	0.0	0.0	1.0
13	17	21
0.8585407606596996	-0.2012963822214338	-0.4715797713090003	0.5510207907640537
0.12995235528819646	0.9751102808790981	-0.17964463590293922	-0.21744672178184477
0.49600413753819056	0.09294933683216357	0.8633308690083125	-0.11828038940924973
0.0	0.0	0.0	1.0
14	24	22
0.3969439901608102	-0.43819283130874515	-0.8064875657085874	0.2539484118482424
0.2535082794156861	0.8968387564281605	-0.3625098076783433	-0.27276583629198353
0.8821388090633985	-0.060555270506261805	0.46708033107894414	0.1463503444119917
0.0	0.0	0.0	1.0
15	18	23
0.9065841235665582	-0.24273344826996104	-0.34523261060104954	0.3360176614333185
0.13510468393648406	0.9419156917703302	-0.307475853753995	-0.2911724901597861
0.39981480587388685	0.2321102628537042	0.8867203552964874	-0.07244283138967288
0.0	0.0	0.0	1.0
19	22	24
0.8467311362063755	0.03789658626741152	-0.530669756230317	-0.22523785017680817
-0.15740231155734166	0.9706499860836618	-0.18183268890705248	-0.10338376551125554
0.5082037449342904	0.23749206345277207	0.8278445371312958	-0.18002713318632813
0.0	0.0	0.0	1.0
20	22	25
0.8705953649915527	0.22965707644162975	-0.43511098734171144	-0.21186882452200206
-0.21906318584343543	0.9728124147465275	0.07514826582287382	0.037663926287055116
0.44053970335731185	0.029893000672525916	0.8972354722300082	-0.13144776174614176
0.0	0.0	0.0	1.0
46	49	26
0.6886445931592655	-0.5387795933750675	0.48526796447891496	0.0028169619846547533
0.3348635985787692	0.8299111302237666	0.44622175903851546	0.267253381452934
-0.6431445082921292	-0.14478965324210422	0.7519316193965085	-0.1426765194380386
0.0	0.0	0.0	1.0
