9	11	1
0.8106593530215196	-0.10522101415867802	0.5759859056820364	-0.13923784152019214
0.24468382022230029	0.9545850359432455	-0.16999175387416632	-0.13977808863707059
-0.5319409198049323	0.27873987877039264	0.7995893023152606	-0.071448858905907
0.0	0.0	0.0	1.0
12	15	2
0.9663310043385712	-0.12352907950343749	0.22570942668338168	-0.4238574826431062
0.18389283329815978	0.9451248901238914	-0.2700416278906359	-0.31017318885154255
-0.17996572374190964	0.30245599064381323	0.9360195857387682	0.07876805826972914
0.0	0.0	0.0	1.0
12	16	3
0.7059107127758301	-0.3659846975759425	0.6064198664485698	-0.05348004061762869
0.46452311056490725	0.8855386084999676	-0.006296618189427062	-0.3846560995577865
-0.5347038330871605	0.2861409473373546	0.7951196606220244	0.258871610150896
0.0	0.0	0.0	1.0
13	15	4
0.9081136527321431	-0.2861469048330105	0.3056952630849523	-0.20503947752615775
0.3099376353337039	0.950243660308774	-0.03123783216420747	-0.16800067517130537
-0.2815464001345194	0.12311399603745983	0.9516167619922826	0.08455652936955832
0.0	0.0	0.0	1.0
13	16	5
0.5742096452166501	-0.5676305341260021	0.5899820571074582	0.08353422120165852
0.5431989672879066	0.8033074736108773	0.24419681711702712	-0.1782705044033097
-0.6125506391641781	0.1802574785072778	0.769603157151119	0.1766528681487663
0.0	0.0	0.0	1.0
14	15	6
0.8996036562076833	-0.277884941337582	0.3368874924433015	0.022138891794577426
0.2871617391784792	0.9576042801643514	0.02307029403609206	-0.05630906345408202
-0.32901585276833933	0.0759871639928679	0.9412621379646986	0.06768092631650006
0.0	0.0	0.0	1.0
14	16	7
0.5598468879375084	-0.5788327590278318	0.5928945736047754	0.23187528757368636
0.5108095980741215	0.804497511130815	0.30307971584976023	-0.0012669159905191257
-0.6524147895037027	0.13317806408919947	0.7460687719807289	0.07160776762119338
0.0	0.0	0.0	1.0
15	16	8
0.8642280640261863	-0.3798478974054234	0.329887008489918	0.1690262983060934
0.3380722045988817	0.9240672920079201	0.17834448839607095	0.031211383656537604
-0.37258158043259076	-0.04260469860597878	0.9270209796753885	0.014715641618534902
0.0	0.0	0.0	1.0
15	17	9
0.5652063728628084	-0.6525206052124218	0.5047362210917807	0.24444970419262416
0.4900968148485232	0.7577610325659238	0.4308169699297257	0.13027970385952065
-0.6635864491032404	0.0038691511337403056	0.7480895962732816	-0.030074721857557885
0.0	0.0	0.0	1.0
15	18	10
0.14212848101906117	-0.8042745531858043	0.5770113283781028	0.2306362172040705
0.583925015690502	0.5388203174686591	0.6072101887090842	0.19272103248595612
-0.7992691767486726	0.25062946858391466	0.5462177089895074	-0.10083416582808648
0.0	0.0	0.0	1.0
16	18	11
0.6186819409563586	-0.5922473674214409	0.5162129637924041	0.13695115372553537
0.5002853617285622	0.8036076953589876	0.322380561594039	0.07833390479786599
-0.6057618175382348	0.05880272465448866	0.7934701987514685	-0.011956225633479768
0.0	0.0	0.0	1.0
16	19	12
0.40321632555805936	-0.6365543164940253	0.6574307134706329	0.12775523997460134
0.45785421559693407	0.7623670751996431	0.45734659060702143	0.10230306745690596
-0.7923295236879685	0.11659776727303023	0.598847919991951	0.03678316911842243
0.0	0.0	0.0	1.0
16	22	13
0.2247721863437365	-0.7570824881419725	0.6134358958404798	0.2422661948696298
0.46734731456574397	0.6361716375562844	0.6138990060113977	-0.04398579831074264
-0.8550227898875811	0.14870019694516187	0.49681418014831225	0.329356695166478
0.0	0.0	0.0	1.0
16	23	14
0.45745930908263227	-0.6617863184650219	0.5939443754543487	0.1282948740744756
0.2984651350119666	0.7434539151395683	0.5984936410452859	0.04864533799424355
-0.837645260982318	-0.09651485321078153	0.5376200379378814	0.4379115135128562
0.0	0.0	0.0	1.0
17	19	15
0.7563717755607353	-0.366787183635509	0.5416354550522664	0.06489578120529835
0.2983748197325552	0.9303048389557979	0.21331979212692312	0.022495208551622434
-0.5821289581851535	0.00026132081792157156	0.8130963596365575	0.08203110540429774
0.0	0.0	0.0	1.0
17	20	16
0.5246220189165334	-0.5103145469537604	0.6814330672453621	0.10892685625202982
0.284087371860218	0.8594869635876782	0.4249430263278722	0.0484149252110886
-0.8025373235008177	-0.029347861773228	0.5958796023723006	0.254928103954598
0.0	0.0	0.0	1.0
17	21	17
0.3279039227964132	-0.6016352313622149	0.7283641824473367	0.2764552892289786
0.3277441307985376	0.7955535461541404	0.509586420836784	0.008047648039051556
-0.8860377936178696	0.07162172372793667	0.45804740233908986	0.3363328402593374
0.0	0.0	0.0	1.0
19	33	18
0.758919474183959	0.3716725813425589	-0.5346970585372446	-0.10971149226403894
-0.3514620611956338	0.9250371043632005	0.14415558860168828	-0.20059697778564836
0.548193227038641	0.07852321245557613	0.8326573780471558	0.34782055368362674
0.0	0.0	0.0	1.0
21	33	19
0.3266670599181104	0.40833270375817815	-0.8523807892387407	0.09712694829223315
-0.5290629615346858	0.8263221667465663	0.1930908225997671	-0.11610168360387181
0.7831863468600266	0.3878867064383329	0.4859659578049206	0.07038223507884189
0.0	0.0	0.0	1.0
27	28	20
0.818705386926729	0.01743809748533918	-0.5739489635828715	-0.04053676352129554
-0.0191321428113395	0.9998122348992619	0.003086035152561073	-0.03377530446578497
0.57389502175453	0.008454281311069465	0.8188853214134237	-0.03866890489818303
0.0	0.0	0.0	1.0
35	46	21
0.9000388127743124	-0.30518667134725525	0.31111248918281115	0.09229478719418747
0.15520411378204793	0.8915279941556981	0.4255460618909296	0.24437457113504846
-0.4072365179670466	-0.3347221609812259	0.8497760723166848	-0.325816204760005
0.0	0.0	0.0	1.0
35	48	22
0.8746400104152313	-0.2781513772412184	0.3970348960301472	0.4264666043296178
0.03272205696850979	0.8510186575874007	0.5241150322840509	0.2639929821283143
-0.48366740802847114	-0.4454203248437411	0.7534366413234466	-0.5589909251955738
0.0	0.0	0.0	1.0
36	45	23
0.8120386832372608	-0.46110089808278804	0.357741691872732	0.13457440851670574
0.2215034506511504	0.810630025516809	0.54204716812826	0.22822068584600197
-0.5399348071599451	-0.3609222892240383	0.7603983707458004	-0.3133185839451395
0.0	0.0	0.0	1.0
43	45	24
0.749426021901097	-0.08125708254315984	0.657082837627706	0.21022135833847974
0.3401075089360113	0.8987373615673192	-0.27676360585601184	-0.13237978477092904
-0.5680559701131894	0.4308927329705677	0.7011733125876737	-0.1890903775240686
0.0	0.0	0.0	1.0
44	48	25
0.7415159816744592	0.18058659444489966	0.646175413968282	0.5461599403307095
-0.16427373903971876	0.9826491865330221	-0.08610919261133136	0.08330160431378668
-0.6505138457821595	-0.04229830591047282	0.758315639139705	-0.327685660196942
0.0	0.0	0.0	1.0
