9	11	1
0.8106593530215198	-0.10522101415867795	0.5759859056820363	-0.13923784152017793
0.24468382022230023	0.9545850359432453	-0.16999175387416626	-0.13977808863707236
-0.5319409198049324	0.27873987877039264	0.7995893023152605	-0.0714488589058999
0.0	0.0	0.0	1.0
12	15	2
0.9663310043385711	-0.12352907950343761	0.225709426683382	-0.4238574826431062
0.1838928332981599	0.9451248901238914	-0.27004162789063607	-0.3101731888515452
-0.1799657237419097	0.3024559906438133	0.9360195857387684	0.07876805826973536
0.0	0.0	0.0	1.0
12	16	3
0.7059107127758303	-0.36598469757594254	0.6064198664485696	-0.05348004061761448
0.46452311056490736	0.8855386084999676	-0.006296618189427173	-0.38465609955779717
-0.5347038330871606	0.2861409473373546	0.7951196606220245	0.2588716101509031
0.0	0.0	0.0	1.0
13	15	4
0.9081136527321428	-0.28614690483301064	0.3056952630849526	-0.20503947752615775
0.30993763533370394	0.950243660308774	-0.031237832164207596	-0.16800067517130804
-0.28154640013451954	0.12311399603745986	0.9516167619922827	0.08455652936956098
0.0	0.0	0.0	1.0
13	16	5
0.5742096452166503	-0.5676305341260021	0.5899820571074581	0.08353422120167273
0.5431989672879066	0.8033074736108773	0.24419681711702695	-0.1782705044033168
-0.6125506391641782	0.1802574785072778	0.7696031571511192	0.1766528681487663
0.0	0.0	0.0	1.0
14	15	6
0.8996036562076832	-0.2778849413375822	0.3368874924433018	0.022138891794577426
0.2871617391784793	0.9576042801643514	0.023070294036091937	-0.056309063454084686
-0.32901585276833933	0.07598716399286792	0.9412621379646987	0.06768092631650273
0.0	0.0	0.0	1.0
14	16	7
0.5598468879375087	-0.5788327590278318	0.5928945736047753	0.23187528757368636
0.5108095980741216	0.804497511130815	0.30307971584976007	-0.001266915990526231
-0.6524147895037028	0.13317806408919947	0.746068771980729	0.07160776762120048
0.0	0.0	0.0	1.0
15	16	8
0.8642280640261865	-0.37984789740542335	0.32988700848991775	0.1690262983061076
0.33807220459888176	0.9240672920079201	0.1783444883960708	0.0312113836565305
-0.37258158043259065	-0.04260469860597871	0.9270209796753887	0.014715641618542007
0.0	0.0	0.0	1.0
15	17	9
0.5652063728628081	-0.6525206052124216	0.5047362210917808	0.24444970419265258
0.49009681484852313	0.7577610325659238	0.43081696992972585	0.13027970385952065
-0.6635864491032404	0.0038691511337403334	0.7480895962732814	-0.03007472185755078
0.0	0.0	0.0	1.0
15	18	10
0.14212848101906128	-0.8042745531858042	0.5770113283781025	0.23063621720405628
0.5839250156905019	0.5388203174686592	0.6072101887090839	0.19272103248594902
-0.7992691767486727	0.2506294685839145	0.5462177089895077	-0.10083416582805806
0.0	0.0	0.0	1.0
16	18	11
0.6186819409563586	-0.5922473674214408	0.5162129637924039	0.1369511537255176
0.5002853617285621	0.8036076953589877	0.32238056159403894	0.07833390479785178
-0.6057618175382348	0.05880272465448852	0.7934701987514687	-0.011956225633465557
0.0	0.0	0.0	1.0
16	19	12
0.4032163255580593	-0.6365543164940252	0.6574307134706328	0.1277552399745969
0.45785421559693407	0.7623670751996429	0.45734659060702143	0.10230306745689885
-0.7923295236879685	0.11659776727303064	0.5988479199919505	0.03678316911842243
0.0	0.0	0.0	1.0
16	22	13
0.22477218634373655	-0.7570824881419725	0.6134358958404799	0.2422661948696298
0.46734731456574397	0.6361716375562839	0.6138990060113978	-0.04398579831074619
-0.8550227898875811	0.1487001969451626	0.4968141801483115	0.32935669516646376
0.0	0.0	0.0	1.0
16	23	14
0.4574593090826323	-0.6617863184650219	0.5939443754543487	0.1282948740744675
0.2984651350119665	0.7434539151395684	0.5984936410452858	0.048645337994247105
-0.8376452609823176	-0.09651485321078196	0.5376200379378817	0.4379115135128704
0.0	0.0	0.0	1.0
17	19	15
0.7563717755607352	-0.3667871836355089	0.5416354550522663	0.0648957812052939
0.29837481973255525	0.9303048389557975	0.21331979212692315	0.022495208551608224
-0.5821289581851539	0.0002613208179218429	0.813096359636557	0.08203110540431195
0.0	0.0	0.0	1.0
17	20	16
0.5246220189165333	-0.5103145469537606	0.6814330672453621	0.10892685625203337
0.284087371860218	0.8594869635876782	0.424943026327872	0.04841492521108505
-0.8025373235008179	-0.029347861773228203	0.5958796023723011	0.254928103954598
0.0	0.0	0.0	1.0
17	21	17
0.32790392279641345	-0.6016352313622151	0.728364182447337	0.2764552892289857
0.32774413079853737	0.7955535461541405	0.5095864208367841	0.008047648039042675
-0.8860377936178692	0.07162172372793628	0.4580474023390903	0.33633284025936583
0.0	0.0	0.0	1.0
19	33	18
0.758919474183959	0.37167258134255915	-0.5346970585372446	-0.10971149226403183
-0.35146206119563395	0.9250371043632006	0.14415558860168823	-0.20059697778564836
0.5481932270386412	0.07852321245557607	0.8326573780471558	0.34782055368362674
0.0	0.0	0.0	1.0
21	33	19
0.32666705991811035	0.4083327037581784	-0.8523807892387407	0.09712694829223315
-0.529062961534686	0.8263221667465666	0.19309082259976715	-0.11610168360387181
0.7831863468600267	0.387886706438333	0.4859659578049206	0.07038223507884189
0.0	0.0	0.0	1.0
27	28	20
0.8187053869267285	0.017438097485339126	-0.5739489635828722	-0.04053676352130975
-0.019132142811339212	0.999812234899262	0.0030860351525613806	-0.03377530446577787
0.5738950217545301	0.008454281311069454	0.818885321413424	-0.03866890489818303
0.0	0.0	0.0	1.0
35	46	50
0.90003881	-0.30518667	0.31111249	0.09229479
0.15520411	0.89152799	0.42554606	0.24437457
-0.40723652	-0.33472216	0.84977607	-0.32581620
0.00000000	0.00000000	0.00000000	0.99999986
35	48	21
0.8746400104152314	-0.27815137724121836	0.39703489603014713	0.426466604329632
0.032722056968509744	0.8510186575874007	0.5241150322840511	0.26399298212831607
-0.4836674080284712	-0.4454203248437412	0.7534366413234468	-0.5589909251955738
0.0	0.0	0.0	1.0
36	45	22
0.8120386832372611	-0.461100898082788	0.35774169187273164	0.13457440851670574
0.22150345065115037	0.8106300255168088	0.54204716812826	0.2282206858460002
-0.539934807159945	-0.3609222892240383	0.7603983707458003	-0.31331858394514306
0.0	0.0	0.0	1.0
43	45	23
0.7494260219010973	-0.08125708254316015	0.6570828376277057	0.21022135833847974
0.3401075089360112	0.8987373615673191	-0.27676360585601173	-0.13237978477092993
-0.5680559701131893	0.4308927329705676	0.7011733125876736	-0.18909037752407215
0.0	0.0	0.0	1.0
44	48	24
0.7415159816744593	0.1805865944448997	0.646175413968282	0.5461599403307237
-0.16427373903971887	0.9826491865330222	-0.08610919261133128	0.08330160431378845
-0.6505138457821598	-0.04229830591047289	0.7583156391397052	-0.327685660196942
0.0	0.0	0.0	1.0
