8	12	1
0.7626909714801637	0.17175565025834316	-0.623540329115308	0.028276583389976132
-0.014499881538994069	0.9683923525765284	0.24901022563051967	0.1128997535773896
0.6466006446890955	-0.180876569539313	0.7410745210695262	-0.23021346879862326
0.0	0.0	0.0	1.0
9	13	2
0.663749209867405	0.11173189252350055	-0.7395626897455589	0.03201055052734928
-0.09147873604136579	0.9934830465852977	0.0679926410529231	0.027689752134464424
0.74234010279008	0.022524211443991353	0.66964464216813	-0.44836559437716994
0.0	0.0	0.0	1.0
9	14	3
0.588154015287258	0.1186434339921114	-0.7999992394504478	0.13968026769943298
-0.0458098421913753	0.9924802000157076	0.11351015666096957	0.011827741719985685
0.8074507146197578	-0.03011359431059976	0.5891661344149962	-0.6342555145870797
0.0	0.0	0.0	1.0
28	31	4
0.5348020006766286	0.17602361558269558	-0.8264395318112125	0.03537840881327524
0.08075750234755277	0.9629362499121881	0.2573555123011368	0.1474483011555
0.8411093666074293	-0.2043755081677493	0.5007651135857377	0.042111491702144586
0.0	0.0	0.0	1.0
31	34	5
0.8396255080111091	-0.13156652250116094	-0.5269907629432651	-0.20326416642949513
-0.04491560533311455	0.9500805329009698	-0.3087550457131793	-0.11194151207045341
0.5413054973663479	0.28290878017807963	0.7918024127213396	-0.22421771211589628
0.0	0.0	0.0	1.0
31	41	6
0.9852861411296968	0.020815942370446656	0.1696413381362985	0.06318631877644545
0.04768662206148257	0.919658439076175	-0.3898136040403406	-0.05111137080122944
-0.16412635813803042	0.3921676253306309	0.9051339382835306	-0.9838313438075353
0.0	0.0	0.0	1.0
31	42	7
0.9510138799520034	0.045345035370876356	0.30580466858054456	0.011482827330000483
0.08271921847238577	0.9157928021147025	-0.3930409191581663	-0.011549714715990363
-0.29787618475706634	0.3990833674425892	0.8671807282332669	-1.1632875502506719
0.0	0.0	0.0	1.0
31	43	8
0.9311198487773662	0.006497377477361169	0.3646555097821335	0.052145502633948855
0.12378505841368377	0.9348616324666644	-0.33273274000757513	-0.003459233188136902
-0.343064384773791	0.35495303956768076	0.8696638917402826	-1.3547447659553677
0.0	0.0	0.0	1.0
31	44	9
0.8614977782156689	0.06755081705259107	0.5032482368357376	-0.13353642277232008
0.01534047747848552	0.9871962594807482	-0.158771876823939	-0.15801064131088205
-0.5075299455665895	0.14450169860163242	0.8494309593012775	-1.4395922593079056
0.0	0.0	0.0	1.0
31	45	10
0.6178801805203583	0.13450119447845746	0.7746829032706535	-0.701727975447109
-0.09450024388648791	0.9908217239732913	-0.09665482748231062	-0.25236776075953304
-0.7805729092043124	-0.013486640494823406	0.6249193668553468	-1.307947884256721
0.0	0.0	0.0	1.0
32	34	11
0.9798916026657837	-0.07742491962547689	-0.1838960203792181	-0.1108573487622239
-0.0011842831250014861	0.9193712446411757	-0.39338921987960607	-0.15373754416768637
0.19952678413885083	0.3856966396030091	0.9007925664119995	-0.171357044823271
0.0	0.0	0.0	1.0
32	35	12
0.9775567786735853	-0.08256374041428334	-0.19381966979015347	-0.14862886551071425
-0.045474023671387725	0.8156221515569139	-0.5767950034057442	-0.19705168420190433
0.20570595485422274	0.5726636953833536	0.7935625646189434	-0.32368909119833084
0.0	0.0	0.0	1.0
38	41	13
0.7192353877068045	-0.2316044268588292	0.6550265938726041	0.373248754714435
0.13247959665214334	0.9712207677597442	0.19793845257078296	0.17955041036027997
-0.6820188290876433	-0.05558673334367224	0.7292192276383754	-0.4671898050039977
0.0	0.0	0.0	1.0
39	42	14
0.7337765179275545	-0.2061194024060967	0.6473689618548408	0.2894232781281274
0.17453946420637947	0.9780774945766533	0.11357942137711322	0.14749214662956028
-0.6565881263066364	0.029649524453913112	0.7536663879983594	-0.5269575888786445
0.0	0.0	0.0	1.0
39	43	15
0.6940529263916833	-0.26336669117272177	0.6700210772183933	0.3461215017605646
0.18556412827676835	0.9646804225651621	0.18696929650926505	0.20168878570096793
-0.6955979173852356	-0.005434693393506317	0.7184107774747333	-0.7391528591449275
0.0	0.0	0.0	1.0
40	43	16
0.8594843047339299	-0.2006096891423311	0.4701514816378522	0.2469732909903904
0.16504950785497388	0.9794182755658046	0.11618240790063235	0.1523722607160709
-0.4837823585629973	-0.022258701426161036	0.874905208839883	-0.555149243107329
0.0	0.0	0.0	1.0
40	44	17
0.7675829125074787	-0.1992240670308853	0.60920150298113	0.19175108727523732
0.02920808983892143	0.9603516799144212	0.2772572024064768	0.1526558861327767
-0.6402840342055668	-0.1950242998189237	0.7429684266834244	-0.7330027010896454
0.0	0.0	0.0	1.0
