8	12	1
0.762690971480164	0.1717556502583432	-0.6235403291153081	0.028276583389976132
-0.01449988153899408	0.9683923525765283	0.24901022563051964	0.1128997535773896
0.6466006446890954	-0.180876569539313	0.7410745210695262	-0.23021346879862503
0.0	0.0	0.0	1.0
9	13	2
0.6637492098674052	0.11173189252350058	-0.7395626897455593	0.032010550527347505
-0.09147873604136579	0.9934830465852977	0.06799264105292312	0.027689752134464646
0.7423401027900797	0.02252421144399134	0.66964464216813	-0.44836559437716994
0.0	0.0	0.0	1.0
9	14	3
0.5881540152872579	0.11864343399211143	-0.799999239450448	0.13968026769943298
-0.0458098421913753	0.9924802000157075	0.11351015666096956	0.011827741719985685
0.8074507146197578	-0.03011359431059979	0.5891661344149964	-0.6342555145870797
0.0	0.0	0.0	1.0
28	31	4
0.5348020006766285	0.17602361558269555	-0.8264395318112125	0.03537840881327879
0.08075750234755284	0.9629362499121882	0.25735551230113685	0.14744830115549978
0.8411093666074295	-0.20437550816774933	0.5007651135857377	0.0421114917021437
0.0	0.0	0.0	1.0
31	34	5
0.8396255080111094	-0.1315665225011607	-0.5269907629432646	-0.20326416642949158
-0.04491560533311455	0.9500805329009698	-0.3087550457131793	-0.11194151207045334
0.5413054973663478	0.2829087801780795	0.7918024127213396	-0.22421771211589628
0.0	0.0	0.0	1.0
31	41	6
0.9852861411296968	0.020815942370446844	0.16964133813629856	0.06318631877644545
0.047686622061482636	0.9196584390761752	-0.3898136040403406	-0.05111137080123033
-0.1641263581380305	0.3921676253306306	0.9051339382835304	-0.9838313438075336
0.0	0.0	0.0	1.0
31	42	7
0.9510138799520033	0.04534503537087627	0.30580466858054467	0.011482827330000483
0.08271921847238572	0.9157928021147025	-0.39304091915816636	-0.011549714715990363
-0.2978761847570662	0.3990833674425894	0.867180728233267	-1.1632875502506719
0.0	0.0	0.0	1.0
31	43	8
0.9311198487773661	0.0064973774773611275	0.3646555097821334	0.052145502633948855
0.12378505841368376	0.9348616324666643	-0.33273274000757513	-0.003459233188136902
-0.343064384773791	0.3549530395676808	0.8696638917402826	-1.3547447659553677
0.0	0.0	0.0	1.0
31	44	9
0.861497778215669	0.06755081705259106	0.5032482368357376	-0.13353642277232008
0.01534047747848552	0.9871962594807481	-0.15877187682393898	-0.15801064131088183
-0.5075299455665894	0.14450169860163245	0.8494309593012778	-1.4395922593079038
0.0	0.0	0.0	1.0
31	45	10
0.6178801805203585	0.1345011944784575	0.7746829032706535	-0.7017279754471085
-0.09450024388648791	0.9908217239732915	-0.09665482748231068	-0.25236776075953304
-0.7805729092043123	-0.013486640494823447	0.6249193668553465	-1.307947884256721
0.0	0.0	0.0	1.0
32	34	11
0.9798916026657837	-0.07742491962547661	-0.18389602037921765	-0.1108573487622239
-0.0011842831250014852	0.9193712446411757	-0.39338921987960607	-0.1537375441676863
0.1995267841388508	0.38569663960300904	0.9007925664119992	-0.171357044823271
0.0	0.0	0.0	1.0
32	35	12
0.9775567786735853	-0.08256374041428353	-0.19381966979015403	-0.14862886551071425
-0.045474023671387684	0.8156221515569139	-0.5767950034057441	-0.19705168420190472
0.20570595485422274	0.5726636953833535	0.7935625646189434	-0.32368909119833084
0.0	0.0	0.0	1.0
38	41	14
0.7192353877068044	-0.23160442685882904	0.6550265938726042	0.373248754714435
0.13247959665214337	0.9712207677597444	0.1979384525707831	0.17955041036027952
-0.6820188290876433	-0.05558673334367233	0.7292192276383751	-0.46718980500399593
0.0	0.0	0.0	1.0
39	42	15
0.7337765179275545	-0.20611940240609672	0.6473689618548407	0.2894232781281274
0.17453946420637945	0.9780774945766533	0.11357942137711316	0.14749214662956028
-0.6565881263066363	0.02964952445391319	0.7536663879983597	-0.5269575888786445
0.0	0.0	0.0	1.0
39	43	16
0.6940529263916833	-0.2633666911727217	0.6700210772183932	0.3461215017605646
0.18556412827676835	0.964680422565162	0.18696929650926503	0.20168878570096793
-0.6955979173852356	-0.005434693393506265	0.7184107774747333	-0.7391528591449275
0.0	0.0	0.0	1.0
40	43	17
0.8594843047339298	-0.20060968914233113	0.4701514816378521	0.2469732909903904
0.16504950785497388	0.9794182755658046	0.11618240790063232	0.1523722607160709
-0.4837823585629973	-0.022258701426160987	0.874905208839883	-0.555149243107329
0.0	0.0	0.0	1.0
40	44	18
0.7675829125074787	-0.1992240670308853	0.60920150298113	0.19175108727523554
0.02920808983892143	0.960351679914421	0.2772572024064768	0.15265588613277692
-0.6402840342055668	-0.19502429981892377	0.7429684266834247	-0.7330027010896436
0.0	0.0	0.0	1.0
