0	1	79040
0.99667507	-0.03789770	0.07212879	-0.45740530
0.03343407	0.99750876	0.06211655	0.02814562
-0.07430319	-0.05949845	0.99545920	0.24950717
0.00000000	0.00000000	0.00000000	1.00000000
1	2	93105
0.95603412	-0.22589479	0.18700330	0.19594713
0.20757797	0.97171766	0.11258817	-0.23223472
-0.20714748	-0.06882039	0.97588611	0.65850669
0.00000000	0.00000000	0.00000000	1.00000000
2	3	92690
0.99899173	0.02910340	-0.03418180	0.41095704
-0.03416990	0.98677099	-0.15847789	-0.27369636
0.02911737	0.15948609	0.98677069	-0.39687797
0.00000000	0.00000000	0.00000000	1.00000000
3	4	100864
0.99146229	-0.02787828	0.12737866	-0.05503331
0.05032426	0.98300236	-0.17656168	-0.57072192
-0.12029129	0.18146451	0.97601265	-0.00347351
0.00000000	0.00000000	0.00000000	1.00000000
4	5	52630
0.89181954	0.19062433	-0.41026872	0.10872833
-0.17439462	0.98165894	0.07702160	0.52615303
0.41742608	0.00285928	0.90870643	-0.86396992
0.00000000	0.00000000	0.00000000	1.00000000
5	6	65400
0.93633133	0.16446882	-0.31021532	0.17857705
-0.15231518	0.98631048	0.06318139	0.61851627
0.31636000	-0.01190820	0.94856453	-0.54201669
0.00000000	0.00000000	0.00000000	1.00000000
6	7	96832
0.95369834	0.11286820	-0.27878353	0.18794987
-0.13986452	0.98702538	-0.07885969	0.71369660
0.26626566	0.11420026	0.95711064	-0.68423587
0.00000000	0.00000000	0.00000000	1.00000000
7	8	81071
0.99367940	-0.05709360	0.09665226	0.22615303
0.05207695	0.99720061	0.05365613	-0.45364416
-0.09944512	-0.04828364	0.99387091	0.06036060
0.00000000	0.00000000	0.00000000	1.00000000
8	9	60144
0.99864256	-0.02317824	0.04664453	0.26284671
0.02936510	0.99018228	-0.13666265	-0.36460456
-0.04301899	0.13784684	0.98951876	-0.19477007
0.00000000	0.00000000	0.00000000	1.00000000
9	10	38909
0.97687984	-0.05809702	0.20574372	0.04031814
0.03554746	0.99311167	0.11164972	-0.12392481
-0.21081299	-0.10175470	0.97221595	0.95801431
0.00000000	0.00000000	0.00000000	1.00000000
10	11	42101
0.87653965	-0.31712776	0.36208871	0.66426075
0.26716670	0.94629931	0.18204255	-0.43453172
-0.40037501	-0.06282944	0.91419482	1.17235935
0.00000000	0.00000000	0.00000000	1.00000000
11	12	85671
0.77654004	-0.37152177	0.50887847	1.30442643
0.34918684	0.92604202	0.14323099	-0.23724860
-0.52445608	0.06646907	0.84883898	0.60961598
0.00000000	0.00000000	0.00000000	1.00000000
12	13	126942
0.96089572	-0.12430227	0.24744377	0.34610778
0.14077888	0.98877889	-0.04997651	-0.20607536
-0.23845498	0.08285708	0.96761250	0.21295366
0.00000000	0.00000000	0.00000000	1.00000000
13	14	122511
0.83627725	0.33231646	-0.43612587	0.07748957
-0.30047929	0.94309253	0.14243853	0.62634152
0.45864192	0.01192871	0.88854116	-0.79531592
0.00000000	0.00000000	0.00000000	1.00000000
14	15	136229
0.68919289	0.45895407	-0.56069076	0.40384883
-0.45626485	0.87602121	0.15623426	0.92365730
0.56288153	0.14814800	0.81315219	-1.22399855
0.00000000	0.00000000	0.00000000	1.00000000
15	16	120267
0.89748240	0.29305229	-0.32961422	-0.01315779
-0.27341765	0.95608521	0.10556406	0.58598298
0.34607509	-0.00461955	0.93819547	-0.55025768
0.00000000	0.00000000	0.00000000	1.00000000
16	17	127239
0.88609356	0.25136480	-0.38942769	0.23595990
-0.25941810	0.96520984	0.03274314	0.42408180
0.38410988	0.07201109	0.92047489	-0.75474507
0.00000000	0.00000000	0.00000000	1.00000000
17	18	115226
0.95272958	0.17793764	-0.24626090	0.18304609
-0.16469997	0.98359990	0.07351911	0.14676982
0.25530404	-0.02948467	0.96641111	-0.12423167
0.00000000	0.00000000	0.00000000	1.00000000
18	19	88233
0.89712548	-0.32757142	0.29641673	0.64107043
0.30537653	0.94467545	0.11972225	-0.73388094
-0.31923521	-0.01688718	0.94752502	1.27171397
0.00000000	0.00000000	0.00000000	1.00000000
19	20	98815
0.95087022	0.19614469	-0.23952687	0.08014312
-0.24115530	0.95443821	-0.17576072	0.58711088
0.19413906	0.22488879	0.95484823	-1.06943166
0.00000000	0.00000000	0.00000000	1.00000000
20	21	112533
0.98561966	0.06457336	-0.15615490	0.22626540
-0.05984540	0.99760103	0.03479653	0.45070115
0.15802722	-0.02495099	0.98711944	-0.18656054
0.00000000	0.00000000	0.00000000	1.00000000
21	22	106605
0.98728198	-0.01092302	0.15860356	-0.17544731
0.02767708	0.99421155	-0.10381416	-0.74390584
-0.15655152	0.10688353	0.98186928	-0.15580869
0.00000000	0.00000000	0.00000000	1.00000000
22	23	76215
0.99882913	0.04541980	-0.01665206	0.06056171
-0.04233339	0.98723871	0.15351741	0.34606740
0.02341229	-0.15263276	0.98800564	0.26734036
0.00000000	0.00000000	0.00000000	1.00000000
23	24	53541
0.60303962	-0.57519031	0.55272007	1.92061734
0.49537504	0.81311345	0.30569571	-0.41973093
-0.62525749	0.08945714	0.77527446	1.15148818
0.00000000	0.00000000	0.00000000	1.00000000
24	25	64049
0.80549282	-0.43423957	0.40325850	1.06752884
0.43084833	0.89634162	0.10460214	-0.66192490
-0.40687969	0.08948699	0.90908802	0.77925938
0.00000000	0.00000000	0.00000000	1.00000000
25	26	43026
0.57613051	0.65358102	-0.49082115	0.07327565
-0.61554110	0.74201912	0.26554999	1.39769030
0.53775704	0.14912914	0.82980597	-1.03888762
0.00000000	0.00000000	0.00000000	1.00000000
26	27	66267
0.74966419	0.45661879	-0.47906438	-0.16161194
-0.47424084	0.87553328	0.09239583	1.21492040
0.46162650	0.15792604	0.87290341	-0.99130911
0.00000000	0.00000000	0.00000000	1.00000000
27	28	41921
0.22588035	-0.66056496	0.71598333	2.66509652
0.70403343	0.61867589	0.34867895	-0.80902618
-0.67328668	0.42531651	0.60480660	0.33509547
0.00000000	0.00000000	0.00000000	1.00000000
28	29	52305
0.64670205	-0.58193392	0.49308136	1.77886319
0.54953897	0.80378908	0.22788160	-0.18713795
-0.52894551	0.12359593	0.83960748	0.34788454
0.00000000	0.00000000	0.00000000	1.00000000
29	30	44334
0.72571075	-0.59099507	0.35223389	1.51889205
0.50890499	0.80564195	0.30324331	-0.76046044
-0.46298981	-0.04081335	0.88542342	1.36859000
0.00000000	0.00000000	0.00000000	1.00000000
30	31	64732
0.35651898	-0.72207826	0.59287190	2.43220401
0.83176947	0.53430974	0.15057531	-1.03479648
-0.42550439	0.43944979	0.79109418	-0.05679608
0.00000000	0.00000000	0.00000000	1.00000000
31	32	96145
0.98632616	0.12607192	-0.10614378	-0.21615811
-0.13189805	0.99001366	-0.04975874	0.28749084
0.09881061	0.06307849	0.99310499	-0.35263214
0.00000000	0.00000000	0.00000000	1.00000000
32	33	85520
0.79337448	-0.46324697	0.39491671	1.57981622
0.47248301	0.87767148	0.08032764	-0.67441827
-0.38381872	0.12286153	0.91519850	0.50016576
0.00000000	0.00000000	0.00000000	1.00000000
33	34	106933
0.82444274	-0.29065248	0.48560819	1.17351294
0.37263173	0.92459017	-0.07923901	-0.80788946
-0.42595747	0.24628103	0.87057781	0.26999667
0.00000000	0.00000000	0.00000000	1.00000000
34	35	114466
0.99548137	-0.04111831	0.08559366	0.18662705
0.04925385	0.99423730	-0.09521654	-0.12488508
-0.08118527	0.09900212	0.99176991	-0.10624903
0.00000000	0.00000000	0.00000000	1.00000000
35	36	95489
0.82810533	-0.37201443	0.41934103	1.10372567
0.29521179	0.92533374	0.23792341	-0.17635641
-0.47654134	-0.07323121	0.87609673	1.00122511
0.00000000	0.00000000	0.00000000	1.00000000
36	37	87358
0.98109990	0.13573736	-0.13790774	-0.31445771
-0.13265571	0.99066663	0.03133964	0.26108932
0.14087452	-0.01245307	0.98994899	-0.23372926
0.00000000	0.00000000	0.00000000	1.00000000
37	38	94232
0.82797694	0.30658212	-0.46953341	-0.50165379
-0.40730461	0.90431011	-0.12777244	0.84768629
0.38543117	0.29703569	0.87362021	-1.47598958
0.00000000	0.00000000	0.00000000	1.00000000
38	39	106413
0.49700978	0.58060259	-0.64488900	-0.52356088
-0.40346399	0.81257993	0.42063135	1.05722702
0.76824355	0.05113165	0.63811249	-1.06903362
0.00000000	0.00000000	0.00000000	1.00000000
39	40	74758
0.76370883	-0.49884689	0.40975699	1.87101567
0.49820167	0.85908765	0.11731867	-0.78691095
-0.41054124	0.11454435	0.90461904	0.66285568
0.00000000	0.00000000	0.00000000	1.00000000
40	41	96464
0.94650418	-0.20754103	0.24709658	0.54176307
0.20565842	0.97804344	0.03370168	-0.67135918
-0.24866576	0.01891874	0.96840471	0.76533443
0.00000000	0.00000000	0.00000000	1.00000000
41	42	47231
0.19300152	0.81434357	-0.54735279	-0.26203454
-0.73531318	0.48939463	0.46883610	2.36212873
0.64966524	0.31198969	0.69325149	-1.72222114
0.00000000	0.00000000	0.00000000	1.00000000
42	43	86783
0.78490031	0.42521060	-0.45069659	-0.67263502
-0.50257432	0.86233097	-0.06167884	1.18940020
0.36242318	0.27492025	0.89054382	-1.38452470
0.00000000	0.00000000	0.00000000	1.00000000
43	44	79656
0.86335397	0.36119273	-0.35236323	-0.59760976
-0.37276432	0.92718506	0.03707816	0.73919851
0.34009826	0.09933687	0.93512845	-0.82352859
0.00000000	0.00000000	0.00000000	1.00000000
44	45	71443
0.99715292	0.04081014	-0.06340990	-0.07178382
-0.04715522	0.99366349	-0.10202522	-0.51610351
0.05884444	0.10472484	0.99275869	-0.33583900
0.00000000	0.00000000	0.00000000	1.00000000
45	46	79708
0.99865061	0.05060291	0.01167455	-0.07632332
-0.04813602	0.98632789	-0.15760775	0.13426079
-0.01949034	0.15683308	0.98743272	-0.41282362
0.00000000	0.00000000	0.00000000	1.00000000
46	47	108790
0.99831492	-0.05759442	0.00709212	0.05410092
0.05755770	0.99832821	0.00527619	0.22367214
-0.00738415	-0.00485910	0.99996090	-0.07698380
0.00000000	0.00000000	0.00000000	1.00000000
47	48	97781
0.99944866	0.01236426	0.03081320	-0.06744377
-0.00807740	0.99073732	-0.13555206	0.05084996
-0.03220379	0.13522846	0.99029106	-0.22301120
0.00000000	0.00000000	0.00000000	1.00000000
48	49	81686
0.99965507	-0.02492786	-0.00825820	0.03794500
0.02622145	0.93046951	0.36542982	0.35877660
-0.00142538	-0.36552030	0.93080229	0.79560095
0.00000000	0.00000000	0.00000000	1.00000000
49	50	64100
0.98877323	-0.12723725	0.07834816	0.07203531
0.10782804	0.97056079	0.21537174	-0.24924263
-0.10344494	-0.20450565	0.97338414	1.00993657
0.00000000	0.00000000	0.00000000	1.00000000
50	51	56391
0.91910744	-0.32656673	0.22044423	1.25761640
0.33607766	0.94181496	-0.00601559	-0.57930893
-0.20565319	0.07961537	0.97538096	0.24911162
0.00000000	0.00000000	0.00000000	1.00000000
51	52	52235
0.97548002	0.17885073	-0.12826261	0.04017341
-0.18620859	0.98134792	-0.04777660	0.04033242
0.11732538	0.07048871	0.99058878	-0.05817879
0.00000000	0.00000000	0.00000000	1.00000000
52	53	51372
0.97941083	-0.10425580	0.17287315	0.18011548
0.14339297	0.96203834	-0.23220801	-0.58118999
-0.14210160	0.25221583	0.95718044	-0.33827719
0.00000000	0.00000000	0.00000000	1.00000000
53	54	46997
0.92171180	-0.11859427	0.36930034	0.07966454
0.17742571	0.97557181	-0.12953722	-0.50063038
-0.34491655	0.18491936	0.92023766	0.33195403
0.00000000	0.00000000	0.00000000	1.00000000
54	55	43845
0.97153783	0.02523804	-0.23553638	0.28293729
-0.07158180	0.97910357	-0.19034752	-0.35324299
0.22581051	0.20178995	0.95304275	-1.02005029
0.00000000	0.00000000	0.00000000	1.00000000
55	56	37588
0.99757248	0.00311953	-0.06956477	0.51602489
-0.00975762	0.99540186	-0.09528886	-0.07475308
0.06894766	0.09573634	0.99301600	-0.10862629
0.00000000	0.00000000	0.00000000	1.00000000
56	57	24299
0.99554950	-0.06737927	0.06588622	0.22214563
0.05220952	0.97638786	0.20962092	0.24965538
-0.07845461	-0.20524816	0.97556043	0.74285346
0.00000000	0.00000000	0.00000000	1.00000000
57	58	21787
0.99634624	0.06259383	-0.05810581	-0.22296435
-0.06036818	0.99740225	0.03930086	0.38533828
0.06041484	-0.03564951	0.99753648	0.01656018
0.00000000	0.00000000	0.00000000	1.00000000
58	59	21463
0.69638336	0.18923122	-0.69227302	0.24080741
-0.22605954	0.97334599	0.03866012	0.49144742
0.68113679	0.12957260	0.72059941	-1.53858387
0.00000000	0.00000000	0.00000000	1.00000000
59	60	32766
0.95754516	-0.20114414	0.20651506	0.35812792
0.15857235	0.96574980	0.20538321	-0.05487413
-0.24075349	-0.16391611	0.95664477	0.70539236
0.00000000	0.00000000	0.00000000	1.00000000
60	61	41795
0.93972117	-0.24968819	0.23362350	0.62706602
0.21219775	0.96158153	0.17416401	-0.17813574
-0.26813477	-0.11409120	0.95660180	0.87096065
0.00000000	0.00000000	0.00000000	1.00000000
61	62	39966
0.91880155	0.31992984	-0.23118988	-0.33313885
-0.33832857	0.94000953	-0.04377263	0.95117390
0.20331649	0.11843650	0.97192341	-0.38778949
0.00000000	0.00000000	0.00000000	1.00000000
62	63	35418
0.98694134	-0.10610292	0.12119928	0.14550602
0.09917264	0.99314523	0.06186551	-0.26017773
-0.12693259	-0.04903797	0.99069846	0.17718348
0.00000000	0.00000000	0.00000000	1.00000000
63	64	40929
0.42075291	-0.59479731	0.68496954	2.15811419
0.55034077	0.76760298	0.32849738	-0.60655987
-0.72117388	0.23875044	0.65031248	0.90231109
0.00000000	0.00000000	0.00000000	1.00000000
64	65	46793
0.85451895	-0.37110510	0.36342579	1.01375675
0.32285419	0.92757785	0.18805429	-0.26348928
-0.40689361	-0.04336241	0.91244584	0.75650787
0.00000000	0.00000000	0.00000000	1.00000000
65	66	57928
0.99589211	-0.05710169	0.07027369	0.39071268
0.05762597	0.99832344	-0.00545442	0.09870704
-0.06984441	0.00948161	0.99751288	-0.08772763
0.00000000	0.00000000	0.00000000	1.00000000
66	67	83223
0.99602294	-0.04704172	0.07566576	0.42924505
0.04881822	0.99856967	-0.02180166	-0.12567258
-0.07453193	0.02540882	0.99689478	0.00302006
0.00000000	0.00000000	0.00000000	1.00000000
67	68	95293
0.99259317	-0.12070964	-0.01370838	-0.12533835
0.11724709	0.98139066	-0.15207136	-0.51591021
0.03180975	0.14933772	0.98827446	-0.41295236
0.00000000	0.00000000	0.00000000	1.00000000
68	69	77281
0.99876875	0.03361458	0.03648210	0.60659748
-0.03432647	0.99922884	0.01906542	-0.67247206
-0.03581309	-0.02029426	0.99915242	0.42351964
0.00000000	0.00000000	0.00000000	1.00000000
69	70	87557
0.93628186	0.24381542	-0.25284481	0.45140532
-0.23602086	0.96981865	0.06120254	0.29274085
0.26013571	0.00237382	0.96556914	-0.10254934
0.00000000	0.00000000	0.00000000	1.00000000
70	71	85202
0.51279354	0.59812844	-0.61586124	0.50087297
-0.56173450	0.77624762	0.28617147	1.61359835
0.64922816	0.19920366	0.73404413	-1.43437576
0.00000000	0.00000000	0.00000000	1.00000000
71	72	84961
0.96406949	0.20193687	-0.17260233	-0.47770679
-0.17823726	0.97348398	0.14338872	0.56086648
0.19698107	-0.10747252	0.97449893	-0.12744653
0.00000000	0.00000000	0.00000000	1.00000000
72	73	81241
0.99868453	-0.01387154	0.04936600	-0.55438739
0.01669603	0.99821895	-0.05727084	-0.37041610
-0.04848364	0.05801971	0.99713737	0.33456734
0.00000000	0.00000000	0.00000000	1.00000000
73	74	106704
0.95989370	-0.20064758	0.19581792	-0.10931349
0.20560217	0.97862244	-0.00509652	-0.83031058
-0.19060919	0.04515270	0.98062694	0.67753923
0.00000000	0.00000000	0.00000000	1.00000000
74	75	54095
0.41822416	-0.70306057	0.57514733	2.65019441
0.68803006	0.65858966	0.30475262	-0.77820218
-0.59304565	0.26826373	0.75916493	0.76307297
0.00000000	0.00000000	0.00000000	1.00000000
75	76	78729
0.47314632	-0.63142204	0.61436045	2.66283965
0.69211102	0.69788182	0.18423748	-0.75594962
-0.54508239	0.33803430	0.76721412	0.38024241
0.00000000	0.00000000	0.00000000	1.00000000
76	77	108278
0.65220374	-0.55417448	0.51722431	1.53401983
0.56405318	0.81062186	0.15727818	-0.58378136
-0.50643259	0.18916449	0.84127444	0.53160316
0.00000000	0.00000000	0.00000000	1.00000000
77	78	111093
0.91914517	-0.21422310	0.33057612	0.72542542
0.25717849	0.96200728	-0.09165879	-0.86692965
-0.29838127	0.16926482	0.93931788	0.51581466
0.00000000	0.00000000	0.00000000	1.00000000
78	79	144063
0.94529378	-0.17308503	0.27651605	0.65104651
0.19789973	0.97811174	-0.06428875	-0.28899220
-0.25933620	0.11549421	0.95885646	0.10016236
0.00000000	0.00000000	0.00000000	1.00000000
79	80	91839
0.95989686	0.15885550	-0.23100384	-0.54225409
-0.16556856	0.98614919	-0.00984203	0.19570366
0.22624075	0.04769431	0.97290319	-0.21633448
0.00000000	0.00000000	0.00000000	1.00000000
80	81	77310
0.98491931	0.13679573	-0.10592875	-0.62135345
-0.13112167	0.98961943	0.05882695	0.20171045
0.11287642	-0.04405026	0.99263215	0.39919645
0.00000000	0.00000000	0.00000000	1.00000000
81	82	82143
0.94381231	0.24904527	-0.21724440	-0.54766107
-0.23941660	0.96838963	0.07000703	0.35338461
0.22781211	-0.01406155	0.97360355	-0.31686628
0.00000000	0.00000000	0.00000000	1.00000000
82	83	93931
0.81350499	0.37507528	-0.44444162	-0.67278868
-0.38023981	0.92128938	0.08150879	0.91584766
0.44003123	0.10268661	0.89209187	-1.23496330
0.00000000	0.00000000	0.00000000	1.00000000
83	84	90257
0.70324910	0.44914728	-0.55109638	-0.44110715
-0.47255486	0.87445199	0.10966136	0.96272713
0.53116155	0.18330403	0.82720447	-1.21526206
0.00000000	0.00000000	0.00000000	1.00000000
84	85	134116
0.78557283	0.29314697	-0.54492223	0.33458751
-0.40061232	0.91212249	-0.08684583	1.03596687
0.47157717	0.28652626	0.83397698	-1.13261640
0.00000000	0.00000000	0.00000000	1.00000000
85	86	175919
0.90530777	0.26345429	-0.33318108	-0.11183894
-0.20766921	0.95879489	0.19387080	0.02081047
0.37052843	-0.10632128	0.92271578	-0.64904624
0.00000000	0.00000000	0.00000000	1.00000000
86	87	138303
0.88786042	-0.23414923	0.39607796	0.25133470
0.24744044	0.96873558	0.01801676	-0.51451367
-0.38791344	0.08200936	0.91804022	0.77273113
0.00000000	0.00000000	0.00000000	1.00000000
87	88	126025
0.88699353	-0.30937725	0.34282371	0.16858730
0.28670689	0.95092660	0.11635096	-0.74565315
-0.36199653	-0.00491263	0.93216646	1.14002228
0.00000000	0.00000000	0.00000000	1.00000000
88	89	131580
0.98792320	-0.11254568	0.10649556	0.11471353
0.12012210	0.99045438	-0.06760883	-0.17076045
-0.09786991	0.07958480	0.99201190	0.35119563
0.00000000	0.00000000	0.00000000	1.00000000
89	90	115985
0.77443683	0.40011698	-0.49005520	0.35875931
-0.35110337	0.91618931	0.19319366	0.55587417
0.52628338	0.02244376	0.85001302	-1.22686136
0.00000000	0.00000000	0.00000000	1.00000000
90	91	106808
0.84550250	0.38698399	-0.36792514	-0.24533093
-0.35266596	0.92207271	0.15940037	0.50118738
0.40093911	-0.00501875	0.91609091	-0.36906645
0.00000000	0.00000000	0.00000000	1.00000000
91	92	110764
0.91384369	0.29918101	-0.27455512	-0.86946154
-0.28757891	0.95419002	0.08258201	0.62028831
0.28668466	0.00348921	0.95801866	-0.48918310
0.00000000	0.00000000	0.00000000	1.00000000
92	93	54022
0.61375725	-0.60625041	0.50572944	2.22176719
0.60022175	0.77444088	0.19993809	-1.03863454
-0.51287013	0.18083641	0.83920348	1.03881240
0.00000000	0.00000000	0.00000000	1.00000000
93	94	76076
0.29180586	-0.63816440	0.71245718	2.80911899
0.72555017	0.63304740	0.26986676	-1.00645280
-0.62323862	0.43817475	0.64774734	0.53819138
0.00000000	0.00000000	0.00000000	1.00000000
94	95	88373
0.93592340	-0.28115812	0.21212608	0.43587446
0.26823294	0.95932251	0.08804124	-0.69767362
-0.22825083	-0.02550066	0.97326827	0.76491559
0.00000000	0.00000000	0.00000000	1.00000000
95	96	58092
0.99604589	0.08426514	-0.02814359	0.51530170
-0.08670416	0.99108273	-0.10118030	-0.20343360
0.01936667	0.10322038	0.99447000	-0.21254009
0.00000000	0.00000000	0.00000000	1.00000000
96	97	49151
0.99726719	0.05067204	-0.05376158	0.09049572
-0.05239131	0.99814332	-0.03106670	-0.01947915
0.05208756	0.03379843	0.99807042	-0.03006896
0.00000000	0.00000000	0.00000000	1.00000000
97	98	70401
0.99503177	0.06536954	-0.07509134	0.25388333
-0.06529909	0.99785995	0.00339541	0.14478931
0.07515261	0.00152486	0.99717093	-0.19534983
0.00000000	0.00000000	0.00000000	1.00000000
98	99	73872
0.77404636	0.42735571	-0.46713963	0.08912420
-0.44985867	0.89041686	0.06917277	1.30743062
0.44551045	0.15660390	0.88147354	-1.10660720
0.00000000	0.00000000	0.00000000	1.00000000
99	100	89907
0.97640061	0.11471784	-0.18297976	0.23736969
-0.11068747	0.99333590	0.03212398	0.29847208
0.18544556	-0.01111231	0.98259169	-0.22699976
0.00000000	0.00000000	0.00000000	1.00000000
100	101	78927
0.99973530	0.01603321	-0.01650199	0.49647260
-0.01348260	0.98941368	0.14449446	-0.23280087
0.01864401	-0.14423370	0.98936802	0.39141136
0.00000000	0.00000000	0.00000000	1.00000000
101	102	96811
0.99977273	-0.02075438	0.00486958	0.07543480
0.02117916	0.99302846	-0.11595663	-0.45930582
-0.00242902	0.11603342	0.99324232	-0.19905818
0.00000000	0.00000000	0.00000000	1.00000000
102	103	137476
0.97628677	-0.11174868	0.18540874	0.54511416
0.12491971	0.99029541	-0.06091004	-0.07323806
-0.17680283	0.08262689	0.98077202	-0.16160211
0.00000000	0.00000000	0.00000000	1.00000000
103	104	124689
0.99932480	0.03154403	-0.01884261	0.13601921
-0.03266059	0.99752748	-0.06222683	-0.25056010
0.01683314	0.06280021	0.99788415	-0.01051605
0.00000000	0.00000000	0.00000000	1.00000000
104	105	94569
0.90654254	-0.27389053	0.32119262	0.39692396
0.23052923	0.95865840	0.16682498	-0.61084086
-0.35360578	-0.07718961	0.93220437	1.00808752
0.00000000	0.00000000	0.00000000	1.00000000
105	106	91230
0.97393113	-0.16015907	0.16064617	0.13047686
0.17299177	0.98248410	-0.06927206	-0.35475242
-0.14673775	0.09525669	0.98457819	0.14269055
0.00000000	0.00000000	0.00000000	1.00000000
106	107	103692
0.86638099	0.30378181	-0.39635918	-0.49501684
-0.31505078	0.94830739	0.03815864	0.75087571
0.38746220	0.09181333	0.91730219	-0.91952723
0.00000000	0.00000000	0.00000000	1.00000000
107	108	94227
0.89097893	0.31413019	-0.32783994	-0.60512882
-0.28971538	0.94927800	0.12221380	0.80623329
0.34960225	-0.01390965	0.93679482	-0.61471313
0.00000000	0.00000000	0.00000000	1.00000000
108	109	103344
0.91565740	0.26514900	-0.30210534	-0.28064746
-0.24844535	0.96415275	0.09319039	0.91602945
0.31598508	-0.01027379	0.94870865	-0.69017935
0.00000000	0.00000000	0.00000000	1.00000000
109	110	84514
0.99157751	-0.09513526	0.08788349	0.31834257
0.11064163	0.97494948	-0.19295633	-0.62378049
-0.06732500	0.20105472	0.97726363	-0.01267806
0.00000000	0.00000000	0.00000000	1.00000000
110	111	59452
0.99283791	0.11764408	0.02080242	-0.50473613
-0.11932252	0.96784788	0.22143343	0.29965732
0.00591676	-0.22232974	0.97495359	0.88260400
0.00000000	0.00000000	0.00000000	1.00000000
111	112	57007
0.97738612	-0.20589022	-0.04822615	0.36439374
0.20678066	0.97828406	0.01421179	-0.52133518
0.04425281	-0.02386264	0.99873537	0.27190289
0.00000000	0.00000000	0.00000000	1.00000000
112	113	46005
0.90880096	0.35197359	-0.22404353	-0.59507751
-0.35739112	0.93379474	0.01728994	0.73833579
0.21529627	0.06435804	0.97442573	-0.49466187
0.00000000	0.00000000	0.00000000	1.00000000
113	114	59002
0.97359395	0.05397976	-0.22181290	-0.22920437
-0.12432052	0.94029361	-0.31684759	0.19130611
0.19146591	0.33605680	0.92217499	-1.31650317
0.00000000	0.00000000	0.00000000	1.00000000
114	115	61309
0.99898988	-0.01451087	-0.04252814	-0.03257866
0.00078115	0.95188934	-0.30644134	0.23108841
0.04492881	0.30609861	0.95093888	-0.67999983
0.00000000	0.00000000	0.00000000	1.00000000
115	116	63876
0.99946499	0.03199429	0.00676475	-0.08633901
-0.03160631	0.99818480	-0.05126835	-0.23765792
-0.00839276	0.05102710	0.99866182	-0.19997972
0.00000000	0.00000000	0.00000000	1.00000000
116	117	66282
0.99181628	-0.11498263	0.05549328	0.32221344
0.07428454	0.87321424	0.48164153	0.45708305
-0.10383796	-0.47357762	0.87460953	1.19933009
0.00000000	0.00000000	0.00000000	1.00000000
117	118	58262
0.95751876	0.24801274	-0.14713059	-0.35836619
-0.20343016	0.94256407	0.26493260	0.60651672
0.20438667	-0.22374710	0.95297599	0.44381431
0.00000000	0.00000000	0.00000000	1.00000000
118	119	58242
0.67549127	0.52679187	-0.51594728	-0.80347061
-0.55060178	0.82576621	0.12226100	1.16831040
0.49045795	0.20149525	0.84785056	-1.13399851
0.00000000	0.00000000	0.00000000	1.00000000
119	120	79857
0.90426975	0.26453048	-0.33514151	-0.63036972
-0.26667300	0.96293479	0.04052418	0.52267325
0.33343926	0.05272836	0.94129598	-0.93566322
0.00000000	0.00000000	0.00000000	1.00000000
120	121	75294
0.99884981	0.00309458	-0.04784730	-0.25073585
0.00226135	0.99376398	0.11148027	0.32049340
0.04789390	-0.11146026	0.99261409	-0.17635027
0.00000000	0.00000000	0.00000000	1.00000000
121	122	77438
0.99270242	-0.11308365	0.04188163	0.38053897
0.11563057	0.99120086	-0.06442311	-0.27633819
-0.03422792	0.06879579	0.99704349	-0.08118160
0.00000000	0.00000000	0.00000000	1.00000000
122	123	119536
0.88210076	0.37666136	-0.28288522	-0.54867935
-0.37203273	0.92541468	0.07210569	0.36884698
0.28894562	0.04163804	0.95643955	-0.18022272
0.00000000	0.00000000	0.00000000	1.00000000
123	124	64010
0.40318006	0.64948338	-0.64468390	-0.28176415
-0.65123123	0.69856405	0.29648992	1.69756556
0.64291823	0.30029938	0.70461088	-1.50768900
0.00000000	0.00000000	0.00000000	1.00000000
124	125	71068
0.74285787	0.44746548	-0.49793258	-0.59165347
-0.46561632	0.87976921	0.09595604	1.30468798
0.48100278	0.16056386	0.86189061	-0.82773644
0.00000000	0.00000000	0.00000000	1.00000000
125	126	47988
0.66922706	0.48826548	-0.56011766	-0.70296443
-0.48104167	0.85920835	0.17424121	1.34860849
0.56633371	0.15283301	0.80988151	-1.49222326
0.00000000	0.00000000	0.00000000	1.00000000
126	127	59675
0.99609286	0.02459600	-0.08481874	-0.39781341
-0.01078298	0.98712045	0.15961526	-0.10045806
0.08765222	-0.15807703	0.98352885	-0.13796817
0.00000000	0.00000000	0.00000000	1.00000000
127	128	58580
0.98092049	-0.11759177	0.15481320	0.24659739
0.14100349	0.97855902	-0.15013400	-0.88237804
-0.13383935	0.16909873	0.97646940	0.12621336
0.00000000	0.00000000	0.00000000	1.00000000
128	129	61795
0.99987370	0.01489099	0.00551846	0.10820634
-0.01403062	0.99111605	-0.13225748	-0.29773620
-0.00743888	0.13216335	0.99119997	-0.18158844
0.00000000	0.00000000	0.00000000	1.00000000
129	130	71390
0.67814845	-0.35132238	0.64551336	1.64159238
0.37895060	0.91972786	0.10245535	-0.70880538
-0.62969136	0.17513770	0.75684577	0.76118946
0.00000000	0.00000000	0.00000000	1.00000000
130	131	107861
0.89330357	-0.20271197	0.40114406	0.61050087
0.22475407	0.97438169	-0.00811377	-0.71630508
-0.38922265	0.09740680	0.91597915	0.80211788
0.00000000	0.00000000	0.00000000	1.00000000
131	132	116733
0.95156318	-0.17192189	0.25489277	0.44247440
0.15366004	0.98401105	0.09006068	-0.15298267
-0.26630065	-0.04653160	0.96276611	0.86595666
0.00000000	0.00000000	0.00000000	1.00000000
132	133	98064
0.98534364	-0.14946167	0.08221350	0.41552499
0.12228519	0.95493895	0.27044025	0.00906272
-0.11892932	-0.25642309	0.95921993	1.19782448
0.00000000	0.00000000	0.00000000	1.00000000
133	134	94856
0.99999702	-0.00155468	-0.00179849	0.02973237
0.00159181	0.99978167	0.02083550	-0.21920119
0.00176570	-0.02083831	0.99978131	0.29462653
0.00000000	0.00000000	0.00000000	1.00000000
134	135	82475
0.99565858	-0.01121036	0.09240335	0.10591143
0.01646809	0.99827605	-0.05633515	-0.49577352
-0.09161254	0.05761227	0.99412674	0.48986971
0.00000000	0.00000000	0.00000000	1.00000000
135	136	83953
0.67523950	0.54447907	-0.49758825	0.33764836
-0.55705589	0.81861943	0.13982454	1.13079631
0.48346695	0.18276940	0.85606956	-1.00206745
0.00000000	0.00000000	0.00000000	1.00000000
136	137	115904
0.91969043	0.25757450	-0.29635319	-0.29732314
-0.24836440	0.96620530	0.06901069	1.10021496
0.30411336	0.01013511	0.95258200	-1.22732484
0.00000000	0.00000000	0.00000000	1.00000000
137	138	102384
0.97874063	-0.17250505	0.11094438	0.68392217
0.16698256	0.98429054	0.05734853	-0.30408239
-0.11909442	-0.03760357	0.99217063	0.33338898
0.00000000	0.00000000	0.00000000	1.00000000
138	139	89629
0.99841583	0.05602192	0.00524464	-0.20491537
-0.05582770	0.99793327	-0.03181982	-0.31114119
-0.00701641	0.03147661	0.99947989	0.31140906
0.00000000	0.00000000	0.00000000	1.00000000
139	140	68537
0.85045743	-0.41315302	0.32561758	0.80535966
0.40962008	0.90848577	0.08285552	-0.91566586
-0.33005095	0.06291438	0.94186425	0.83930677
0.00000000	0.00000000	0.00000000	1.00000000
140	141	81710
0.71451610	-0.46201995	0.52536124	2.03826046
0.48900440	0.86684209	0.09726034	-0.72310197
-0.50034142	0.18740994	0.84530228	0.56068057
0.00000000	0.00000000	0.00000000	1.00000000
141	142	70652
0.71401411	-0.51593149	0.47328472	1.51109743
0.48621845	0.85179651	0.19502388	-1.07899070
-0.50376117	0.09086994	0.85905010	1.24326313
0.00000000	0.00000000	0.00000000	1.00000000
142	143	63130
0.82740664	-0.52339017	0.20361958	1.13197863
0.50569701	0.85204661	0.13523068	-1.02933407
-0.24427173	-0.00892097	0.96966571	0.72387475
0.00000000	0.00000000	0.00000000	1.00000000
143	144	91720
0.98775887	-0.05747289	0.14501476	0.05586452
0.07928056	0.98559332	-0.14939980	-0.20277341
-0.13433914	0.15906782	0.97808498	0.03755517
0.00000000	0.00000000	0.00000000	1.00000000
144	145	67156
0.60627186	0.63979936	-0.47232503	0.11118071
-0.59779865	0.75834435	0.25990519	1.83189094
0.52447218	0.12478200	0.84223408	-1.37763250
0.00000000	0.00000000	0.00000000	1.00000000
145	146	75912
0.15016447	0.71007973	-0.68792260	0.22472337
-0.73477906	0.54569793	0.40288153	2.23477435
0.66147590	0.44497260	0.60369611	-2.14026833
0.00000000	0.00000000	0.00000000	1.00000000
146	147	73235
0.96945113	0.17797534	-0.16878781	-0.68249995
-0.17961806	0.98372042	0.00561114	0.41844499
0.16703865	0.02487760	0.98563647	-0.47238442
0.00000000	0.00000000	0.00000000	1.00000000
147	148	102533
0.97510493	0.14853980	-0.16464031	-0.87512594
-0.15473998	0.98762804	-0.02542289	0.06450441
0.15882708	0.05026642	0.98602599	-0.22675970
0.00000000	0.00000000	0.00000000	1.00000000
148	149	125617
0.70640951	-0.48997149	0.51079708	1.15123272
0.50646204	0.85403854	0.11880448	-1.20909119
-0.49445125	0.17477475	0.85145277	1.13017368
0.00000000	0.00000000	0.00000000	1.00000000
149	150	95558
0.74363571	0.44495520	-0.49901980	-0.48109043
-0.44229198	0.88711810	0.13190606	1.03303456
0.50138181	0.12262239	0.85649288	-1.11088467
0.00000000	0.00000000	0.00000000	1.00000000
150	151	117939
0.66281474	0.44025266	-0.60568470	-0.17221484
-0.47767422	0.87152773	0.11075530	1.09396338
0.57663149	0.21590976	0.78795898	-1.44762456
0.00000000	0.00000000	0.00000000	1.00000000
151	152	95597
0.91000950	-0.29704389	0.28921905	1.05669677
0.24901600	0.94936967	0.19154182	-0.43648574
-0.33147210	-0.10228471	0.93790406	1.14155638
0.00000000	0.00000000	0.00000000	1.00000000
152	153	37879
0.24975325	-0.87452692	0.41572356	3.44156742
0.69458187	0.46093550	0.55235350	-0.60260528
-0.67466968	0.15080202	0.72255069	1.63145435
0.00000000	0.00000000	0.00000000	1.00000000
153	154	45189
0.11757305	-0.84280193	0.52522528	3.25745320
0.89477885	0.31932035	0.31209832	-0.76112658
-0.43075219	0.43326607	0.79166478	0.05010701
0.00000000	0.00000000	0.00000000	1.00000000
154	155	61682
0.75183457	-0.53206074	0.38943040	1.42249513
0.57790160	0.81610620	-0.00068901	-0.78072917
-0.31744993	0.22557048	0.92105567	0.06292243
0.00000000	0.00000000	0.00000000	1.00000000
155	156	104037
0.91495377	-0.22990753	0.33166587	1.36539984
0.27748069	0.95515370	-0.10337168	-0.68315637
-0.29302603	0.18661116	0.93771631	0.23129725
0.00000000	0.00000000	0.00000000	1.00000000
156	157	70095
0.84592175	0.30923703	-0.43449855	0.12380429
-0.35025278	0.93652916	-0.01536699	0.46878490
0.40216848	0.16518357	0.90054142	-0.97220522
0.00000000	0.00000000	0.00000000	1.00000000
157	158	61547
0.96744657	-0.05021747	0.24804272	0.17240982
0.07874834	0.99119246	-0.10647205	-0.66086996
-0.24051131	0.12253898	0.96288025	0.29818085
0.00000000	0.00000000	0.00000000	1.00000000
158	159	102675
0.79003233	-0.42420989	0.44260004	1.22506714
0.37659326	0.90548289	0.19564822	-0.75027543
-0.48376268	0.01211176	0.87511545	1.20425868
0.00000000	0.00000000	0.00000000	1.00000000
159	160	56651
0.78006262	0.35852829	-0.51279616	-0.40855733
-0.42312714	0.90601277	-0.01020761	0.92942917
0.46094012	0.22494055	0.85844976	-1.34436715
0.00000000	0.00000000	0.00000000	1.00000000
160	161	53269
0.96251678	0.15540154	-0.22228727	-0.23077655
-0.15511256	0.98771650	0.01886849	0.44388655
0.22248901	0.01631830	0.97479856	-0.58451879
0.00000000	0.00000000	0.00000000	1.00000000
161	162	73553
0.77619356	-0.43496299	0.45643273	1.70017314
0.36964622	0.90039945	0.22943920	-0.44399759
-0.51076943	-0.00937060	0.85966665	1.09859931
0.00000000	0.00000000	0.00000000	1.00000000
162	163	78893
0.95024699	-0.12072107	0.28715366	0.68808556
0.16741613	0.97531563	-0.14398389	-0.58535117
-0.26268351	0.18489434	0.94700128	0.36085853
0.00000000	0.00000000	0.00000000	1.00000000
163	164	73912
0.99990630	0.01268737	-0.00514798	0.16353311
-0.01365267	0.95235854	-0.30467516	0.07836921
0.00103720	0.30471689	0.95244241	-0.48481086
0.00000000	0.00000000	0.00000000	1.00000000
164	165	26453
0.88541353	-0.22255136	0.40806118	0.78464103
0.15354159	0.96868020	0.19515048	0.00475830
-0.43871176	-0.11013450	0.89185333	1.46061993
0.00000000	0.00000000	0.00000000	1.00000000
165	166	27341
0.97290128	-0.13487479	0.18780772	0.24868512
0.11951455	0.98866326	0.09089023	-0.32350284
-0.19793738	-0.06598149	0.97799152	0.58771628
0.00000000	0.00000000	0.00000000	1.00000000
166	167	25813
0.77100909	0.35294843	-0.53006828	0.20332010
-0.32621762	0.93375611	0.14724702	0.80054253
0.54692507	0.05938883	0.83507246	-1.06141007
0.00000000	0.00000000	0.00000000	1.00000000
167	168	24919
0.51778793	0.44396824	-0.73129189	-0.26161623
-0.38475177	0.88432485	0.26445287	1.11850762
0.76410830	0.14443532	0.62871051	-1.97576964
0.00000000	0.00000000	0.00000000	1.00000000
168	169	49559
0.84572434	0.28632948	-0.45029506	-0.69833452
-0.22977504	0.95701605	0.17698528	0.33957317
0.48161572	-0.04621419	0.87516314	-0.71707904
0.00000000	0.00000000	0.00000000	1.00000000
169	170	34387
0.89641905	-0.29509702	0.33068222	0.56376547
0.30139619	0.95291585	0.03334130	-0.24473798
-0.32495129	0.06977860	0.94315302	0.33127502
0.00000000	0.00000000	0.00000000	1.00000000
170	171	51685
0.79508686	-0.31116322	0.52059025	1.13185072
0.35004014	0.93639874	0.02508782	-0.43697017
-0.49528652	0.16228047	0.85343808	0.54623896
0.00000000	0.00000000	0.00000000	1.00000000
171	172	56934
0.69048399	-0.37706071	0.61729825	1.53556776
0.40480578	0.90866917	0.10223825	-0.51122338
-0.59946984	0.17929205	0.78005785	0.67935562
0.00000000	0.00000000	0.00000000	1.00000000
172	173	56497
0.98284602	-0.08054644	0.16590996	0.41311067
0.09892242	0.98947167	-0.10564215	-0.46685979
-0.15565410	0.12024219	0.98046607	-0.12559269
0.00000000	0.00000000	0.00000000	1.00000000
173	174	36867
0.99937725	0.03511285	0.00350069	-0.04680251
-0.03149326	0.93228352	-0.36035490	-0.03470575
-0.01591673	0.36002022	0.93280870	-0.59987336
0.00000000	0.00000000	0.00000000	1.00000000
174	175	56784
0.97053814	0.05971087	-0.23343149	-0.30357194
-0.06424903	0.99786311	-0.01187873	0.23423052
0.23222344	0.02652651	0.97230071	-0.61551422
0.00000000	0.00000000	0.00000000	1.00000000
175	176	59470
0.75236720	-0.16769803	0.63704091	0.97370315
0.11751375	0.98570943	0.12069558	-0.10184783
-0.64817750	-0.01594633	0.76132226	1.23986256
0.00000000	0.00000000	0.00000000	1.00000000
176	177	45574
0.84513831	-0.09442510	0.52614194	0.61146581
0.06748943	0.99524689	0.07020614	-0.21584916
-0.53027034	-0.02382488	0.84749389	1.57748783
0.00000000	0.00000000	0.00000000	1.00000000
177	178	53721
0.98869586	-0.00784034	-0.14972968	-0.07045295
-0.02542234	0.97540605	-0.21894445	-0.04009410
0.14776383	0.22027594	0.96418071	-0.82828587
0.00000000	0.00000000	0.00000000	1.00000000
178	179	44153
0.91743582	-0.12976657	0.37612790	0.59094638
0.00820770	0.95129198	0.30818203	0.31448945
-0.39779922	-0.27965012	0.87381434	1.38190782
0.00000000	0.00000000	0.00000000	1.00000000
179	180	28786
0.86763310	-0.08827238	0.48930624	0.55172169
0.13596873	0.98872530	-0.06272931	-0.57053512
-0.47825217	0.12095639	0.86985302	0.56178457
0.00000000	0.00000000	0.00000000	1.00000000
180	181	37597
0.99687558	0.05532684	-0.05637332	0.54961568
-0.05871823	0.99644613	-0.06039282	-0.23719108
0.05283163	0.06351428	0.99658149	-0.30938178
0.00000000	0.00000000	0.00000000	1.00000000
181	182	32365
0.92402959	0.08618198	-0.37248111	0.60663188
-0.10240076	0.99445510	-0.02394006	0.33219165
0.36835250	0.06026366	0.92773098	-0.78069389
0.00000000	0.00000000	0.00000000	1.00000000
182	183	36941
0.97498047	0.05014377	-0.21656196	0.11655582
-0.00628415	0.98005337	0.19863437	0.70440269
0.22220258	-0.19230369	0.95584786	0.00649727
0.00000000	0.00000000	0.00000000	1.00000000
183	184	72604
0.99376106	0.07273450	-0.08455046	-0.48484823
-0.04649007	0.95923454	0.27876142	0.55378997
0.10137929	-0.27309150	0.95663118	0.27041402
0.00000000	0.00000000	0.00000000	1.00000000
184	185	58150
0.99500513	0.04471336	-0.08925034	-0.73338085
-0.04810079	0.99818736	-0.03617057	-0.21389660
0.08747125	0.04028291	0.99535227	0.09199098
0.00000000	0.00000000	0.00000000	1.00000000
185	186	48701
0.66427004	-0.33704665	0.66719174	0.95160776
0.47308701	0.88062769	-0.02614682	-1.21971655
-0.57873476	0.33300832	0.74442703	0.66632152
0.00000000	0.00000000	0.00000000	1.00000000
186	187	60538
0.92084724	0.00801553	-0.38984129	0.13189991
-0.12429075	0.95367026	-0.27397972	0.10749646
0.36958393	0.30074710	0.87918079	-1.41000533
0.00000000	0.00000000	0.00000000	1.00000000
187	188	34369
0.57821429	0.24824086	-0.77720320	0.35269666
-0.11010904	0.96761692	0.22714195	0.43150938
0.80842090	-0.04575961	0.58682328	-1.24234474
0.00000000	0.00000000	0.00000000	1.00000000
188	189	39398
0.88426447	0.23357368	-0.40437567	-0.20977193
-0.17366280	0.96829921	0.17954932	0.70367956
0.43349460	-0.08854409	0.89679557	-1.07324338
0.00000000	0.00000000	0.00000000	1.00000000
189	190	77324
0.98019201	0.09189598	-0.17543919	-0.18496117
-0.06929730	0.98897588	0.13086158	0.53149372
0.18553077	-0.11611198	0.97575426	-0.65729719
0.00000000	0.00000000	0.00000000	1.00000000
190	191	82828
0.86814100	0.35065418	-0.35124451	-0.76957941
-0.26075140	0.92440152	0.27837101	0.96861500
0.42230293	-0.15007776	0.89394456	-0.73637086
0.00000000	0.00000000	0.00000000	1.00000000
191	192	83755
0.83751124	-0.43333346	0.33286208	0.85157073
0.44405225	0.89473921	0.04753229	-0.68350345
-0.31842208	0.10799930	0.94177681	0.28528881
0.00000000	0.00000000	0.00000000	1.00000000
192	193	82580
0.76988912	-0.44097757	0.46131298	1.52116096
0.43828344	0.89078230	0.12006030	-0.71828014
-0.46387333	0.10975270	0.87907672	0.82695699
0.00000000	0.00000000	0.00000000	1.00000000
193	194	44283
0.58512938	-0.60926259	0.53518468	2.25038028
0.58869243	0.77302110	0.23638849	-0.73927498
-0.55773169	0.17674136	0.81098574	0.85781807
0.00000000	0.00000000	0.00000000	1.00000000
194	195	47669
0.80459136	-0.50104165	0.31873181	1.54508102
0.46584967	0.86542320	0.18446365	-0.50821042
-0.36826190	0.00006326	0.92972207	0.66959018
0.00000000	0.00000000	0.00000000	1.00000000
195	196	67467
0.35129181	-0.71236789	0.60755754	2.70082164
0.79640782	0.56854355	0.20613787	-0.57665956
-0.49226892	0.41144904	0.76706004	-0.00573881
0.00000000	0.00000000	0.00000000	1.00000000
196	197	87994
0.85018742	-0.38673738	0.35723287	1.03210914
0.38158378	0.92013657	0.08799142	-1.10247588
-0.36273265	0.06150508	0.92986137	1.05240309
0.00000000	0.00000000	0.00000000	1.00000000
197	198	56426
0.38614911	0.75925094	-0.52385741	-0.53218746
-0.74873525	0.58969110	0.30275422	2.13372684
0.53878039	0.27532223	0.79618651	-1.44975328
0.00000000	0.00000000	0.00000000	1.00000000
198	199	46856
0.60296369	0.57349300	-0.55456346	-0.63371640
-0.65639448	0.75172365	0.06370097	1.78032553
0.45341054	0.32560298	0.82969975	-1.68976545
0.00000000	0.00000000	0.00000000	1.00000000
199	200	46326
0.99929446	0.03727955	-0.00457260	-0.10894970
-0.03674869	0.99561536	0.08602064	0.01517084
0.00775936	-0.08579189	0.99628288	0.30070928
0.00000000	0.00000000	0.00000000	1.00000000
200	201	74866
0.84121674	-0.38234854	0.38231391	1.05968523
0.45220947	0.88512707	-0.10980293	-0.63628298
-0.29641342	0.26525405	0.91748542	-0.27309695
0.00000000	0.00000000	0.00000000	1.00000000
201	202	38495
0.81078368	0.19324070	-0.55252844	-0.22321783
-0.37525338	0.89604038	-0.23726895	0.79920453
0.44923788	0.39971203	0.79900914	-1.82826948
