2	9	1
0.8944632615070001	0.20774592633600003	-0.395961646747	-0.674283965945
-0.162702827726	0.9760318741620001	0.144546057466	-0.45807601418200006
0.416498678391	-0.064869250765	0.90682407755	1.7382018504340002
0.0	0.0	0.0	1.0
2	36	2
0.870887518304	-0.25739533101900003	0.41870169569800003	-2.2816558558530007
0.196515561908	0.9632008679940001	0.183378095362	-0.7265541398300001
-0.45049663510800003	-0.07741871669400002	0.889418738362	1.625377707402
0.0	0.0	0.0	1.0
4	30	3
0.9013303976239999	-0.196065564186	0.38622396257799996	-1.468863455992
0.276937075715	0.9464742862940001	-0.16581457353699997	-0.22537142948599992
-0.333039560844	0.256410050833	0.907381160879	-0.5514274903099999
0.0	0.0	0.0	1.0
7	49	4
-0.290444172686	-0.726571963352	0.6226894674419999	-0.57177172202
0.31454145797699995	0.542088571796	0.7792328064520001	-0.597219576061
-0.903717447432	0.42218409451000005	0.07109183385900004	1.5249512145710002
0.0	0.0	0.0	1.0
8	10	5
0.46600589805000003	0.20038290569400002	-0.861796224757	-0.0615893450790001
-0.34964523843799994	0.93644399176	0.028672384656999988	-0.48326564005399997
0.81276783797	0.28795986791	0.5064531729749999	1.2339421576370002
0.0	0.0	0.0	1.0
8	32	6
0.927122410137	-0.126714963833	0.352696523811	-1.79153011129
0.21795378319599998	0.947891909912	-0.232375608375	-0.26007689163299996
-0.30487495553099997	0.292310506707	0.906427215279	-0.5483682353300001
0.0	0.0	0.0	1.0
8	33	7
0.987016581456	-0.08612454802899999	-0.13560842537100007	-1.8984564246470002
0.05574339979900002	0.97530905807	-0.213703832078	-0.303956527068
0.150661702696	0.203368015375	0.967443793729	-0.41350390453899993
0.0	0.0	0.0	1.0
8	39	8
-0.436481853617	-0.376383374149	0.817205321205	-0.8597281963060001
0.30196654415199997	0.794322292461	0.5271297715900001	-0.8818247066299999
-0.847525715685	0.476851747911	-0.233056370791	1.4752040221099998
0.0	0.0	0.0	1.0
9	32	9
0.620415327957	-0.132844086709	0.772943481156	-2.077618593951
0.34630019226899994	0.930673333943	-0.118011345603	-0.31517804814699996
-0.703682360578	0.340885541899	0.623406165441	-0.3400479612109999
0.0	0.0	0.0	1.0
9	33	10
0.915131943527	-0.144454758747	0.37639237039100004	-2.0988567441150003
0.22328851697799998	0.958944970439	-0.174853601795	-0.3676480179379999
-0.33568315712100005	0.24405604213700002	0.90981387954	-0.1716945419289999
0.0	0.0	0.0	1.0
10	32	11
0.10804534334799999	-0.152895015409	0.982318822185	-2.332795416242
0.302088122302	0.946430407334	0.114082223304	-0.6508794632960001
-0.947140743138	0.284422034334	0.14844658623300003	0.594595912561
0.0	0.0	0.0	1.0
10	33	12
0.562916250437	-0.215855250015	0.797830176926	-2.257668349582
0.293365321442	0.9546267100979999	0.051290238938000006	-0.6745608056679999
-0.7727014263790001	0.205182741776	0.6007008841520001	0.7537880145419998
0.0	0.0	0.0	1.0
10	35	13
0.417758789308	-0.478912221647	0.772088223508	-1.853745649143
0.269441438662	0.876871482586	0.398119663252	-0.6103085777759999
-0.8676876604379999	0.04171426992499998	0.495362718972	0.864768660105
0.0	0.0	0.0	1.0
10	36	14
0.033777045962000006	-0.468998895393	0.882552540617	-1.3289522670109999
0.343175878064	0.834809025744	0.43049561403199993	-0.669929887826
-0.9386686900900001	0.28833078786000005	0.18914857292099999	1.006687546787
0.0	0.0	0.0	1.0
11	32	15
0.07276665363400002	-0.116741699211	0.990493710552	-2.391247928041
-0.058313714123	0.990930529422	0.12107642622300001	-0.266899511476
-0.995645683501	-0.06656777250099999	0.06529944730800001	0.8738203014
0.0	0.0	0.0	1.0
11	33	16
0.534662515772	-0.182977397443	0.8250193509379999	-2.3096499134499995
-0.022209968602000002	0.97290028211	0.230167853621	-0.235419154354
-0.844777250707	-0.141385946871	0.516109974089	1.0284091067780001
0.0	0.0	0.0	1.0
11	35	17
0.38484331655799997	-0.454935725624	0.803074863744	-1.89969819075
-0.072637351271	0.85246118947	0.517721766162	-0.15170381291099996
-0.920120908777	-0.257574273303	0.29502043947400003	1.095713123572
0.0	0.0	0.0	1.0
11	36	18
-1.7629371999999337e-05	-0.434990053293	0.90043549332	-1.37067847132
-0.014041059417999997	0.9003473950890001	0.434948721867	-0.17740565400999997
-0.9999056748880001	-0.012632989764000005	-0.006122690464000009	1.2320262292550002
0.0	0.0	0.0	1.0
12	14	19
0.39521525570800004	0.114978733076	-0.9113660771800001	-0.16870365538800008
-0.019960086432000004	0.9929771076	0.11661715552499999	-0.112065805593
0.9183767746479998	-0.02789537103	0.394732601186	0.9972643528340001
0.0	0.0	0.0	1.0
12	33	20
0.284000571704	-0.16916588554	0.9437839607480001	-2.110588205248
0.048056181536999996	0.9855896370719999	0.162197723226	-0.283062816816
-0.957621762492	-0.0007099491419999942	0.28804076215200003	1.24814596804
0.0	0.0	0.0	1.0
13	23	21
0.988147245629	-0.12133222646000003	0.09407944434899998	-1.159772095408
0.046787135246	0.821576317	0.568176340102	-0.367560937648
-0.14622756513399993	-0.55703768881	0.8175159378879999	2.202802889426
0.0	0.0	0.0	1.0
16	20	22
0.545444798805	-0.39562797248799997	0.7389030492349999	-0.24045550204800006
0.269605593399	0.917548672799	0.29226389209299997	-0.40280059029400006
-0.793603251567	0.03979791510700004	0.6071323154799999	1.1683315651769999
0.0	0.0	0.0	1.0
16	21	23
0.421761875402	-0.60662471718	0.6738936519489999	-0.1628822651110001
0.284709445952	0.794240430639	0.53677241748	-0.498245290552
-0.860847024047	-0.03452635635	0.507689848847	1.192976637385
0.0	0.0	0.0	1.0
16	22	24
0.460279202266	-0.6218207863099999	0.6336337114659998	-0.1652934245480001
0.28106905164	0.7790808430789999	0.5603881261029999	-0.52693347485
-0.842107780126	-0.07983933105999998	0.533367736505	1.3218449079439998
0.0	0.0	0.0	1.0
17	23	25
0.988288750578	-0.11313938872	0.10243663647099997	-0.6946874009529999
0.06780429586899998	0.926772030175	0.369455283835	-0.38696789661700015
-0.13672972927699992	-0.35818109110999996	0.92358811597	0.7728552660950002
0.0	0.0	0.0	1.0
17	34	26
-0.12974953011999996	-0.421652153528	0.8974300692130001	-0.6732914407469998
0.278379711439	0.8531855802920001	0.441112492294	-0.20488282219400017
-0.9516682429819999	0.30705784806499997	0.006682723339000019	0.5422130610250002
0.0	0.0	0.0	1.0
18	24	27
0.862792947774	0.36447192374700005	-0.350362842449	-0.3220228940059998
-0.161878822509	0.855695837958	0.4915088352850001	-0.10392198770000008
0.478946050617	-0.3673522719	0.797285016085	0.3547295585920001
0.0	0.0	0.0	1.0
18	59	28
0.987690726253	0.071548168204	0.13910982013999998	-1.798049913373
-0.06826377897899998	0.997266048741	-0.02822614766699999	0.4003658771129999
-0.14074230276699992	0.018382809563000008	0.989877839971	-1.479189409799
0.0	0.0	0.0	1.0
19	21	29
0.7984286231619999	-0.38510772284500006	0.46282711383600006	0.09350416430299988
0.184687504951	0.8882879662409999	0.42051812818099993	-0.04173957344699993
-0.5730623946269999	-0.2502761215740001	0.780360284232	0.026276071055999915
0.0	0.0	0.0	1.0
19	24	30
0.799934237841	0.441428818791	-0.40650934690299995	-0.03910366214299997
-0.19474148271900002	0.8317097023560001	0.519936635065	0.009387886770000006
0.567615360177	-0.33674707005300003	0.751274430642	0.12806056288200007
0.0	0.0	0.0	1.0
19	59	31
0.992467535911	0.11748431646299996	0.03473980454400005	-1.2919413922270002
-0.11687106754700002	0.9929595414029999	-0.019159477497000015	0.5536492808990001
-0.03673770579599992	0.014957219660999969	0.999214986477	-1.8544622795580004
0.0	0.0	0.0	1.0
20	23	32
0.924112828401	0.22730530434000001	-0.30716767259000005	-0.28138913246599995
-0.13869394441400004	0.948540826785	0.284664838997	-0.17831800300300005
0.35607254474300004	-0.22045979889500003	0.9080851177739999	0.1654034362670002
0.0	0.0	0.0	1.0
21	23	33
0.8610052613979999	0.31022256181499996	-0.403029590218	-0.29475411701199994
-0.30114863046600004	0.94955110344	0.08754474099699995	-0.06285684453900017
0.40986110903100004	0.04599416463999996	0.9109930890329999	0.07107189769700017
0.0	0.0	0.0	1.0
21	34	34
0.526365901167	-0.343085945553	0.77796578594	-0.10368089122299996
0.507228404808	0.86103853024	0.036533052270999976	0.14137601876699973
-0.6823932974479999	0.3753739472369999	0.6272479005660001	-0.02160235954099978
0.0	0.0	0.0	1.0
22	59	35
0.816767516648	0.26216739353	-0.513961126484	0.09564903750199999
-0.469618570328	0.819583966043	-0.32823440319499997	1.641551788258
0.335189472345	0.509456735753	0.792535730542	-1.844790637566
0.0	0.0	0.0	1.0
23	25	36
0.390549233067	0.46903311548	-0.792141284068	0.022659261966000044
-0.569890464985	0.79895246006	0.192095320455	0.1856787005449999
0.7229837229289999	0.37641212286700004	0.579322441997	-0.23417557841099995
0.0	0.0	0.0	1.0
23	59	37
0.981779558204	0.17862092759299997	-0.06485162371999992	-0.9474590352950002
-0.1895619155300001	0.8965949444449999	-0.400225015205	1.543457043205
-0.013334135880999971	0.40522612226399995	0.91412339769	-1.769766583856
0.0	0.0	0.0	1.0
24	26	38
0.6961880831789999	0.3329484314069999	-0.635982507924	-0.11631995413500018
-0.509541576384	0.8532450677010002	-0.11109453285900006	0.09490553296200004
0.505658147673	0.401400524189	0.763666385952	-0.27129378892600003
0.0	0.0	0.0	1.0
24	52	39
0.955884872955	-0.128666895324	0.264079240062	-1.469720547639
0.21080698140599996	0.926527112523	-0.311619561741	0.9791667606000001
-0.204577116608	0.3535394718220001	0.9127727574769999	-1.022938704392
0.0	0.0	0.0	1.0
24	54	40
0.595174174434	-0.410315871333	0.6909531206940001	-1.6871865909810002
0.564960127782	0.8251107011070001	0.0033405102960000215	0.6359386943910001
-0.571478144915	0.3883696822390001	0.72289608533	-0.538825896076
0.0	0.0	0.0	1.0
24	55	41
0.539827068024	-0.18404470539	0.82141316127	-1.7719677555300002
0.590709272583	0.778018955061	-0.21388597280700003	0.5342664536880001
-0.599704702484	0.6006758307730001	0.528714826369	-0.6340560379810001
0.0	0.0	0.0	1.0
24	56	42
0.634123319766	0.009883889537999997	0.773174522361	-1.7334038516550003
0.53517161541	0.716113287603	-0.44807472315900004	0.5609436186930001
-0.5581022721209999	0.697913141441	0.44881550709100004	-0.821960411988
0.0	0.0	0.0	1.0
24	57	43
0.6628321577249999	-0.012017598309000002	0.7486759813230001	-2.25914059593
0.539820166356	0.700575114969	-0.466676510979	0.5629633448670001
-0.5188881238499999	0.71347620147	0.47085209504899994	-0.7773790268159999
0.0	0.0	0.0	1.0
25	27	44
0.822824051758	0.267102460052	-0.501621646506	-0.12669628437300018
-0.27898782424	0.958836792278	0.05292137655	0.15029097791900004
0.49510587722800004	0.09639736997399999	0.863469676059	-0.3041900463819999
0.0	0.0	0.0	1.0
25	52	45
0.755529762117	-0.236542301978	0.6109288062129999	-1.771980589631
0.28132102572	0.9593248925860001	0.023534278855000017	0.45642877499199996
-0.5916449377080001	0.15408365354099998	0.791336680713	-0.534437732988
0.0	0.0	0.0	1.0
25	54	46
0.22001544104099996	-0.45745008368199996	0.861593487352	-1.7301877338770004
0.448593115087	0.8317449466690001	0.32705461455000007	0.2472582172840001
-0.8662330838660001	0.31454532491900006	0.38820177537200007	0.060511351209000086
0.0	0.0	0.0	1.0
25	55	47
0.153969302004	-0.171041331919	0.9731636877130001	-1.8126495772070002
0.45586753982800005	0.886110941559	0.08362020802699999	0.10988015670500001
-0.876628464479	0.43075557684700005	0.214404620611	0.030160015618000136
0.0	0.0	0.0	1.0
25	57	48
0.304943576669	0.041600056703	0.9514669529159999	-2.3108717724759997
0.451143547802	0.87353395445	-0.18277917450099998	0.019540434208000057
-0.8387364961980001	0.484981117233	0.247608417917	0.07829067571100018
0.0	0.0	0.0	1.0
25	58	49
-0.10405225221899995	0.013541935656000008	0.9944854915109999	-2.46949028384
0.463270893096	0.885468027038	0.03641919979	-0.20702790872799995
-0.8800856299200001	0.464501428733	-0.09840936799399999	0.4389357524830002
0.0	0.0	0.0	1.0
25	59	50
0.48181843735300006	-0.148230896773	0.863649169327	-2.262860131585
0.30401442982	0.9526466133070001	-0.006093695526999994	0.051774948806000004
-0.821845368537	0.26549536623500003	0.504062580754	0.1396894165440002
0.0	0.0	0.0	1.0
26	43	51
0.997870753312	-0.01441007267299999	0.06361490642499995	-2.1940680511119997
0.03268529733699996	0.954492330762	-0.296440486513	0.2738892946160001
-0.0564522259229999	0.29788483092699997	0.952931511158	-0.8285591459000002
0.0	0.0	0.0	1.0
27	59	52
-0.09526663724799994	-0.256296595286	0.961894129652	-1.5104300274220002
0.340968604798	0.8994321251899999	0.27342861796	-0.6222402235080001
-0.935235864936	0.35401870816799996	0.0016971991769999769	1.4495994176040001
0.0	0.0	0.0	1.0
28	44	53
0.933202152926	0.06335554701799999	0.3537246463489999	-2.0966826021819998
0.09780912818999998	0.902389837175	-0.41966985445800004	-0.012955797826000037
-0.345789677188	0.426231142418	0.835919875262	0.253911244164
0.0	0.0	0.0	1.0
28	59	54
-0.3017197196239999	-0.231387154845	0.924893076267	-1.0476759933360003
0.220063734244	0.9270006189039999	0.303707096267	-0.5001709140000001
-0.9276531462050001	0.295165630561	-0.22878246992500012	1.906139526022
0.0	0.0	0.0	1.0
29	39	55
0.982138002257	0.109151079178	0.153266278153	-1.696512381824
-0.13132187851899998	0.98098860124	0.142883110693	0.36116306892399996
-0.134754007147	-0.16046173758499999	0.977801607731	0.3193149582880001
0.0	0.0	0.0	1.0
29	44	56
0.722345827152	0.22037443738699997	0.6554791723110001	-1.881960427207
0.05100383226000001	0.928303388855	-0.368308214967	0.11926071528500004
-0.6896497721099999	0.299475271991	0.6593187234300001	0.8738152372310001
0.0	0.0	0.0	1.0
30	31	57
0.9122748601249999	-0.04719553214199999	-0.40685646734700004	0.15656292731900007
0.019627193905000014	0.997234198122	-0.07166775582900001	-0.03594836246500004
0.4091163073859999	0.057391867822	0.9106774261	-0.046058392263999874
0.0	0.0	0.0	1.0
30	38	58
0.906593080906	-0.21478660795799998	0.3632612834000001	-1.4267079121109998
0.06962615940599999	0.9251227323000001	0.373227500199	0.1402181506009999
-0.41622205708	-0.31307623862600004	0.853664537735	1.3068883289200002
0.0	0.0	0.0	1.0
30	39	59
0.70106387165	-0.15940440851699997	0.695055963636	-1.490345148976
0.03864356496900001	0.981754840028	0.18617493163700002	0.051638102535999944
-0.712048876915	-0.10366468527099996	0.694434142015	1.433133941106
0.0	0.0	0.0	1.0
30	40	60
0.6974232590889999	-0.25103812208899995	0.6712541214	-1.3646535996440001
0.020744187417000008	0.943320150119	0.331230488453	0.041574613013999964
-0.716357183426	-0.217086372252	0.663104011735	1.7074692014499997
0.0	0.0	0.0	1.0
30	41	61
0.547621500058	-0.341139336077	0.7640268979989999	-1.208212149937
0.029733528314999993	0.9204711837080001	0.389677980111	-0.10992210795800009
-0.836198435003	-0.19068162375699996	0.514212087302	1.8690688718350001
0.0	0.0	0.0	1.0
30	42	62
0.015287898379000029	-0.289762714583	0.956977185435	-1.1355754248899999
0.14337666112900002	0.9478328954999999	0.284701190519	-0.1169749725440001
-0.989551227498	0.132852909029	0.056036717021999964	1.9308590218079997
0.0	0.0	0.0	1.0
30	43	63
0.003709284142000018	-0.06991068412199998	0.997547044424	-1.207083212739
0.133410321272	0.9886687956229999	0.068790326585	-0.2678979258709999
-0.991054577752	0.132824620845	0.012998630659000027	1.9883678024379998
0.0	0.0	0.0	1.0
30	45	64
0.533143038351	0.04930714665900002	0.8445887949390001	-1.407734144453
0.04344806248000001	0.9953855980799999	-0.08554032146600002	-0.1186749224960001
-0.844908022109	0.08229825142500001	0.5285445822110001	1.5855006399870002
0.0	0.0	0.0	1.0
30	46	65
0.704414664251	-0.073117289478	0.7060139964959999	-1.6866522922739997
0.0017715924549999995	0.99485657703	0.101260409548	-0.02770624990000005
-0.709785596446	-0.0700824362	0.7009242007979999	1.2873158466999999
0.0	0.0	0.0	1.0
30	47	66
0.566984771017	-0.3021195777349999	0.7663248273259999	-1.2282481027789998
0.015517887042	0.9340636688589999	0.35676564397300004	-0.027760835749000054
-0.823581161321	-0.19039355385799997	0.534290675415	1.7851394563779999
0.0	0.0	0.0	1.0
31	33	67
0.5922612846499999	0.26871581905700004	-0.7596233194750001	-0.20513943516500008
-0.07689975278899999	0.95729963372	0.278686881241	0.10130313619799998
0.802072165392	-0.106640493163	0.5876301095130001	-0.10606981036300003
0.0	0.0	0.0	1.0
31	35	68
0.7124717880929999	0.46565899679	-0.524929677594	-0.4088682529160001
-0.134763912953	0.824953224171	0.548899145374	0.195320712028
0.688641460773	-0.320332593684	0.6505066674140001	0.2534486206519999
0.0	0.0	0.0	1.0
31	36	69
0.9292504168219999	0.23412663884400003	-0.285809044851	-0.7276066012110003
-0.087442069628	0.890967866595	0.445567760132	0.18691995987100002
0.3589680242580001	-0.38905013806800004	0.848399950255	0.6977893478369999
0.0	0.0	0.0	1.0
31	37	70
0.980307458651	0.18656982635100003	-0.06478083352200008	-0.8991096022550004
-0.111372088523	0.7930997249530001	0.59882232237	0.341275795759
0.16310299910100004	-0.5798135926870001	0.7982552733680001	1.2656792531990002
0.0	0.0	0.0	1.0
32	37	71
0.9620320557780001	-0.182458108986	0.203004892777	-0.2201473956080001
0.052173948555999994	0.852959029536	0.5193651684089999	0.026346268794999975
-0.26791735703700004	-0.489051313965	0.830087498529	1.648982160546
0.0	0.0	0.0	1.0
33	37	72
0.719979112435	-0.415542311617	0.555841532942	0.6707768757929998
0.139414188666	0.871200649814	0.470719552673	-0.10303803710700005
-0.6798555974960001	-0.261412201708	0.6851723881130001	1.4001137389680003
0.0	0.0	0.0	1.0
34	36	73
0.6275398807960001	-0.382802911635	0.677981245128	0.64331657375
0.436849049004	0.8939165388989999	0.10038058632800001	-0.3754178603079999
-0.644488780922	0.23318481539700003	0.7281933893189999	0.555065814287
0.0	0.0	0.0	1.0
34	58	74
0.5021012276979999	0.0019008208059999915	-0.8648101115160001	2.086430213633
-0.38879197340099997	0.893737065999	-0.223765953357	0.5575165075980001
0.772483601236	0.448585586853	0.44949153905800004	-1.3882081167530003
0.0	0.0	0.0	1.0
37	39	75
0.193343712196	-0.290747865337	0.937065088142	0.13519688821000028
0.579990006552	0.804205618743	0.12985276222600003	-0.503808857178
-0.791342165911	0.518381625137	0.32411667497099994	0.5399223106569999
0.0	0.0	0.0	1.0
37	40	76
0.189822856703	-0.424729147832	0.885200202692	0.38998310092899996
0.565431648435	0.78435550536	0.255087438064	-0.577311865815
-0.80264975915	0.452098381692	0.38904407916299993	0.684285943085
0.0	0.0	0.0	1.0
39	44	77
0.795676839938	0.054175761064	0.603289469543	-0.22508963306600016
0.23954071992200002	0.8866543416699999	-0.39555375438099993	-0.3465204485779999
-0.556341722794	0.45924276762	0.6925187996450001	0.4792038267619999
0.0	0.0	0.0	1.0
40	43	78
0.7153030245520001	-0.12339891506699999	0.6878264771629999	-0.09775004093999995
0.340059701189	0.921347962162	-0.188351370093	-0.39246646061400003
-0.61049203	0.368628255786	0.701010618118	0.1895268642910002
0.0	0.0	0.0	1.0
43	48	79
0.927808117281	0.316221852622	-0.19793057173399992	-0.01785148876300005
-0.15985788819499996	0.816388229315	0.55493539751	0.1689741931379999
0.33706464623599985	-0.483237222621	0.808000991748	0.484699165747
0.0	0.0	0.0	1.0
48	51	80
0.611010256071	-0.37229972299999997	0.698611466264	0.17813828793499992
0.5777415391159999	0.8130413905660001	-0.07200568462099996	0.03907673289200012
-0.5411931757449999	0.447609132781	0.71186427178	-0.05839381133800005
0.0	0.0	0.0	1.0
51	53	81
0.6468574855129999	-0.4073240994180001	0.644726489087	-0.13024054461599993
0.298116557269	0.9131961511059999	0.277842288953	-0.22305764095899996
-0.701927754098	0.012478370182999948	0.712135218858	1.0108297276059999
0.0	0.0	0.0	1.0
52	53	82
0.930464862015	-0.18772588467700005	0.314643832901	-0.16634938135999994
0.15706541385400002	0.9802247726319999	0.12035990031199996	-0.008703616354999916
-0.331008808418	-0.06257412287100003	0.941550815494	0.40795405147999997
0.0	0.0	0.0	1.0
53	57	83
0.985053907241	-0.009526840518999997	0.1719740695349999	-0.6184104312430001
0.09582737328699999	0.8599792847829999	-0.501248279286	-0.03204437395799996
-0.143110897701	0.510237032769	0.8480464762169999	-0.498424221229
0.0	0.0	0.0	1.0
