0	19	1
0.6634489581792806	-0.08147180441075233	0.7437725849594142	0.029052947174162812
0.006647101196310343	0.9946567081255293	0.10302400118259765	0.056509613971658115
-0.7481920805924712	-0.06340725898966246	0.6604455463520696	-0.08733099429781035
0.0	0.0	0.0	1.0
1	19	2
0.6608348505433127	-0.08144786626977649	0.7460988046879454	0.02742073296030689
0.00437851108877754	0.9944956899302162	0.1046859169468972	0.05581484187779939
-0.7505186012981551	-0.06591331691767427	0.6575540644158808	-0.08386325349991607
0.0	0.0	0.0	1.0
6	20	3
0.6054814457981504	-0.008464864753420983	0.7958143656102249	0.02971977772097567
0.012756019840787199	0.9999181580930708	0.0009306632211439892	0.022296224347836513
-0.7957572337752217	0.009587929362700823	0.6055398807335282	-0.042541554426845846
0.0	0.0	0.0	1.0
6	23	4
0.4423879824960989	-0.06591096209367583	0.8943984147731028	0.05309042061898084
0.26364539751545235	0.9627856911590243	-0.059453832919784365	-0.06371880505167797
-0.8571955080162179	0.26210571474173233	0.4433019497664321	-0.09834540620478349
0.0	0.0	0.0	1.0
7	20	5
0.69454362496965	-0.010633172737390055	0.719371974259418	0.015342196364520166
-0.00010975792432539332	0.9998891288626263	0.014885508760004296	0.026260231708655657
-0.7194505493868905	-0.010417596555395741	0.6944655108551765	-0.02346047156164774
0.0	0.0	0.0	1.0
7	21	6
0.54957491375911	-0.03396306862724206	0.8347537081978426	0.03991530905287277
0.05841354959645407	0.9982900360761922	0.0021591653216087806	0.012371992918969288
-0.8333997344326063	0.04757430306679653	0.5506191607818405	-0.03513240776945736
0.0	0.0	0.0	1.0
7	22	7
0.5155266573715821	-0.05150093140869937	0.8553243793709009	0.04382584979694926
0.154974744939485	0.9873346063164752	-0.03395782808543829	-0.01783380132585044
-0.8427426318429218	0.15005983729700514	0.516978772031935	-0.05310025440985522
0.0	0.0	0.0	1.0
7	23	8
0.544867040453842	-0.07181420800672932	0.8354415396376887	0.042367027913219335
0.24244258514212094	0.9672644519867997	-0.07497310440532004	-0.06590118277811051
-0.8027088740916177	0.24339700329270889	0.5444413832541654	-0.07674072942864552
0.0	0.0	0.0	1.0
8	20	9
0.7704967248704236	-0.029707729207647176	0.6367513342699351	-0.003800471185045673
0.004714332859760065	0.9991516458566229	0.04091098647585551	0.031647377520349296
-0.6374265139572053	-0.028519945573058605	0.7699831258194839	-0.012544718755240575
0.0	0.0	0.0	1.0
8	21	10
0.6392468137115275	-0.056032055578320875	0.7669575036960968	0.023005902525711885
0.06144503597908221	0.9978747358784781	0.021688829436951017	0.016590407936392604
-0.7665428196952422	0.03326120044427677	0.641331184454269	-0.02061023150783814
0.0	0.0	0.0	1.0
8	22	11
0.607653448173951	-0.07409730755022338	0.7907381445140672	0.02741481326607853
0.15333382035473805	0.987851465681098	-0.02526336473333751	-0.015496918327613823
-0.7792599584394247	0.13659825202162662	0.6116330451246008	-0.03761369288054894
0.0	0.0	0.0	1.0
8	23	12
0.6345255599839589	-0.0938871355360047	0.7671782860754746	0.025345700045343644
0.2356103515803542	0.968847509185245	-0.07630363447061744	-0.06527350091643778
-0.7361148950924126	0.2291717644728966	0.6368792808666407	-0.06175749984951695
0.0	0.0	0.0	1.0
9	20	13
0.8103889097345516	-0.03769983538621189	0.5846781982976283	-0.019474498738089263
0.004053752931901797	0.998264559894141	0.05874900294098981	0.03771924587828329
-0.5858783757850023	-0.045239409944760466	0.8091353334464231	-0.008198162341723103
0.0	0.0	0.0	1.0
9	21	14
0.6879770463958719	-0.0669532258025705	0.7226373748346361	0.008276738525862637
0.059417466095151576	0.9975888736335299	0.035860192751126764	0.02193615276003391
-0.7232960119326808	0.018266285564653907	0.6902964762409509	-0.013132933871696117
0.0	0.0	0.0	1.0
9	22	15
0.658057992270606	-0.0855854200819504	0.748087417517462	0.012886208953726275
0.14808929407400492	0.988825492674449	-0.01714013313953342	-0.011277282811921613
-0.7382610506407733	0.1220629242857623	0.6633788712041004	-0.029096087545150806
0.0	0.0	0.0	1.0
9	23	16
0.6834056881101784	-0.10482698967315802	0.7224735323523792	0.010442499224132096
0.22693307027761742	0.9711133413997711	-0.0737583890678354	-0.06206898119751514
-0.6938718933191895	0.214360053673659	0.6874530762972106	-0.05344720807810044
0.0	0.0	0.0	1.0
10	20	17
0.8201995024582834	-0.07486551319572807	0.5671578228689214	-0.021833537246097195
-0.00322813414343337	0.9907786593514942	0.1354522934363843	0.05644216110533735
-0.5720686156302096	-0.11292876476723791	0.8123943647018462	0.004816783968329879
0.0	0.0	0.0	1.0
10	21	18
0.7003240611030572	-0.11580936882967333	0.7043680175634658	0.007957999876739463
0.051754495044712315	0.9923925009363826	0.11170779871362871	0.039888333142990694
-0.7119464233683116	-0.04177744564967043	0.7009899532578471	0.0011190466431081718
0.0	0.0	0.0	1.0
10	22	19
0.6709835385178309	-0.13662809687107602	0.7287755457690631	0.012772507042702079
0.13961010937811924	0.9885764738021168	0.056795563641227204	0.005133223638362884
-0.7282103400223764	0.06363554363513768	0.6823931893251024	-0.01309035122696763
0.0	0.0	0.0	1.0
11	20	20
0.8147887377060636	-0.10614611226682871	0.5699580055047677	-0.012565094352257685
-0.012436768077577967	0.979670361070022	0.20022793294294497	0.0808267626207653
-0.5796244306063756	-0.17023193321178817	0.7969043193968015	0.01457111941315563
0.0	0.0	0.0	1.0
11	21	21
0.6938111634973023	-0.15688681561518422	0.7028600778013954	0.01833959632109566
0.04277668790740947	0.9832367382907334	0.1772442570618502	0.0640244633455452
-0.7188852119838478	-0.09290804670082084	0.6888918346244307	0.010356447745382932
0.0	0.0	0.0	1.0
12	20	22
0.7984012733235546	-0.14656146881001547	0.5840163725258951	0.007028679464796905
-0.011430102355365504	0.9660604148713452	0.2580630289717461	0.10183168183630303
-0.6020173480878582	-0.21271325432939403	0.769628653809103	0.018700710430877815
0.0	0.0	0.0	1.0
12	21	23
0.6735524146914948	-0.20414857694330107	0.7103874461903902	0.037900755255100727
0.04440557510447084	0.9705411733316103	0.2368075572363652	0.08539875903167357
-0.7378043790517367	-0.1279571919765942	0.6627757539095379	0.011992494757200156
0.0	0.0	0.0	1.0
13	20	24
0.7534476411209019	-0.15905222076581696	0.6379804730815682	0.03417074790693064
-0.00623269613015131	0.9685295068519683	0.24882069526869938	0.10152008995924253
-0.6574785318251142	-0.19144971706624744	0.7287448302415268	0.009830034861936343
0.0	0.0	0.0	1.0
13	21	25
0.6190284014247426	-0.2125481226160555	0.7560601767339499	0.06293814247299956
0.051001623107688195	0.9715293961015155	0.23136421602218307	0.08639469419485354
-0.7837109003903602	-0.10466074784339567	0.6122445448374857	-0.001704771518706183
0.0	0.0	0.0	1.0
14	20	26
0.7199440934873336	-0.1585562030965519	0.6756776961690727	0.05769136114716966
-0.006318638596734234	0.9720163122358931	0.2348283158353801	0.09874060675251045
-0.694003282389127	-0.173332644088925	0.6987956490260707	0.003754308014356722
0.0	0.0	0.0	1.0
14	21	27
0.5793658914263679	-0.20879037666313296	0.787871536382339	0.08498665364606328
0.051720229470324314	0.9741029428615079	0.22010994364403733	0.08467072334635381
-0.813424890315571	-0.08677532473730058	0.5751608660425629	-0.012133109471507031
0.0	0.0	0.0	1.0
15	20	28
0.6913228094579332	-0.07203422649901742	0.718946360063936	0.08523365877244071
-0.018861587893578936	0.9928798209897204	0.11761761954010817	0.06355108803976256
-0.7222999203058913	-0.09487222073070645	0.685041762372467	-0.008553113720393468
0.0	0.0	0.0	1.0
15	23	29
0.5422861217615044	-0.14753828553857984	0.8271385638586755	0.1114742252583345
0.2246666050908664	0.9740765961083863	0.026452651338812427	-0.026123797674497802
-0.8095992371812566	0.17148551456466396	0.5613751308662583	-0.06492511759660857
0.0	0.0	0.0	1.0
16	20	30
0.7098848708993715	-0.021603436412407907	0.703986271251694	0.09702772258730574
-0.005323957712365762	0.9993362981469678	0.03603549070276406	0.03366784604577061
-0.7042975881189313	-0.029329049900301107	0.7092987479611652	-0.009927941301089482
0.0	0.0	0.0	1.0
16	23	31
0.5630770965970168	-0.08610721895720086	0.8219060920951552	0.12455087750762983
0.2354189535690421	0.970061505032983	-0.05965368652434563	-0.05343764093508469
-0.7921629559821322	0.2270819269860078	0.5664907301096761	-0.07573961828373521
0.0	0.0	0.0	1.0
17	20	32
0.796874235713233	0.012740312576219874	0.6040108891403779	0.09751183702303434
-0.006537318252953392	0.9999008861604813	-0.012466059666566054	0.010532126802424602
-0.6041098404933961	0.005985271103259842	0.7968786346074445	-0.006905077071474697
0.0	0.0	0.0	1.0
17	21	33
0.6715599297414104	-0.007968282844434965	0.7409073398816612	0.12404909462682179
0.049348024507188414	0.9982029158655599	-0.0339937161862354	-0.0015818982555181327
-0.7393050122877679	0.05939113279474931	0.6707464343012444	-0.03481876467321621
0.0	0.0	0.0	1.0
17	22	34
0.6412300248803939	-0.02506971830373321	0.7669390674766816	0.12816375674231417
0.13930661802627517	0.9866612910334112	-0.08422086214749305	-0.02978479058615613
-0.7545977476831939	0.1608446240078296	0.636169384707346	-0.05729488748281075
0.0	0.0	0.0	1.0
17	23	35
0.667343712183877	-0.045805460545221076	0.7433399344518267	0.1269714650485123
0.21960712454932269	0.9658301886422148	-0.13763978800650245	-0.07645177068132811
-0.711635535259646	0.25509580454262615	0.6545999910320834	-0.07876024499084278
0.0	0.0	0.0	1.0
17	24	36
0.7507070138114454	-0.027903559798438574	0.6600456502516433	0.1103182349249423
0.20931803665583215	0.9576777505906025	-0.19758316216560495	-0.09630656261709389
-0.6265979053632903	0.2864865691430621	0.7247763315182901	-0.08621345707276146
0.0	0.0	0.0	1.0
20	27	37
0.8130721426762058	-0.01912135222827957	-0.5818488101475567	0.04319626598818682
-0.15270163072844767	0.9574606814485718	-0.2448494718002007	-0.08563181839538803
0.5617792463766939	0.28792958338756036	0.775564831832387	-0.1974522802281503
0.0	0.0	0.0	1.0
20	28	38
0.718444188221774	0.008552942522638947	-0.6955320619398286	0.11325951107894472
-0.24159028949611264	0.9407440844128715	-0.2379804533224808	-0.07973156584752528
0.6522822653658715	0.3390095173331551	0.6779384979173204	-0.24205954631618587
0.0	0.0	0.0	1.0
21	27	39
0.6918581716143002	0.036163290413963246	-0.7211272960500801	0.015420811851007965
-0.2159305817139707	0.9634000314692727	-0.1588535054620567	-0.06596832197628
0.6889894243682209	0.265617542521086	0.6743449708964286	-0.20656345349083804
0.0	0.0	0.0	1.0
39	49	40
0.93797368453827	-0.28985631607479195	0.19023273522605993	0.6964832396154781
0.2354285709048099	0.9352765642056986	0.2642551661777545	0.10782482047229211
-0.2545163008727193	-0.20307824308782443	0.9455053528718805	0.021436911902370747
0.0	0.0	0.0	1.0
40	49	41
0.9234816289018716	-0.29920427536497474	0.2401219142117287	0.6689126379737004
0.24084404883192256	0.939338851396719	0.24420584438731735	0.10117985895460713
-0.2986233671072574	-0.1676877353447872	0.9395237763907364	0.022860997631817703
0.0	0.0	0.0	1.0
41	49	42
0.898175780552214	-0.32252349202242936	0.29876229789533854	0.6018469181473792
0.24001836991144773	0.9290864121902132	0.28140608429037994	0.08382648076693178
-0.3683361208717241	-0.18104359668376235	0.9118945086531518	0.04178313037233794
0.0	0.0	0.0	1.0
