0	19	1
0.6634489581792807	-0.08147180441075236	0.7437725849594143	0.029052947174163256
0.0066471011963103455	0.9946567081255291	0.10302400118259762	0.05650961397165817
-0.7481920805924712	-0.06340725898966246	0.6604455463520696	-0.08733099429781047
0.0	0.0	0.0	1.0
1	19	2
0.6608348505433127	-0.0814478662697765	0.7460988046879455	0.027420732960307333
0.0043785110887775425	0.994495689930216	0.10468591694689719	0.05581484187779945
-0.7505186012981551	-0.06591331691767427	0.6575540644158808	-0.08386325349991618
0.0	0.0	0.0	1.0
6	20	3
0.6054814457981504	-0.008464864753420976	0.7958143656102249	0.02971977772097567
0.012756019840787197	0.9999181580930707	0.0009306632211439867	0.022296224347836513
-0.7957572337752217	0.00958792936270082	0.605539880733528	-0.0425415544268459
0.0	0.0	0.0	1.0
6	23	4
0.44238798249609895	-0.06591096209367586	0.8943984147731027	0.053090420618980616
0.2636453975154523	0.9627856911590243	-0.05945383291978435	-0.06371880505167803
-0.8571955080162177	0.2621057147417323	0.443301949766432	-0.09834540620478349
0.0	0.0	0.0	1.0
7	20	5
0.6945436249696502	-0.010633172737390048	0.719371974259418	0.015342196364520166
-0.00010975792432539445	0.9998891288626262	0.014885508760004294	0.0262602317086556
-0.7194505493868905	-0.010417596555395741	0.6944655108551764	-0.023460471561647794
0.0	0.0	0.0	1.0
7	21	6
0.54957491375911	-0.03396306862724207	0.8347537081978426	0.03991530905287233
0.05841354959645406	0.9982900360761923	0.002159165321608783	0.012371992918969288
-0.8333997344326062	0.04757430306679653	0.5506191607818403	-0.03513240776945725
0.0	0.0	0.0	1.0
7	22	7
0.5155266573715822	-0.05150093140869938	0.855324379370901	0.0438258497969497
0.15497474493948502	0.9873346063164753	-0.033957828085438305	-0.017833801325850412
-0.8427426318429218	0.1500598372970052	0.516978772031935	-0.05310025440985544
0.0	0.0	0.0	1.0
7	23	8
0.544867040453842	-0.07181420800672934	0.8354415396376887	0.04236702791321911
0.24244258514212091	0.9672644519867997	-0.07497310440532001	-0.06590118277811056
-0.8027088740916176	0.24339700329270886	0.5444413832541651	-0.07674072942864552
0.0	0.0	0.0	1.0
8	20	9
0.7704967248704238	-0.02970772920764717	0.6367513342699351	-0.003800471185045673
0.004714332859760057	0.9991516458566227	0.04091098647585551	0.03164737752034924
-0.6374265139572053	-0.0285199455730586	0.7699831258194838	-0.01254471875524063
0.0	0.0	0.0	1.0
8	21	10
0.6392468137115275	-0.05603205557832088	0.7669575036960968	0.02300590252571144
0.06144503597908222	0.9978747358784782	0.021688829436951024	0.01659040793639255
-0.7665428196952421	0.03326120044427677	0.6413311844542687	-0.02061023150783814
0.0	0.0	0.0	1.0
8	22	11
0.6076534481739511	-0.07409730755022338	0.7907381445140673	0.027414813266078752
0.15333382035473808	0.9878514656810982	-0.025263364733337523	-0.015496918327613796
-0.7792599584394249	0.13659825202162665	0.6116330451246008	-0.037613692880549165
0.0	0.0	0.0	1.0
8	23	12
0.6345255599839589	-0.09388713553600471	0.7671782860754744	0.025345700045343422
0.23561035158035418	0.968847509185245	-0.07630363447061739	-0.06527350091643778
-0.7361148950924125	0.22917176447289656	0.6368792808666406	-0.06175749984951684
0.0	0.0	0.0	1.0
9	20	13
0.8103889097345517	-0.03769983538621188	0.5846781982976283	-0.019474498738089263
0.004053752931901796	0.9982645598941409	0.05874900294098981	0.037719245878283236
-0.5858783757850023	-0.04523940994476045	0.809135333446423	-0.008198162341723159
0.0	0.0	0.0	1.0
9	21	14
0.6879770463958719	-0.06695322580257052	0.7226373748346361	0.008276738525862193
0.05941746609515158	0.99758887363353	0.03586019275112677	0.021936152760033856
-0.7232960119326807	0.018266285564653918	0.6902964762409507	-0.013132933871696117
0.0	0.0	0.0	1.0
9	22	15
0.6580579922706061	-0.08558542008195041	0.7480874175174621	0.012886208953726497
0.14808929407400495	0.9888254926744491	-0.017140133139533435	-0.011277282811921585
-0.7382610506407734	0.12206292428576235	0.6633788712041004	-0.029096087545151028
0.0	0.0	0.0	1.0
9	23	16
0.6834056881101784	-0.10482698967315805	0.7224735323523792	0.010442499224131874
0.2269330702776174	0.9711133413997711	-0.07375838906783534	-0.06206898119751514
-0.6938718933191894	0.21436005367365898	0.6874530762972104	-0.05344720807810044
0.0	0.0	0.0	1.0
10	20	17
0.8201995024582834	-0.07486551319572807	0.5671578228689214	-0.021833537246097195
-0.0032281341434333703	0.9907786593514941	0.1354522934363843	0.05644216110533729
-0.5720686156302096	-0.11292876476723791	0.8123943647018461	0.004816783968329823
0.0	0.0	0.0	1.0
10	21	18
0.7003240611030572	-0.11580936882967333	0.7043680175634658	0.007957999876739019
0.05175449504471231	0.9923925009363828	0.11170779871362872	0.03988833314299064
-0.7119464233683115	-0.0417774456496704	0.7009899532578467	0.0011190466431081718
0.0	0.0	0.0	1.0
10	22	19
0.670983538517831	-0.13662809687107605	0.7287755457690632	0.012772507042702523
0.13961010937811927	0.9885764738021169	0.0567955636412272	0.005133223638362912
-0.7282103400223764	0.06363554363513771	0.6823931893251024	-0.013090351226967853
0.0	0.0	0.0	1.0
11	20	20
0.8147887377060637	-0.1061461122668287	0.5699580055047676	-0.012565094352257685
-0.012436768077577967	0.9796703610700219	0.20022793294294494	0.0808267626207653
-0.5796244306063755	-0.17023193321178814	0.7969043193968014	0.014571119413155574
0.0	0.0	0.0	1.0
11	21	21
0.6938111634973023	-0.15688681561518425	0.7028600778013954	0.018339596321095216
0.04277668790740947	0.9832367382907335	0.17724425706185024	0.06402446334554514
-0.7188852119838477	-0.09290804670082083	0.6888918346244306	0.010356447745382932
0.0	0.0	0.0	1.0
12	20	22
0.7984012733235547	-0.14656146881001547	0.5840163725258951	0.007028679464796905
-0.011430102355365504	0.9660604148713452	0.25806302897174604	0.101831681836303
-0.6020173480878582	-0.21271325432939403	0.7696286538091028	0.01870071043087776
0.0	0.0	0.0	1.0
12	21	23
0.6735524146914948	-0.20414857694330107	0.7103874461903902	0.03790075525510028
0.04440557510447084	0.9705411733316104	0.23680755723636523	0.08539875903167352
-0.7378043790517366	-0.12795719197659416	0.6627757539095378	0.011992494757200156
0.0	0.0	0.0	1.0
13	20	24
0.7534476411209019	-0.15905222076581693	0.6379804730815682	0.03417074790693064
-0.006232696130151311	0.9685295068519681	0.24882069526869938	0.10152008995924247
-0.6574785318251142	-0.19144971706624744	0.7287448302415267	0.009830034861936288
0.0	0.0	0.0	1.0
13	21	25
0.6190284014247426	-0.2125481226160555	0.7560601767339499	0.06293814247299911
0.051001623107688195	0.9715293961015156	0.2313642160221831	0.08639469419485352
-0.7837109003903601	-0.10466074784339566	0.6122445448374856	-0.001704771518706072
0.0	0.0	0.0	1.0
14	20	26
0.7199440934873336	-0.1585562030965519	0.6756776961690727	0.05769136114716966
-0.006318638596734235	0.972016312235893	0.2348283158353801	0.0987406067525104
-0.6940032823891269	-0.17333264408892496	0.6987956490260707	0.0037543080143566665
0.0	0.0	0.0	1.0
14	21	27
0.5793658914263679	-0.20879037666313296	0.787871536382339	0.08498665364606284
0.051720229470324314	0.974102942861508	0.22010994364403735	0.08467072334635381
-0.8134248903155707	-0.08677532473730054	0.5751608660425627	-0.012133109471507031
0.0	0.0	0.0	1.0
15	20	28
0.6913228094579333	-0.0720342264990174	0.718946360063936	0.08523365877244071
-0.018861587893578936	0.9928798209897203	0.11761761954010815	0.0635510880397625
-0.7222999203058912	-0.09487222073070642	0.6850417623724668	-0.008553113720393524
0.0	0.0	0.0	1.0
15	23	29
0.5422861217615045	-0.14753828553857987	0.8271385638586753	0.11147422525833428
0.22466660509086636	0.9740765961083863	0.026452651338812472	-0.026123797674497858
-0.8095992371812565	0.17148551456466393	0.5613751308662581	-0.06492511759660857
0.0	0.0	0.0	1.0
16	20	30
0.7098848708993716	-0.0216034364124079	0.703986271251694	0.09702772258730574
-0.005323957712365763	0.9993362981469677	0.036035490702764045	0.03366784604577061
-0.7042975881189313	-0.0293290499003011	0.7092987479611651	-0.009927941301089538
0.0	0.0	0.0	1.0
16	23	31
0.5630770965970168	-0.08610721895720089	0.8219060920951552	0.12455087750762961
0.23541895356904202	0.970061505032983	-0.05965368652434558	-0.05343764093508475
-0.792162955982132	0.22708192698600776	0.566490730109676	-0.07573961828373521
0.0	0.0	0.0	1.0
17	20	32
0.796874235713233	0.012740312576219881	0.6040108891403779	0.09751183702303434
-0.006537318252953386	0.9999008861604812	-0.01246605966656605	0.010532126802424602
-0.604109840493396	0.0059852711032598385	0.7968786346074443	-0.006905077071474697
0.0	0.0	0.0	1.0
17	21	33
0.6715599297414104	-0.007968282844434972	0.7409073398816612	0.12404909462682134
0.04934802450718841	0.99820291586556	-0.0339937161862354	-0.0015818982555181327
-0.7393050122877678	0.0593911327947493	0.6707464343012441	-0.03481876467321621
0.0	0.0	0.0	1.0
17	22	34
0.641230024880394	-0.025069718303733217	0.7669390674766816	0.12816375674231462
0.1393066180262752	0.9866612910334113	-0.08422086214749308	-0.02978479058615613
-0.754597747683194	0.16084462400782962	0.636169384707346	-0.057294887482810974
0.0	0.0	0.0	1.0
17	23	35
0.667343712183877	-0.045805460545221104	0.7433399344518267	0.1269714650485121
0.21960712454932266	0.9658301886422148	-0.13763978800650242	-0.07645177068132811
-0.7116355352596458	0.2550958045426261	0.6545999910320832	-0.07876024499084278
0.0	0.0	0.0	1.0
17	24	36
0.7507070138114456	-0.027903559798438587	0.6600456502516434	0.11031823492494275
0.20931803665583215	0.9576777505906025	-0.19758316216560495	-0.09630656261709392
-0.6265979053632902	0.2864865691430621	0.72477633151829	-0.08621345707276151
0.0	0.0	0.0	1.0
20	27	37
0.8130721426762058	-0.019121352228279546	-0.5818488101475567	0.04319626598818638
-0.1527016307284476	0.9574606814485718	-0.24484947180020064	-0.08563181839538792
0.5617792463766936	0.2879295833875603	0.7755648318323868	-0.19745228022815065
0.0	0.0	0.0	1.0
20	28	38
0.7184441882217739	0.008552942522638975	-0.6955320619398285	0.11325951107894472
-0.24159028949611253	0.9407440844128715	-0.23798045332248077	-0.07973156584752505
0.6522822653658713	0.3390095173331551	0.6779384979173203	-0.2420595463161863
0.0	0.0	0.0	1.0
21	27	39
0.6918581716143002	0.03616329041396327	-0.7211272960500801	0.015420811851007521
-0.21593058171397064	0.9634000314692727	-0.15885350546205668	-0.06596832197627989
0.6889894243682206	0.26561754252108594	0.6743449708964285	-0.2065634534908385
0.0	0.0	0.0	1.0
39	49	40
0.9379736845382699	-0.2898563160747919	0.19023273522605996	0.6964832396154779
0.23542857090480995	0.9352765642056985	0.26425516617775463	0.10782482047229233
-0.2545163008727195	-0.20307824308782435	0.9455053528718804	0.021436911902370303
0.0	0.0	0.0	1.0
40	49	41
0.9234816289018715	-0.29920427536497474	0.2401219142117287	0.6689126379737004
0.24084404883192262	0.9393388513967189	0.2442058443873175	0.10117985895460735
-0.2986233671072576	-0.16768773534478712	0.9395237763907361	0.02286099763181726
0.0	0.0	0.0	1.0
41	49	42
0.8981757805522139	-0.3225234920224293	0.2987622978953385	0.601846918147379
0.2400183699114478	0.929086412190213	0.28140608429038005	0.083826480766932
-0.3683361208717243	-0.18104359668376227	0.9118945086531517	0.041783130372337496
0.0	0.0	0.0	1.0
