0	10	1
0.8993285483755947	0.2055858243557876	-0.38593067255592156	-0.14716404502243385
-0.05608747318119263	0.9295280001575283	0.3644611109655017	0.208969101569386
0.4336614940611224	-0.30612442149701796	0.8474820076974943	-0.034737124141952264
0.0	0.0	0.0	1.0
0	11	2
0.7777699681821559	0.25065490142464353	-0.5764077920476508	-0.3366185978691067
-0.04475949409105006	0.9368039101133656	0.34697987981174144	0.18967033223389804
0.626953299597935	-0.24407079197071344	0.7398371868931345	-0.10410094256440205
0.0	0.0	0.0	1.0
0	12	3
0.7089717616104341	0.33099407239064266	-0.6227372953257915	-0.46857589820078344
-0.14733986406739438	0.9330509382219142	0.32818735455438774	0.1931152927228457
0.6896737243047152	-0.14092155604798737	0.7102755444662822	-0.17842805511838541
0.0	0.0	0.0	1.0
0	17	4
0.9516123758386432	-0.15757185205297933	0.2638275158372668	-0.8455525712821321
0.04038322526494233	0.915208799632586	0.4009512743949018	0.16607781553169607
-0.3046359722030678	-0.3708959993585177	0.8772873547347264	0.4402914557477685
0.0	0.0	0.0	1.0
0	18	5
0.9930920418823778	-0.07261602215172848	0.09216796492162085	-1.1136926395052926
0.014934625938484299	0.8573326734491217	0.5145458265418855	0.27208456830194433
-0.11638284356435982	-0.5096149758428855	0.8524949692404273	0.3433772234463681
0.0	0.0	0.0	1.0
1	10	6
0.9005653648691807	0.21122557903806488	-0.37995477482618906	-0.15127267832558552
-0.06478750658969856	0.9294729415529497	0.3631564814573286	0.2075425239325275
0.42986574272534217	-0.3024298923491369	0.8507360090449553	-0.035799919407960755
0.0	0.0	0.0	1.0
1	11	7
0.7800193325264334	0.2553039682830321	-0.5713052125546533	-0.3403463647484686
-0.05338857333964661	0.9368079911887799	0.34574623279417954	0.18818127220152323
0.6234737343837569	-0.23918759923428176	0.744358661819329	-0.10608384804262855
0.0	0.0	0.0	1.0
1	12	8
0.7110064112709243	0.33513864006727423	-0.6181842138873662	-0.4721791458204602
-0.15581019962235512	0.9323525889513482	0.32625428044573646	0.192048164158833
0.6857061507431652	-0.13564952865976354	0.7151267923483706	-0.18086182608348292
0.0	0.0	0.0	1.0
6	17	9
0.9201730518163681	-0.2098546853293678	0.33051869233392667	-0.8312900050603946
0.04405843544492677	0.8943529168478567	0.4451872865316926	0.18607920387031748
-0.3890251129924432	-0.39508723405126994	0.832205239323121	0.47998739181391803
0.0	0.0	0.0	1.0
7	12	10
0.764899990598752	0.3522524132685716	-0.539301365640972	-0.5118949966337852
-0.13627539057473334	0.9067725069844544	0.3989896056532261	0.19287372397263172
0.6295687274577342	-0.23169374187488398	0.7415936947753796	-0.1465717049852329
0.0	0.0	0.0	1.0
8	12	11
0.7934432301928294	0.21081614119193434	-0.570967639127239	-0.5184747396341137
-0.11687348509285928	0.9734130252903542	0.19699654262342073	0.1061267482157313
0.5973175128714264	-0.08957463472018201	0.7969868117121551	-0.1526172844056829
0.0	0.0	0.0	1.0
11	16	12
0.6205286111819829	-0.05442918007417217	0.7822925938104955	-0.4221783656325613
0.08714674687689727	0.996195393511474	0.00018538910997649972	-0.037494621525762585
-0.7793264912955905	0.0680592024984373	0.6229111566753668	0.06298225086781087
0.0	0.0	0.0	1.0
11	17	13
0.5485671734128916	-0.09866479941853372	0.8302645773692795	-0.5557495481633852
0.029699000197775632	0.9946856559584264	0.09858128445298245	-0.0023249028667771446
-0.8355789167076914	-0.029420431565423972	0.5485821222188484	0.2217081514230793
0.0	0.0	0.0	1.0
12	17	14
0.4582158935541008	-0.20064817720241895	0.8658975257254636	-0.4375950044683792
0.08187195350163003	0.9795734732473578	0.1836644489891134	0.048041312078993724
-0.8850623982899217	-0.013265215634526277	0.46528346531221326	0.11115388730002297
0.0	0.0	0.0	1.0
14	17	15
0.5723524550385228	-0.2938974436994436	0.765530467902002	-0.2323743829519864
0.14632679753886257	0.955186618016658	0.25730696805535025	0.1201053960588365
-0.8068464646651001	-0.03525266966783326	0.5897084362031468	0.0860784369773805
0.0	0.0	0.0	1.0
14	18	16
0.7200387694650644	-0.271263456145287	0.6387175677633059	-0.4437966916693038
0.04962093319228052	0.9382008262631513	0.34251528841361933	0.1899709954232645
-0.6921573880766385	-0.21493063508980473	0.6890014654600477	0.12414106765939589
0.0	0.0	0.0	1.0
36	38	17
0.7435925132311184	-0.009144185105944959	0.6685705509602883	0.28447665777982184
0.014799198679581247	0.9998865280356598	-0.0027841581093560135	0.0253980293004703
-0.6684692243957118	0.011964594460128604	0.7436434715653423	0.1264295292495547
0.0	0.0	0.0	1.0
