0	10	1
0.8993285483755945	0.2055858243557876	-0.38593067255592156	-0.1471640450224343
-0.05608747318119259	0.9295280001575285	0.3644611109655019	0.208969101569386
0.4336614940611223	-0.30612442149701774	0.8474820076974938	-0.03473712414195315
0.0	0.0	0.0	1.0
0	11	2
0.7777699681821557	0.25065490142464353	-0.5764077920476508	-0.3366185978691065
-0.04475949409105007	0.9368039101133654	0.3469798798117414	0.18967033223389848
0.626953299597935	-0.2440707919707135	0.7398371868931346	-0.10410094256440205
0.0	0.0	0.0	1.0
0	12	3
0.7089717616104342	0.3309940723906427	-0.6227372953257916	-0.4685758982007832
-0.14733986406739444	0.9330509382219141	0.3281873545543878	0.19311529272284614
0.6896737243047153	-0.14092155604798726	0.710275544466282	-0.17842805511838364
0.0	0.0	0.0	1.0
0	17	4
0.9516123758386432	-0.15757185205297938	0.26382751583726693	-0.845552571282133
0.04038322526494232	0.915208799632586	0.4009512743949018	0.16607781553169607
-0.3046359722030677	-0.3708959993585177	0.8772873547347263	0.4402914557477676
0.0	0.0	0.0	1.0
0	18	5
0.9930920418823777	-0.07261602215172845	0.09216796492162087	-1.1136926395052935
0.014934625938484295	0.8573326734491217	0.5145458265418854	0.27208456830194416
-0.1163828435643598	-0.5096149758428855	0.8524949692404272	0.34337722344636723
0.0	0.0	0.0	1.0
1	10	6
0.9005653648691805	0.21122557903806485	-0.37995477482618906	-0.15127267832558597
-0.06478750658969853	0.9294729415529498	0.36315648145732876	0.20754252393252728
0.42986574272534206	-0.3024298923491367	0.8507360090449547	-0.035799919407960755
0.0	0.0	0.0	1.0
1	11	7
0.7800193325264332	0.2553039682830321	-0.5713052125546533	-0.34034636474846836
-0.05338857333964662	0.9368079911887797	0.34574623279417943	0.18818127220152367
0.6234737343837569	-0.23918759923428182	0.7443586618193291	-0.10608384804262855
0.0	0.0	0.0	1.0
1	12	8
0.7110064112709245	0.3351386400672743	-0.6181842138873663	-0.47217914582046044
-0.15581019962235515	0.9323525889513482	0.32625428044573646	0.19204816415883344
0.6857061507431653	-0.13564952865976349	0.7151267923483706	-0.18086182608348292
0.0	0.0	0.0	1.0
6	17	9
0.9201730518163681	-0.20985468532936785	0.3305186923339267	-0.8312900050603955
0.04405843544492676	0.8943529168478568	0.44518728653169254	0.18607920387031748
-0.38902511299244313	-0.3950872340512699	0.832205239323121	0.47998739181391714
0.0	0.0	0.0	1.0
7	12	10
0.7648999905987521	0.3522524132685717	-0.539301365640972	-0.5118949966337855
-0.13627539057473337	0.9067725069844543	0.39898960565322616	0.19287372397263217
0.6295687274577343	-0.23169374187488387	0.7415936947753796	-0.1465717049852329
0.0	0.0	0.0	1.0
8	12	50
0.79344323	0.21081614	-0.57096764	-0.51847474
-0.11687349	0.97341303	0.19699654	0.10612675
0.59731751	-0.08957463	0.79698681	-0.15261728
-0.00000000	-0.00000000	0.00000000	0.99999990
11	16	11
0.6205286111819831	-0.054429180074172176	0.7822925938104954	-0.4221783656325595
0.08714674687689726	0.9961953935114741	0.00018538910997654482	-0.03749462152576236
-0.7793264912955904	0.0680592024984373	0.6229111566753667	0.06298225086780998
0.0	0.0	0.0	1.0
11	17	12
0.5485671734128916	-0.09866479941853375	0.8302645773692795	-0.555749548163387
0.029699000197775636	0.9946856559584264	0.09858128445298243	-0.0023249028667772557
-0.8355789167076912	-0.02942043156542396	0.5485821222188484	0.22170815142307887
0.0	0.0	0.0	1.0
12	17	13
0.4582158935541007	-0.20064817720241898	0.8658975257254637	-0.4375950044683792
0.08187195350163004	0.9795734732473578	0.18366444898911335	0.048041312078993835
-0.8850623982899215	-0.01326521563452628	0.4652834653122132	0.11115388730002208
0.0	0.0	0.0	1.0
14	17	15
0.5723524550385227	-0.29389744369944365	0.7655304679020021	-0.23237438295198817
0.14632679753886257	0.955186618016658	0.25730696805535025	0.1201053960588365
-0.8068464646651	-0.03525266966783326	0.5897084362031468	0.08607843697738006
0.0	0.0	0.0	1.0
14	18	16
0.7200387694650644	-0.27126345614528696	0.6387175677633058	-0.4437966916693047
0.04962093319228052	0.9382008262631512	0.3425152884136193	0.18997099542326434
-0.6921573880766384	-0.2149306350898047	0.6890014654600477	0.124141067659395
0.0	0.0	0.0	1.0
36	38	17
0.7435925132311183	-0.009144185105944953	0.6685705509602883	0.28447665777982273
0.014799198679581254	0.9998865280356598	-0.0027841581093560252	0.0253980293004703
-0.6684692243957118	0.011964594460128583	0.743643471565342	0.1264295292495547
0.0	0.0	0.0	1.0
