3	18	1
0.3039594693816776	-0.7138668153344375	0.6308746798136328	-0.4531364639962842
0.5836453594437916	0.6629223974785636	0.4689262526894848	-0.08868203274907584
-0.7529720151726418	0.22567248192438646	0.618146541038439	0.0926399217048874
0.0	0.0	0.0	1.0
11	13	2
0.967154657447176	-0.07061425659602584	-0.24418357046648628	-0.1551312619597057
-0.015268283575761881	0.9427651483340967	-0.3331077434513767	-0.12535021566140278
0.25372989638256804	0.32589502751617927	0.9107214710922941	-0.35853583401179956
0.0	0.0	0.0	1.0
18	23	3
0.6845242455650733	-0.42902391345876767	0.5893768446394164	0.23199046693621225
-0.0618564317134282	0.7713851956481004	0.6333551124173716	0.36409929890888276
-0.7263610841244804	-0.47000374983491144	0.5014939653974507	0.1116058343288518
0.0	0.0	0.0	1.0
18	24	4
0.5105594729959266	-0.5018084926321374	0.6982243912397748	0.26742135417023705
0.07753696705119871	0.835598553601967	0.5438410852212459	0.27428070740295935
-0.8563393894127247	-0.22352505248370644	0.4655314503300639	0.20828349230498427
0.0	0.0	0.0	1.0
20	24	5
0.7541877978214692	-0.25201157929100815	0.6063751677897851	0.1316296821049112
0.11178549959648477	0.9592191797439444	0.2596199167741185	0.10066351671217752
-0.6470740034800775	-0.128018233211232	0.7516026393191886	0.3037949791117376
0.0	0.0	0.0	1.0
21	24	6
0.7239602812480908	-0.12009652205195738	0.6793072288942756	0.10491264971382862
0.10332577672191387	0.9924985133752218	0.06534868271566938	0.004011306409170033
-0.6820596134957112	0.02288008281205495	0.7309386153551702	0.2880476067234844
0.0	0.0	0.0	1.0
23	24	7
0.9762954452095339	0.023555053996720955	0.21515662376663025	0.008341003814642969
0.015111599406867744	0.9842166794520674	-0.17632117894373078	-0.06789916212874723
-0.21591400957498869	0.17539294231513242	0.960530304542823	0.08731224035971677
0.0	0.0	0.0	1.0
24	27	8
0.9706858590955173	-0.03391592442891798	0.2379466929691167	0.08898359647287914
0.15982964585609052	0.8304704507225256	-0.5336414380328902	-0.14898338566126765
-0.17950874558767874	0.5560292015468529	0.8115467603569286	-0.17207062021689695
0.0	0.0	0.0	1.0
24	28	9
0.9063397573245946	0.0027145586350610343	0.42254105034775913	0.1109740949767651
0.23307114041433238	0.8308913723821525	-0.5052694844527637	-0.12716736323075825
-0.35245734638902404	0.5564280180392052	0.7524372064452982	-0.2075320822211389
0.0	0.0	0.0	1.0
24	29	10
0.8966736141978734	-0.009245851435622194	0.4425955754751851	0.12356488737231373
0.27037789768429643	0.8030823449105016	-0.5309938312196261	-0.05976831546687386
-0.3505312462346933	0.5957963000788552	0.722602626922459	-0.24415427726140768
0.0	0.0	0.0	1.0
24	35	11
0.775211209747695	-0.033106900913777014	0.6308339666271549	-0.2512924981244339
0.42160808899737257	0.7707775460198532	-0.47764901160157597	0.06656220172982101
-0.47041926024789577	0.636243630321942	0.6114735724299323	-0.534542061941927
0.0	0.0	0.0	1.0
24	36	12
0.9131001194928877	0.08053329895568381	0.3997031060228055	-0.04471599734998457
0.1843330258266642	0.7928664369087436	-0.5808477025363091	0.05283758741260835
-0.3636888234841729	0.6040508138396402	0.7091214736127688	-0.4868001530196358
0.0	0.0	0.0	1.0
24	37	13
0.9585878487366093	0.04408831998733828	0.2813636201859913	0.1110851285191432
0.08504060026332934	0.8985619410958336	-0.43052816497704743	-0.025314162851359203
-0.2718040255960401	0.43662651498175714	0.8576012577726424	-0.3294910291667828
0.0	0.0	0.0	1.0
24	41	14
0.9268318602635451	0.047033039200704105	0.372518996785878	0.13737924242389507
-0.21027572234580957	0.8869681731104553	0.4111828828035987	0.12311917918679322
-0.3110734401971241	-0.4594292806210503	0.8319603806265877	-0.11409855680720288
0.0	0.0	0.0	1.0
24	42	15
0.9931727966785298	0.1166471424975928	0.00108719509338569	0.09376008046102942
-0.10943585631712979	0.928465485726605	0.35493053403485303	0.10699416680244289
0.04039228521665589	-0.35262637583223244	0.9348920558861827	-0.12174224186467465
0.0	0.0	0.0	1.0
24	43	16
0.9413577070434789	0.12988898246770444	-0.3114072176723023	0.0673801742253016
-0.0709177914576528	0.9784842583461786	0.19375050397173563	0.06429558948729655
0.329873127751775	-0.16030421979280357	0.9303151736684186	-0.19808560148081011
0.0	0.0	0.0	1.0
24	44	17
0.8560060664539129	0.15324956967299133	-0.49372889945246473	0.0661298941327315
-0.11121034669628418	0.987279154282456	0.11363189502546642	0.03519181653633121
0.5048623673725129	-0.04236183440543687	0.862159864801218	-0.3257996455380924
0.0	0.0	0.0	1.0
24	45	18
0.7489703746838631	0.1252537928888917	-0.6506573534444552	0.06359936788658202
-0.18225338905434532	0.9830367189978568	-0.020553524423312198	0.02886638486702319
0.6370457183304128	0.13397851141992023	0.7590932759865723	-0.4406183736295896
0.0	0.0	0.0	1.0
24	46	19
0.5747532484367672	0.13026291977487414	-0.8078924660025019	0.132529560643258
-0.4227346527055024	0.8925811897889355	-0.1568251724236888	0.10106807901136697
0.7006811723976742	0.4316599771948685	0.568080577341148	-0.5629801928868837
0.0	0.0	0.0	1.0
25	28	20
0.9444854843673344	-0.14134973832898173	0.2965930854485795	0.0937030412229134
0.23096450986953643	0.9276746873466152	-0.2933852709226968	-0.05083050577301181
-0.23367196082325203	0.3456006538791312	0.9088219861498389	-0.20171742661534806
0.0	0.0	0.0	1.0
25	29	21
0.9362607896665001	-0.15792121457936312	0.31380965352853757	0.10466408750538456
0.2634473725442673	0.9065496977283098	-0.329792357196775	0.01578671716378054
-0.23240282681275756	0.39144404560368223	0.8903707987750203	-0.23447894950163095
0.0	0.0	0.0	1.0
25	30	22
0.9353145253986132	-0.13792529460714192	0.32582698873661486	0.09634732363917337
0.26824418719472837	0.8769247195251949	-0.39880851684641194	0.11579198513079622
-0.23071993414833394	0.46041260921882576	0.857197933888404	-0.27561682211410193
0.0	0.0	0.0	1.0
25	31	23
0.9038913744639316	-0.13535622403292266	0.40578191777728	0.004841147750967578
0.31068594501780417	0.8597880522382502	-0.4052636757377722	0.20988212046777144
-0.2940314740016329	0.4923851871583964	0.8192081918677618	-0.3381786606384587
0.0	0.0	0.0	1.0
25	32	24
0.8029592741052787	-0.194143855398514	0.5635285973525095	-0.16056587074926462
0.38572642833434967	0.8900424465015317	-0.2429802553137231	0.2284456316172328
-0.4543913113101719	0.4124712521353383	0.7895542326221573	-0.40878374105224835
0.0	0.0	0.0	1.0
25	33	25
0.635761509682688	-0.39376495478245804	0.6638947227634884	-0.343797404310405
0.546767212777726	0.8368408880903967	-0.027255740504960206	0.1041917012560366
-0.5448419769519421	0.38032412737677823	0.7473289755075829	-0.45839192785059196
0.0	0.0	0.0	1.0
25	34	26
0.6541105207267687	-0.3948999080031072	0.6451306291454292	-0.3896826434271504
0.5865621549916847	0.8033292436433125	-0.10298969381879029	0.06572695255392204
-0.477581684074074	0.4457759143605811	0.7570992748515649	-0.4946077442571869
0.0	0.0	0.0	1.0
25	35	27
0.8342650199705038	-0.22732347519632298	0.5023204923141484	-0.2796042544730683
0.41710275032775873	0.8560337570606135	-0.30533823163638435	0.13776522460432836
-0.3605927953933237	0.46425231477175843	0.8089762229630948	-0.5175718439074268
0.0	0.0	0.0	1.0
25	38	28
0.986837465908673	-0.11059885042637031	0.11798244801678068	0.14264555170001178
0.09222513379200938	0.9841913235371459	0.15120232855034685	0.06459110514974964
-0.13284009289821824	-0.13833119600632313	0.981436706012201	-0.21962502862265545
0.0	0.0	0.0	1.0
26	32	29
0.7912199279640264	-0.282069234333129	0.542593736670582	-0.1510616161473591
0.3603669600582768	0.9319074516681453	-0.04103833140458002	0.27210991583887073
-0.4940715262702882	0.22800333224045802	0.8389921787267188	-0.3106128551224374
0.0	0.0	0.0	1.0
26	33	30
0.6283469806996357	-0.5028697777986977	0.593550264234794	-0.33914731339912135
0.5163119595150342	0.8402898990260964	0.1653326846362582	0.15607764712745908
-0.5818951352663168	0.20257092027761764	0.7876313033285709	-0.36394274567354074
0.0	0.0	0.0	1.0
26	34	31
0.647312373035172	-0.499587604791924	0.5756727120810525	-0.38684581086864533
0.5596956077364351	0.8242294046864145	0.08594615819802291	0.10874180694133385
-0.517423972435674	0.266567573486486	0.8131507163570386	-0.395733598722802
0.0	0.0	0.0	1.0
26	37	32
0.9799102946232023	-0.06916538917514335	0.18706121446869653	0.08955127489820051
0.0663767318872388	0.9975707686145707	0.021137856760299042	0.1127992186673091
-0.18806886890883973	-0.0082966137951154	0.9821207935615971	-0.24756928011290977
0.0	0.0	0.0	1.0
26	38	33
0.9859798300739533	-0.10344052802433773	0.13093521582684908	0.12272912161466284
0.05123151083978819	0.9344357130052535	0.35242812806801027	0.14994496581490924
-0.1588058795775233	-0.3407789959987152	0.9266340024070316	-0.15675628101830022
0.0	0.0	0.0	1.0
27	37	34
0.9959419590653061	0.039677531170035946	0.08077920168094657	0.04227365138552864
-0.05037059787857038	0.9895689437924978	0.13496738790624804	0.1498212478418989
-0.07458155991402693	-0.13848853170584505	0.9875518124767165	-0.17355833119468314
0.0	0.0	0.0	1.0
27	38	35
0.9997068374408542	0.01273299557464334	0.02059972046031521	0.070116634897464
-0.02072974369017678	0.8896958014037508	0.4560833146393836	0.2067529575227695
-0.012520277237543719	-0.4563765901100429	0.8896987837651109	-0.10118465449234197
0.0	0.0	0.0	1.0
28	37	36
0.9878135655309909	0.1178872900455433	-0.1016208534365617	-0.004634759398694173
-0.10240097911238796	0.9839607331971658	0.14606638764882138	0.14149084666493886
0.11721022965098149	-0.1338802803730841	0.9840415886395215	-0.1553033306854035
0.0	0.0	0.0	1.0
28	38	37
0.9826795182842847	0.09071037957511306	-0.1615942563772008	0.022579970338747483
-0.0071643201487614425	0.8899496816005674	0.4560027718607952	0.20248273195764427
0.18517489485362193	-0.44694689582984853	0.875185117218009	-0.0831549306977654
0.0	0.0	0.0	1.0
29	37	38
0.9836631810778691	0.14518516473881693	-0.10643322040435288	-0.027769758272618225
-0.12260419932942115	0.9732202110104361	0.19444966626271912	0.09547887300813547
0.13181409534810118	-0.17822380246656552	0.9751212581402212	-0.11835074764072902
0.0	0.0	0.0	1.0
29	38	39
0.9784272809801308	0.12080671226712446	-0.1675889953174439	-0.0009638799861186901
-0.021629145953046314	0.866649513740852	0.4984486799866014	0.17004910099300313
0.20545681211811362	-0.4840709326180657	0.8505663956069892	-0.034047178349025986
0.0	0.0	0.0	1.0
30	37	40
0.9834199635644042	0.14038276627076982	-0.11479485172352559	-0.040211672372087774
-0.10538328197934324	0.9575744770820446	0.26822616016011314	0.025617789577837922
0.14757891225564518	-0.25168145024264765	0.9564920144390271	-0.057464354471181735
0.0	0.0	0.0	1.0
30	38	41
0.9766997771591028	0.12067413413080848	-0.17746989441538333	-0.014343644410060637
-0.00021956053994599112	0.8274996184025901	0.5614663122469552	0.12354400259317773
0.21461072271238965	-0.5483449341803697	0.8082451942187192	0.04595772530234494
0.0	0.0	0.0	1.0
31	37	42
0.9656086504109052	0.18219206310611152	-0.18548849174591595	-0.0032089579932941216
-0.1207967609598513	0.9461138210964638	0.30046091392803836	-0.04396191389701207
0.23023476212894664	-0.2677212755562014	0.9355839859950116	0.03545634706066011
0.0	0.0	0.0	1.0
31	38	43
0.9548393542081667	0.16369099960641212	-0.24796636817583792	0.019810285926394226
0.011500269825677886	0.8135721887800547	0.5813503666543333	0.09038146738550541
0.29690031386671	-0.557947868226979	0.7749482117208237	0.1581118709940777
0.0	0.0	0.0	1.0
32	36	44
0.9434759583976011	0.24249722576215627	-0.22593860152458065	-0.05212225531090078
-0.2475060382921443	0.9688656626674899	0.006334553636907266	-0.1287116891129767
0.220440254755027	0.04994476811652399	0.9741209879928908	-0.05382638741868733
0.0	0.0	0.0	1.0
32	37	45
0.8963322239351807	0.28099495190222584	-0.34297277084521727	0.04195940705402657
-0.2173961094655768	0.9526961290860928	0.21238896872268778	-0.11330831417230533
0.38642902883033853	-0.11581016795460586	0.9150194557988557	0.1265352205489014
0.0	0.0	0.0	1.0
32	38	46
0.8803489032948939	0.253544277431654	-0.4008756692025767	0.062207004676811735
-0.03181481203764878	0.8748066400121142	0.4834267361541709	0.057253969324163996
0.4732587344857145	-0.4128304619708403	0.7782014189083873	0.2687895885585379
0.0	0.0	0.0	1.0
33	36	47
0.8256342615695412	0.46281549191064814	-0.3226918688375092	0.031855203490257146
-0.4956588749024812	0.8682136480305376	-0.02296360286982855	-0.14162022332438018
0.2695375592379092	0.17890472523087106	0.9462255378637953	0.03175135182483486
0.0	0.0	0.0	1.0
33	37	48
0.7615352029741773	0.47874782669664917	-0.4368806426027848	0.11410252379220531
-0.4473941750669811	0.876014427431545	0.1801032664922978	-0.11011231271393504
0.4689378056905735	0.05830286361200468	0.8813048226852243	0.22311445116410142
0.0	0.0	0.0	1.0
33	38	49
0.7492712988069877	0.44380109057862727	-0.49156221404259803	0.12867454418771818
-0.2285244391197006	0.8699161257369483	0.43706147706466725	0.09573241291584296
0.6215862500819627	-0.2151436371656021	0.7532224684747947	0.3617620097939183
0.0	0.0	0.0	1.0
34	37	50
0.7765481246700425	0.5075205863840713	-0.37335734817747834	0.18701692058836294
-0.4432388882062795	0.861194579008022	0.24876326127255963	-0.05386976517885897
0.4477857543529778	-0.027690181818423157	0.8937120807380153	0.28233775558006696
0.0	0.0	0.0	1.0
34	38	51
0.7652902323984728	0.4778432928587742	-0.43127341091222976	0.19614752989007744
-0.23078632084194997	0.8291532094440698	0.5091589714682555	0.1719939468661022
0.6008898422052336	-0.29012242080160716	0.7448225926322215	0.4019952185966576
0.0	0.0	0.0	1.0
35	37	52
0.9191421430263305	0.3037375885987898	-0.2508407750207559	0.1877562660277301
-0.23541599627107476	0.9340865516977683	0.2684429341313696	-0.003153254615668592
0.3158431755166056	-0.18768526264892438	0.9300630476521727	0.25952855496648025
0.0	0.0	0.0	1.0
35	38	53
0.9076907020475057	0.28091173642336825	-0.3117472334793023	0.1963882846302889
-0.07083753727494028	0.8348005381682458	0.5459764857170101	0.21236021177139114
0.4136179321250143	-0.47349435651126437	0.7776396825434826	0.363739783876139
0.0	0.0	0.0	1.0
36	37	54
0.9912991495267026	0.04822613505491915	-0.12247505168087475	0.0932430181500745
-0.022068721184165373	0.9781867485934332	0.20655177208489936	0.02256341530888137
0.12976462201709768	-0.20205186354258226	0.9707399933351126	0.15954381169547482
0.0	0.0	0.0	1.0
36	38	55
0.9826450599091399	0.025219305559071654	-0.18377385747972805	0.1067788019191801
0.07289688611232284	0.8585066818790598	0.507594750681512	0.19887532644344605
0.1705722463658073	-0.5121821615019043	0.8417688656668891	0.257065706112592
0.0	0.0	0.0	1.0
37	38	56
0.997819249942709	-0.034975375941944144	-0.05597963179407147	0.023459494771903348
0.05149738770617673	0.9430157758036468	0.328739228317579	0.1203476065071409
0.041291931797787194	-0.33090515040427515	0.9427603154698898	0.1102703143982114
0.0	0.0	0.0	1.0
37	39	57
0.995887960835104	0.009232305390574704	-0.0901224253749936	0.01590318487539225
0.045428882495441	0.8097872889075738	0.5849621485407396	0.27231875281864215
0.07838063651732845	-0.5866510156940163	0.8060379536611859	0.10765637193231713
0.0	0.0	0.0	1.0
37	40	58
0.9969001476225339	-0.0484203887530307	0.06201315634170761	0.05448158487536172
-0.01601631672090171	0.6467946462102713	0.7624958479686866	0.3746272541158374
-0.07703006204955833	-0.7611255608421255	0.6440141632043823	0.07747380974396935
0.0	0.0	0.0	1.0
37	41	59
0.9953367397266287	-0.03929950241448703	0.08809211162943535	0.05484285928969765
-0.04677083076014506	0.6020880021025442	0.7970584576107302	0.40617968817305333
-0.08436323185563491	-0.7974619972758522	0.5974423078117832	0.0719377416476416
0.0	0.0	0.0	1.0
37	42	60
0.9574920886434306	0.18880664367143452	-0.21808464684064308	-0.07968050386967289
0.03589522042928268	0.6721696181760253	0.7395265239947675	0.3636895082932471
0.28621756061622705	-0.7159191053412722	0.6368198544790336	0.03816678005496908
0.0	0.0	0.0	1.0
37	43	61
0.8204819858801976	0.33083654661473777	-0.4662149741174436	-0.16900197404057696
0.02967320049817247	0.7897827416409998	0.6126684803505748	0.28286079526423685
0.5709017893998561	-0.5165176302967702	0.6381856217232247	-0.06430307423600368
0.0	0.0	0.0	1.0
38	40	62
0.9929479492053231	0.02606266834453107	0.11564996283819942	0.015298187840712445
-0.08128755730732037	0.8597748992086851	0.5041617214356285	0.21746826373628927
-0.08629308851571595	-0.5100073807729799	0.8558304029506506	0.04650367499937766
0.0	0.0	0.0	1.0
39	44	63
0.7425692006469768	0.02921922679136936	-0.6691316763000539	-0.14148908884666608
-0.07368227548256702	0.9965479029923775	-0.038252306866543656	-0.022359200366229157
0.6657041434712972	0.07770814365435641	0.7421587144487831	-0.3349048431382376
0.0	0.0	0.0	1.0
41	45	64
0.45767846745900176	-0.31393347010892453	-0.8318511600559969	-0.05553793892837747
-0.13033968571637072	0.9017946480745207	-0.41204130212645623	-0.1112691826350616
0.8795125500696303	0.29700568201540073	0.37181396835379216	-0.5555888000540832
0.0	0.0	0.0	1.0
