3	18	1
0.3039594693816775	-0.7138668153344375	0.6308746798136331	-0.45313646399628776
0.5836453594437918	0.6629223974785637	0.4689262526894849	-0.08868203274907406
-0.7529720151726419	0.22567248192438644	0.618146541038439	0.09263992170488385
0.0	0.0	0.0	1.0
11	13	2
0.9671546574471761	-0.07061425659602584	-0.2441835704664863	-0.1551312619597057
-0.015268283575761805	0.9427651483340966	-0.3331077434513768	-0.125350215661401
0.2537298963825676	0.32589502751617927	0.9107214710922943	-0.35853583401180666
0.0	0.0	0.0	1.0
18	23	3
0.6845242455650731	-0.4290239134587676	0.5893768446394164	0.23199046693621225
-0.061856431713428195	0.7713851956481004	0.6333551124173716	0.3640992989088829
-0.7263610841244804	-0.47000374983491144	0.5014939653974507	0.11160583432885357
0.0	0.0	0.0	1.0
18	24	4
0.5105594729959264	-0.5018084926321377	0.698224391239775	0.26742135417023705
0.0775369670511987	0.835598553601967	0.5438410852212459	0.2742807074029591
-0.8563393894127244	-0.22352505248370635	0.4655314503300638	0.20828349230498605
0.0	0.0	0.0	1.0
20	24	6
0.754187797821469	-0.25201157929100826	0.6063751677897854	0.1316296821049112
0.11178549959648476	0.9592191797439444	0.2596199167741185	0.1006635167121773
-0.6470740034800773	-0.12801823321123196	0.7516026393191884	0.3037949791117358
0.0	0.0	0.0	1.0
21	24	7
0.7239602812480906	-0.12009652205195741	0.679307228894276	0.10491264971382507
0.10332577672191386	0.9924985133752218	0.06534868271566939	0.004011306409169589
-0.682059613495711	0.022880082812054944	0.7309386153551699	0.28804760672348617
0.0	0.0	0.0	1.0
23	24	9
0.9762954452095339	0.023555053996720993	0.21515662376663064	0.008341003814639416
0.015111599406867739	0.9842166794520674	-0.17632117894373078	-0.06789916212874723
-0.2159140095749886	0.1753929423151324	0.9605303045428226	0.08731224035971855
0.0	0.0	0.0	1.0
24	27	10
0.9706858590955172	-0.03391592442891804	0.2379466929691165	0.08898359647287914
0.1598296458560904	0.8304704507225256	-0.5336414380328905	-0.14898338566126765
-0.17950874558767851	0.556029201546853	0.8115467603569289	-0.17207062021689518
0.0	0.0	0.0	1.0
24	28	11
0.9063397573245946	0.0027145586350609545	0.42254105034775913	0.11097409497676154
0.23307114041433236	0.8308913723821525	-0.5052694844527637	-0.12716736323075825
-0.352457346389024	0.5564280180392053	0.7524372064452981	-0.2075320822211389
0.0	0.0	0.0	1.0
24	29	12
0.8966736141978733	-0.009245851435622216	0.44259557547518497	0.12356488737231373
0.2703778976842962	0.8030823449105016	-0.5309938312196262	-0.05976831546687386
-0.3505312462346932	0.5957963000788552	0.7226026269224594	-0.24415427726140768
0.0	0.0	0.0	1.0
24	35	13
0.775211209747695	-0.03310690091377705	0.6308339666271549	-0.25129249812443744
0.4216080889973726	0.7707775460198532	-0.4776490116015759	0.06656220172981746
-0.4704192602478959	0.636243630321942	0.6114735724299322	-0.534542061941927
0.0	0.0	0.0	1.0
24	36	14
0.9131001194928877	0.08053329895568376	0.3997031060228055	-0.04471599734998102
0.1843330258266642	0.7928664369087434	-0.5808477025363092	0.052837587412610125
-0.3636888234841728	0.6040508138396403	0.7091214736127689	-0.4868001530196429
0.0	0.0	0.0	1.0
24	37	15
0.9585878487366094	0.04408831998733827	0.28136362018599126	0.1110851285191432
0.08504060026332955	0.8985619410958338	-0.4305281649770475	-0.025314162851361868
-0.2718040255960404	0.43662651498175714	0.8576012577726424	-0.3294910291667828
0.0	0.0	0.0	1.0
24	41	16
0.926831860263545	0.047033039200704	0.372518996785878	0.13737924242389152
-0.21027572234580966	0.8869681731104555	0.4111828828035987	0.12311917918679677
-0.3110734401971242	-0.45942928062105015	0.8319603806265875	-0.11409855680719933
0.0	0.0	0.0	1.0
24	42	17
0.9931727966785296	0.11664714249759266	0.0010871950933858472	0.09376008046102942
-0.10943585631712976	0.9284654857266051	0.3549305340348531	0.10699416680244378
0.040392285216655964	-0.35262637583223244	0.9348920558861826	-0.12174224186467288
0.0	0.0	0.0	1.0
24	43	18
0.9413577070434791	0.1298889824677045	-0.3114072176723023	0.06738017422529805
-0.0709177914576528	0.9784842583461785	0.1937505039717356	0.06429558948729788
0.3298731277517749	-0.16030421979280357	0.9303151736684186	-0.19808560148080756
0.0	0.0	0.0	1.0
24	44	19
0.8560060664539124	0.15324956967299136	-0.4937288994524655	0.06612989413272795
-0.11121034669628414	0.987279154282456	0.1136318950254665	0.035191816536330765
0.5048623673725129	-0.04236183440543687	0.862159864801218	-0.32579964553809326
0.0	0.0	0.0	1.0
24	45	20
0.7489703746838634	0.1252537928888918	-0.6506573534444549	0.06359936788658202
-0.18225338905434532	0.9830367189978568	-0.020553524423312205	0.02886638486702319
0.6370457183304127	0.13397851141992023	0.7590932759865722	-0.4406183736295896
0.0	0.0	0.0	1.0
24	46	21
0.5747532484367673	0.130262919774874	-0.807892466002502	0.13252956064324733
-0.4227346527055024	0.8925811897889356	-0.1568251724236888	0.10106807901136874
0.7006811723976744	0.4316599771948685	0.5680805773411481	-0.5629801928868873
0.0	0.0	0.0	1.0
25	28	22
0.9444854843673344	-0.14134973832898182	0.2965930854485795	0.09370304122290984
0.2309645098695364	0.9276746873466152	-0.2933852709226968	-0.05083050577301181
-0.23367196082325195	0.3456006538791313	0.9088219861498389	-0.20171742661534806
0.0	0.0	0.0	1.0
25	29	23
0.9362607896665001	-0.15792121457936312	0.31380965352853746	0.10466408750538456
0.2634473725442671	0.9065496977283098	-0.329792357196775	0.01578671716378054
-0.23240282681275745	0.3914440456036821	0.8903707987750206	-0.23447894950163095
0.0	0.0	0.0	1.0
25	30	24
0.9353145253986132	-0.13792529460714198	0.3258269887366147	0.09634732363916271
0.2682441871947284	0.876924719525195	-0.3988085168464117	0.11579198513078912
-0.23071993414833397	0.460412609218826	0.857197933888404	-0.2756168221140966
0.0	0.0	0.0	1.0
25	31	25
0.9038913744639318	-0.1353562240329227	0.4057819177772801	0.004841147750967578
0.3106859450178042	0.8597880522382501	-0.40526367573777206	0.2098821204677661
-0.294031474001633	0.4923851871583964	0.8192081918677617	-0.3381786606384587
0.0	0.0	0.0	1.0
25	32	26
0.8029592741052787	-0.19414385539851398	0.5635285973525095	-0.16056587074926285
0.38572642833434967	0.8900424465015319	-0.24298025531372308	0.22844563161723636
-0.45439131131017185	0.4124712521353383	0.7895542326221572	-0.40878374105224835
0.0	0.0	0.0	1.0
25	33	27
0.635761509682688	-0.3937649547824581	0.6638947227634886	-0.3437974043104041
0.5467672127777259	0.8368408880903967	-0.027255740504960206	0.10419170125603305
-0.5448419769519421	0.38032412737677823	0.7473289755075831	-0.4583919278505884
0.0	0.0	0.0	1.0
25	34	28
0.6541105207267687	-0.39489990800310726	0.6451306291454291	-0.38968264342714953
0.5865621549916846	0.8033292436433125	-0.1029896938187904	0.06572695255392204
-0.4775816840740738	0.445775914360581	0.757099274851565	-0.49460774425719045
0.0	0.0	0.0	1.0
25	35	29
0.834265019970504	-0.22732347519632298	0.5023204923141484	-0.27960425447307186
0.4171027503277588	0.8560337570606134	-0.30533823163638424	0.13776522460432836
-0.3605927953933238	0.46425231477175843	0.8089762229630948	-0.5175718439074233
0.0	0.0	0.0	1.0
25	38	30
0.9868374659086725	-0.1105988504263703	0.11798244801678076	0.14264555170001533
0.09222513379200936	0.9841913235371459	0.15120232855034688	0.06459110514974875
-0.1328400928982181	-0.1383311960063231	0.981436706012201	-0.2196250286226519
0.0	0.0	0.0	1.0
26	32	31
0.7912199279640264	-0.282069234333129	0.5425937366705821	-0.1510616161473591
0.3603669600582768	0.9319074516681454	-0.041038331404579964	0.27210991583887606
-0.4940715262702881	0.22800333224045807	0.8389921787267188	-0.31061285512244097
0.0	0.0	0.0	1.0
26	33	32
0.6283469806996358	-0.5028697777986977	0.593550264234794	-0.33914731339912046
0.5163119595150341	0.8402898990260964	0.1653326846362582	0.15607764712745553
-0.5818951352663168	0.20257092027761758	0.787631303328571	-0.36394274567354074
0.0	0.0	0.0	1.0
26	34	50
0.64731237	-0.49958760	0.57567271	-0.38684581
0.55969561	0.82422940	0.08594616	0.10874181
-0.51742397	0.26656757	0.81315072	-0.39573360
-0.00000000	0.00000000	-0.00000000	0.99999995
26	37	33
0.9799102946232023	-0.06916538917514331	0.18706121446869647	0.08955127489820051
0.06637673188723898	0.997570768614571	0.021137856760299046	0.11279921866730733
-0.18806886890883998	-0.008296613795115433	0.9821207935615971	-0.24756928011290977
0.0	0.0	0.0	1.0
26	38	34
0.9859798300739528	-0.1034405280243377	0.13093521582684914	0.12272912161466284
0.051231510839788164	0.9344357130052535	0.3524281280680102	0.14994496581490835
-0.15880587957752318	-0.34077899599871514	0.9266340024070315	-0.15675628101829667
0.0	0.0	0.0	1.0
27	37	35
0.9959419590653062	0.03967753117003601	0.08077920168094649	0.04227365138552864
-0.05037059787857024	0.9895689437924979	0.13496738790624804	0.14982124784189713
-0.07458155991402717	-0.13848853170584519	0.9875518124767166	-0.17355833119468136
0.0	0.0	0.0	1.0
27	38	36
0.9997068374408538	0.01273299557464327	0.020599720460315267	0.07011663489746756
-0.020729743690176806	0.8896958014037508	0.4560833146393837	0.20675295752276862
-0.012520277237543608	-0.45637659011004283	0.8896987837651108	-0.10118465449233842
0.0	0.0	0.0	1.0
28	37	37
0.9878135655309909	0.11788729004554337	-0.10162085343656178	-0.004634759398694173
-0.1024009791123878	0.9839607331971659	0.14606638764882138	0.1414908466649362
0.11721022965098124	-0.1338802803730842	0.9840415886395216	-0.1553033306854035
0.0	0.0	0.0	1.0
28	38	38
0.9826795182842842	0.09071037957511294	-0.16159425637720062	0.022579970338751035
-0.007164320148761466	0.8899496816005675	0.4560027718607952	0.20248273195764338
0.18517489485362204	-0.4469468958298485	0.875185117218009	-0.0831549306977583
0.0	0.0	0.0	1.0
29	37	39
0.9836631810778692	0.14518516473881699	-0.10643322040435296	-0.027769758272618225
-0.12260419932942099	0.9732202110104363	0.1944496662627191	0.0954788730081337
0.13181409534810093	-0.17822380246656563	0.9751212581402213	-0.11835074764072724
0.0	0.0	0.0	1.0
29	38	40
0.9784272809801303	0.12080671226712433	-0.1675889953174437	-0.0009638799861151373
-0.02162914595304634	0.866649513740852	0.4984486799866014	0.17004910099300224
0.2054568121181137	-0.48407093261806566	0.8505663956069891	-0.03404717834902243
0.0	0.0	0.0	1.0
30	37	41
0.9834199635644043	0.14038276627076987	-0.1147948517235257	-0.040211672372087774
-0.10538328197934307	0.9575744770820448	0.26822616016011314	0.025617789577835257
0.14757891225564493	-0.2516814502426477	0.9564920144390271	-0.05746435447117996
0.0	0.0	0.0	1.0
30	38	42
0.9766997771591025	0.12067413413080831	-0.17746989441538313	-0.014343644410057085
-0.00021956053994601365	0.82749961840259	0.5614663122469552	0.12354400259317684
0.21461072271238976	-0.5483449341803697	0.8082451942187191	0.04595772530234849
0.0	0.0	0.0	1.0
31	37	43
0.9656086504109052	0.1821920631061116	-0.185488491745916	-0.0032089579932941216
-0.12079676095985113	0.946113821096464	0.30046091392803836	-0.04396191389701473
0.23023476212894647	-0.2677212755562015	0.9355839859950117	0.03545634706066011
0.0	0.0	0.0	1.0
31	38	44
0.9548393542081662	0.16369099960641198	-0.24796636817583773	0.01981028592639778
0.011500269825677879	0.8135721887800547	0.5813503666543333	0.09038146738550452
0.29690031386671006	-0.5579478682269788	0.7749482117208237	0.15811187099408125
0.0	0.0	0.0	1.0
32	36	45
0.9434759583976011	0.24249722576215624	-0.22593860152458073	-0.052122255310897224
-0.2475060382921444	0.9688656626674897	0.006334553636907014	-0.12871168911297493
0.2204402547550271	0.0499447681165241	0.9741209879928909	-0.05382638741869444
0.0	0.0	0.0	1.0
32	37	46
0.8963322239351806	0.2809949519022259	-0.3429727708452174	0.04195940705402657
-0.21739610946557666	0.9526961290860929	0.21238896872268778	-0.113308314172308
0.38642902883033836	-0.115810167954606	0.9150194557988558	0.1265352205489014
0.0	0.0	0.0	1.0
32	38	47
0.8803489032948936	0.2535442774316538	-0.4008756692025765	0.062207004676811735
-0.03181481203764879	0.8748066400121141	0.483426736154171	0.05725396932416355
0.4732587344857145	-0.4128304619708402	0.7782014189083873	0.26878958855854146
0.0	0.0	0.0	1.0
33	36	48
0.8256342615695412	0.46281549191064814	-0.3226918688375093	0.0318552034902607
-0.4956588749024813	0.8682136480305375	-0.02296360286982875	-0.1416202233243784
0.2695375592379093	0.17890472523087117	0.9462255378637953	0.031751351824831305
0.0	0.0	0.0	1.0
33	37	49
0.7615352029741773	0.4787478266966492	-0.4368806426027849	0.11410252379220531
-0.447394175066981	0.8760144274315452	0.18010326649229766	-0.11011231271393682
0.46893780569057336	0.0583028636120045	0.8813048226852245	0.22311445116410142
0.0	0.0	0.0	1.0
33	38	50
0.7492712988069874	0.4438010905786271	-0.49156221404259776	0.12867454418772173
-0.22852443911970063	0.8699161257369482	0.4370614770646673	0.09573241291584207
0.6215862500819627	-0.21514363716560198	0.7532224684747946	0.36176200979392187
0.0	0.0	0.0	1.0
34	37	51
0.7765481246700425	0.5075205863840714	-0.37335734817747845	0.18701692058836294
-0.44323888820627944	0.8611945790080222	0.24876326127255963	-0.053869765178860746
0.4477857543529777	-0.027690181818423296	0.8937120807380154	0.2823377555800705
0.0	0.0	0.0	1.0
34	38	52
0.7652902323984725	0.47784329285877397	-0.4312734109122295	0.196147529890081
-0.23078632084194994	0.8291532094440697	0.5091589714682555	0.17199394686610175
0.6008898422052336	-0.29012242080160705	0.7448225926322214	0.40199521859666115
0.0	0.0	0.0	1.0
35	37	53
0.9191421430263305	0.30373758859878985	-0.250840775020756	0.1877562660277301
-0.23541599627107465	0.9340865516977686	0.2684429341313695	-0.0031532546156712565
0.31584317551660546	-0.18768526264892454	0.930063047652173	0.25952855496648025
0.0	0.0	0.0	1.0
35	38	54
0.9076907020475052	0.28091173642336803	-0.31174723347930205	0.19638828463029245
-0.0708375372749403	0.8348005381682458	0.5459764857170101	0.2123602117713907
0.4136179321250144	-0.47349435651126426	0.7776396825434826	0.36373978387614253
0.0	0.0	0.0	1.0
36	37	55
0.9912991495267026	0.048226135054919184	-0.12247505168087483	0.0932430181500745
-0.0220687211841652	0.9781867485934334	0.20655177208489936	0.022563415308878707
0.12976462201709743	-0.2020518635425823	0.9707399933351127	0.1595438116954766
0.0	0.0	0.0	1.0
36	38	56
0.9826450599091394	0.025219305559071568	-0.18377385747972788	0.1067788019191801
0.07289688611232281	0.8585066818790597	0.5075947506815122	0.19887532644344472
0.1705722463658074	-0.5121821615019043	0.8417688656668891	0.25706570611259555
0.0	0.0	0.0	1.0
37	38	57
0.9978192499427084	-0.03497537594194417	-0.05597963179407138	0.0234594947719069
0.05149738770617671	0.9430157758036468	0.328739228317579	0.12034760650714045
0.041291931797787305	-0.33090515040427515	0.9427603154698898	0.11027031439821496
0.0	0.0	0.0	1.0
37	39	58
0.995887960835104	0.009232305390574704	-0.0901224253749936	0.015903184875388696
0.045428882495440984	0.8097872889075737	0.5849621485407395	0.2723187528186426
0.07838063651732834	-0.5866510156940162	0.8060379536611859	0.10765637193232068
0.0	0.0	0.0	1.0
37	40	59
0.996900147622534	-0.048420388753030674	0.06201315634170763	0.05448158487536172
-0.016016316720901737	0.6467946462102713	0.7624958479686866	0.3746272541158383
-0.07703006204955838	-0.7611255608421256	0.6440141632043823	0.07747380974396935
0.0	0.0	0.0	1.0
37	41	60
0.9953367397266287	-0.03929950241448716	0.08809211162943535	0.054842859289694096
-0.04677083076014511	0.6020880021025444	0.7970584576107304	0.4061796881730569
-0.08436323185563502	-0.797461997275852	0.5974423078117831	0.07193774164764516
0.0	0.0	0.0	1.0
37	42	61
0.9574920886434306	0.1888066436714343	-0.2180846468406429	-0.07968050386967289
0.035895220429282705	0.6721696181760254	0.7395265239947676	0.363689508293248
0.2862175606162271	-0.7159191053412722	0.6368198544790334	0.03816678005497086
0.0	0.0	0.0	1.0
37	43	62
0.8204819858801978	0.3308365466147378	-0.4662149741174438	-0.16900197404058406
0.029673200498172455	0.7897827416409997	0.6126684803505748	0.28286079526423774
0.570901789399856	-0.5165176302967702	0.6381856217232247	-0.06430307423600112
0.0	0.0	0.0	1.0
38	40	63
0.9929479492053233	0.026062668344531102	0.11564996283819937	0.015298187840708893
-0.0812875573073204	0.8597748992086852	0.5041617214356285	0.21746826373628927
-0.086293088515716	-0.51000738077298	0.8558304029506506	0.04650367499937766
0.0	0.0	0.0	1.0
39	44	64
0.7425692006469762	0.029219226791369287	-0.6691316763000545	-0.14148908884666608
-0.07368227548256696	0.9965479029923775	-0.03825230686654358	-0.0223592003662296
0.6657041434712972	0.07770814365435641	0.7421587144487831	-0.3349048431382385
0.0	0.0	0.0	1.0
41	45	65
0.4576784674590022	-0.31393347010892436	-0.8318511600559968	-0.05553793892837747
-0.13033968571637072	0.9017946480745207	-0.41204130212645623	-0.1112691826350616
0.8795125500696303	0.29700568201540073	0.3718139683537921	-0.555588800054085
0.0	0.0	0.0	1.0
