0	5	1
0.8236563813956866	0.050549961697783224	-0.564831769041394	-0.1528302626625129
0.03594656174573351	0.9893622299783594	0.14096196296003197	0.045183593688860935
0.5659489054315877	-0.13640800546324164	0.8130773175713506	-0.08948633549119066
0.0	0.0	0.0	1.0
0	6	2
0.8128860915001169	0.03770513317642407	-0.581201089000329	-0.14175505576345868
-0.06681847191067418	0.9973508859861614	-0.028751755156378525	-0.014880586569973663
0.5785773867703949	0.06220687239777193	0.8132519203988227	-0.1590684846441817
0.0	0.0	0.0	1.0
0	7	3
0.8870246092602116	0.018164125307413532	-0.4613647471789957	-0.002619338189772124
-0.09753281721665236	0.984049438312006	-0.14877512970034246	-0.0634154916454354
0.45130339292927285	0.1769654432853722	0.8746476314509963	-0.19719546332557875
0.0	0.0	0.0	1.0
0	8	4
0.9372527389402597	0.060698659573755594	-0.3433262448705765	0.13764415978453493
-0.16963736428667897	0.9397006557008616	-0.2969609621485086	-0.111258064407964
0.3045988639050473	0.33656849363277946	0.891033798055974	-0.2807363162327408
0.0	0.0	0.0	1.0
0	9	5
0.9671411218361685	0.03373059609542356	-0.25199285665328097	0.22011081910977842
-0.1676022487279766	0.8298834276420142	-0.5321680829209103	-0.11626710276741162
0.19117433765813524	0.5569162589795769	0.8082676671483203	-0.3982320799973831
0.0	0.0	0.0	1.0
1	5	6
0.8166762833862046	0.04512506326149755	-0.5753291403377326	-0.14844491660346157
0.033465575341607226	0.9915574869804064	0.1252754210763678	0.051620672002654966
0.5761249927109218	-0.12156321927264592	0.8082712921311163	-0.0921387152446148
0.0	0.0	0.0	1.0
1	6	7
0.8057664863885511	0.031985857964389165	-0.5913691232462821	-0.1374232407058012
-0.07133879115098635	0.9965118434456479	-0.043303104137004146	-0.007996286724929158
0.5879212492812321	0.07707974321992662	0.8052375803351347	-0.16031114291140874
0.0	0.0	0.0	1.0
1	7	8
0.881403188677684	0.014595484541180512	-0.472139154588459	0.0013037385914943544
-0.10341918966076276	0.9812352726890751	-0.1627325225242829	-0.056248373859321125
0.4609044376016559	0.19226124763429817	0.8663733588602396	-0.19816719164273774
0.0	0.0	0.0	1.0
1	8	9
0.932849622706021	0.05914905812561575	-0.35537706834899074	0.141540747041123
-0.17709044826933068	0.9343143302152641	-0.3093473051479618	-0.10401598167640456
0.31373636435184066	0.35150846011483333	0.8820495668133135	-0.28100314689534667
0.0	0.0	0.0	1.0
2	5	10
0.788654227533225	0.007504206455798969	-0.6147913464029017	-0.1519920396124306
0.004259549815937029	0.9998348692852352	0.017668224405639584	0.01817716377745393
0.6148223229278242	-0.016552875643889027	0.7884919682089678	-0.1121568275961685
0.0	0.0	0.0	1.0
2	6	11
0.7775188574782664	-0.007605898751988725	-0.6288138881744076	-0.14010089014715907
-0.10792734685439197	0.9834766530379345	-0.14534627847001882	-0.03687335868505865
0.6195291626645296	0.18087567007331423	0.7638506525899693	-0.18659271025297078
0.0	0.0	0.0	1.0
2	7	12
0.8588596295279668	-0.009790293200550864	-0.5121175817358721	-0.00419818689047503
-0.14464783409690854	0.954485954997213	-0.26083245716323955	-0.08196575602867455
0.4913625639780954	0.29809519317748556	0.8183533252670376	-0.22715203278795676
0.0	0.0	0.0	1.0
2	8	13
0.9137765268594169	0.04858935956187005	-0.40330080023569126	0.1317226036023983
-0.2229778113187626	0.8898749402321693	-0.3979993447531872	-0.12445127561123083
0.33954871648889057	0.45360963553118916	0.823981268651031	-0.3129057976193946
0.0	0.0	0.0	1.0
3	6	14
0.8371962830739121	-0.15190492903983313	-0.5253832064984473	-0.0955010581083791
-0.06642559114681551	0.9252967577021811	-0.3733815321309478	-0.1183358325870775
0.5428538612613122	0.34749250542432825	0.7645644888816893	-0.21820192536703747
0.0	0.0	0.0	1.0
3	7	15
0.9061073905710505	-0.12782404713183232	-0.40327468624379503	0.03782417986980369
-0.09191497995818049	0.8710047722022553	-0.482599583119057	-0.15714732984330104
0.41294199035738693	0.47435409069102735	0.7774748706548299	-0.2741229909490145
0.0	0.0	0.0	1.0
4	6	16
0.956434028943755	-0.10347606314367662	-0.27299606060322806	-0.031660919881636294
-0.001748303944842156	0.933035068331501	-0.3597814739066682	-0.12759402728603403
0.29194369274146587	0.3445845405728961	0.8922055040851635	-0.1729835688071946
0.0	0.0	0.0	1.0
4	7	17
0.9874239980097096	-0.08050567877320301	-0.13606138625907405	0.10756800448455127
0.006698717836764107	0.8811657991804884	-0.4727599639080752	-0.1687609480940412
0.15795249770084568	0.46590317927082736	0.8706235572423885	-0.2393825292248561
0.0	0.0	0.0	1.0
5	7	18
0.9921150691161157	-0.015178533220396936	0.12440755147644293	0.16082445533209244
0.05344304351559709	0.9491036795815522	-0.31039645696761103	-0.1259079262232815
-0.11336436183768599	0.31459780065518045	0.9424313018269155	-0.14440089540527343
0.0	0.0	0.0	1.0
5	8	19
0.9689639976063882	0.04534799815433659	0.24300648527362081	0.3054279380680771
0.07551192820129286	0.8817461896634777	-0.46564095652946846	-0.18122651013810506
-0.23538597207829598	0.4695393270343685	0.8509561426217607	-0.2617769277726394
0.0	0.0	0.0	1.0
6	7	20
0.9898803451913986	-0.027888565032669795	0.13913639721538404	0.15941840386939238
0.04428892575060442	0.9922369595126791	-0.11620729239725906	-0.06085715513537326
-0.1348154990038623	0.12119356120406954	0.983431116672781	-0.058069906175963325
0.0	0.0	0.0	1.0
6	8	21
0.9637097461409513	0.007783303172197619	0.26683821734779123	0.3168162215658965
0.07012974881143672	0.9570841865504832	-0.2811965392717343	-0.1318043354344214
-0.257575342601744	0.2897052183540353	0.921805707601909	-0.16630768270353105
0.0	0.0	0.0	1.0
6	9	22
0.9339056915025952	-0.02373640545423219	0.3567304025687977	0.4088879763468723
0.20434602754034034	0.8541845291035107	-0.4781330790485344	-0.15064513967141696
-0.2933645319096726	0.519427745350103	0.8025782967275336	-0.3044236460461221
0.0	0.0	0.0	1.0
6	11	23
0.9907025811099166	-0.13466674519503344	0.019316024163641376	0.42674704209822545
0.10609701425229144	0.6759154724968317	-0.7293020518099632	-0.20167295375021563
0.08515671259429324	0.724570891494644	0.6839190196748347	-0.3348072010438502
0.0	0.0	0.0	1.0
7	8	24
0.9908673790474954	0.019395995029612156	0.13343736429511177	0.16778282598934713
0.0036036636688910836	0.985437537898902	-0.16999961574448957	-0.08227977223427159
-0.13479147099568445	0.16892794559343413	0.976368095477643	-0.07784137299388788
0.0	0.0	0.0	1.0
7	9	25
0.9747512483598302	-0.023645151761930806	0.22203821185260691	0.26494948141837876
0.11193041015440969	0.9121664446738373	-0.3942383698583748	-0.13587045362298047
-0.1932140088065678	0.4091372015696898	0.8917819553900024	-0.19693718016294515
0.0	0.0	0.0	1.0
7	10	26
0.9907978121267712	-0.04447301767573733	0.12783490766656785	0.30149734762169345
0.1157232362711005	0.7681902322868165	-0.6296759911037731	-0.1664409913878009
-0.07019800292627672	0.6386752246291523	0.7662677152174311	-0.28826037175100133
0.0	0.0	0.0	1.0
7	11	27
0.9871204201676499	-0.09198885162006969	-0.13088677784491087	0.2561831483073025
-0.01529947467709327	0.7601176033858522	-0.6496053649314252	-0.19069788648349442
0.1592458160003298	0.6432412275048436	0.7489202237807704	-0.27755838986055564
0.0	0.0	0.0	1.0
7	12	28
0.9038708024519841	0.018530031087203448	-0.4274039437935253	0.18253828726908075
-0.24631025008049254	0.839397280372768	-0.48450319028262717	-0.17325205548967365
0.3497839163000743	0.5432022548046336	0.7632708745154007	-0.2874142084046745
0.0	0.0	0.0	1.0
8	9	50
0.99501889	-0.05753455	0.08140850	0.09960541
0.07599446	0.96630679	-0.24591861	-0.08825615
-0.06451684	0.25088029	0.96586571	-0.09028567
-0.00000000	0.00000000	-0.00000000	0.99999994
8	10	29
0.9979446883458797	-0.061986758146257814	-0.01624994343650876	0.12769418571832306
0.04554391888552543	0.8644651956087669	-0.5006252281138217	-0.141923826002225
0.04507954835136224	0.4988563602656516	0.8655114936393545	-0.18740554381622737
0.0	0.0	0.0	1.0
8	11	30
0.9588561301271725	-0.06484131118024632	-0.27638859956837003	0.06845395658457794
-0.08709812457346573	0.8594259473018481	-0.503786576220013	-0.14458637592163706
0.2702017274209819	0.5071317773192408	0.8184182056163025	-0.21746010228788645
0.0	0.0	0.0	1.0
8	12	31
0.8389439531430944	0.09417594348236233	-0.5360074155555697	0.007803121513796563
-0.2924306876602966	0.9086513255827577	-0.29805524702758357	-0.07262460949788431
0.45897429287267366	0.4067966492041845	0.7898474276434141	-0.2694682522855757
0.0	0.0	0.0	1.0
8	13	32
0.551173486893361	0.23960171682353437	-0.7992489024745346	0.06687665319290932
-0.6050830600801688	0.7743367586957423	-0.18514037916299983	0.03449266407447983
0.5745279621850492	0.5856565095259972	0.5717728013875657	-0.41535513375337696
0.0	0.0	0.0	1.0
13	17	33
0.6382177132220005	0.6243111363057932	-0.4504595173783594	0.2139752647495436
-0.4476691316678934	0.7769845173084771	0.4425916193951025	0.1290976918071571
0.6263149373846288	-0.08081298865649826	0.7753700867428154	0.008622117197497278
0.0	0.0	0.0	1.0
13	18	34
0.46630568124947536	0.683673500353625	-0.5613818237554786	0.13146706140709324
-0.44024611348055803	0.7297808575838873	0.5230708369297481	0.1650686971467697
0.7672953957782178	0.003235290616032993	0.6412855788419859	-0.00880495144073674
0.0	0.0	0.0	1.0
13	23	35
0.2929870787450676	0.7298909709462573	-0.6175901275707186	-0.08321032228082775
-0.47126671902887735	0.6722644235317776	0.5709362061398652	0.2068010256126858
0.8319051958930173	0.12377277112870105	0.5409381420840833	-0.06444279126529676
0.0	0.0	0.0	1.0
13	24	36
0.36640545457052	0.6468561259931	-0.668822989639596	0.027885337695832693
-0.5601801027016523	0.7273002653132637	0.39652568445734476	0.10948024438040331
0.7429302471108078	0.22937218330154205	0.6288426951184528	-0.07615770703001593
0.0	0.0	0.0	1.0
13	25	37
0.1768393982816223	0.6498432698591231	-0.7392101514288784	0.061522263812933714
-0.7313440556246809	0.589381223485713	0.3431701890634298	0.0893555900830009
0.658683412206518	0.47993098451555805	0.5794847901519639	-0.13698314921974847
0.0	0.0	0.0	1.0
14	18	38
0.6737315094067214	0.6383660041650367	-0.37225620164803275	0.08539281141227624
-0.4554043957409041	0.7553880371605615	0.471164177359808	0.17915042132404785
0.5819731128176971	-0.1479110373011315	0.7996434398616409	0.05036352064563203
0.0	0.0	0.0	1.0
14	20	39
0.485887534419794	0.7632689012484404	-0.42583303369029024	-0.023190621965463787
-0.4829017325905953	0.6405331272355396	0.5970957315729571	0.2754689084225534
0.7285048289451336	-0.08448589753438451	0.6798109513264833	0.02151132214548542
0.0	0.0	0.0	1.0
14	23	40
0.5268237108017981	0.7129746550710966	-0.46273503344254197	-0.13732766673364363
-0.5043489014480591	0.7004282316542736	0.5050074441377951	0.22494968430416054
0.6841703429133873	-0.032670034286134	0.7285902539394965	-0.01380704868791874
0.0	0.0	0.0	1.0
14	24	41
0.5990472897986184	0.6230838901382078	-0.5029003948989281	-0.02683148256794131
-0.5402297077158539	0.7780864057502123	0.3205207408885013	0.11248260205793396
0.5910113211149819	0.07967461057021835	0.8027189838631369	-0.023062551323036286
0.0	0.0	0.0	1.0
14	25	42
0.4343445788976471	0.658249046233844	-0.6148602083661175	-0.0016254536306056493
-0.7097256305462445	0.6704257980215876	0.21637710801346208	0.0884287839889856
0.5546481564611867	0.3423997643434576	0.7583720028757643	-0.094163206812457
0.0	0.0	0.0	1.0
15	18	43
0.8105647585347423	0.46645372964633397	-0.3541263893891258	-0.011725711405127797
-0.39126690241237677	0.8812403532473418	0.2651896481918564	0.14348176312475228
0.43576931327203355	-0.0763954159102505	0.8968103225600067	-0.00046295334990171415
0.0	0.0	0.0	1.0
15	19	44
0.7588638896322264	0.5230467312494375	-0.3880045166816353	-0.045426645182832716
-0.37016887685767697	0.8366099938247673	0.4038052512099592	0.22226652484903903
0.5358176272491517	-0.16280600695544298	0.8284888051092716	-0.010897453785200888
0.0	0.0	0.0	1.0
15	20	45
0.653909684909653	0.6032373968983387	-0.45662508896945353	-0.11454209280267239
-0.45356903230780216	0.7956303514806042	0.4015563430752261	0.24863616227038207
0.6055387486247108	-0.05547059742686431	0.7938802517306675	-0.04346945891059332
0.0	0.0	0.0	1.0
15	23	46
0.691102186750338	0.5421694326094236	-0.47794317001032505	-0.22702261192457598
-0.4524391969468028	0.8402134927478274	0.2988980664964693	0.19689054612531603
0.5636279424842341	0.009671100442034562	0.8259722094330023	-0.08055350131974562
0.0	0.0	0.0	1.0
15	24	47
0.7531061495508331	0.4378011312122018	-0.49108154886480293	-0.11404078990358416
-0.44991093027248635	0.8873333595155886	0.10109289619362469	0.08485536297306141
0.48001177945618323	0.14480928427064782	0.8652277626770782	-0.0931971521781464
0.0	0.0	0.0	1.0
15	25	48
0.6129891083646903	0.4735328711910481	-0.6324641019405283	-0.0763404669170346
-0.6182750933066288	0.7858872412144287	-0.010834595842798132	0.08513624803660706
0.49191501314042835	0.39767831639256623	0.7745139168179	-0.18188103046504409
0.0	0.0	0.0	1.0
16	18	49
0.8799338092158167	0.27211813014150105	-0.38944599598081686	-0.12028964861245843
-0.2553600752424106	0.9621374767255966	0.09530230988184028	0.08643428717196706
0.40063409815975715	0.015589277316342857	0.9161054619171253	-0.11046699834927705
0.0	0.0	0.0	1.0
16	19	50
0.8383064944721115	0.3290729811453597	-0.4346874164202673	-0.1507997721074032
-0.2442068475803503	0.9394871995704726	0.2402638689519948	0.15650801147407412
0.4874476426802913	-0.09526106598482764	0.8679401681226722	-0.11912756148602885
0.0	0.0	0.0	1.0
16	20	51
0.7484277953994973	0.41094009276760135	-0.5205611862753641	-0.21023974459909778
-0.3328835662791267	0.9116344310813906	0.2410625923243491	0.19631345137016848
0.573623831901028	-0.007131677498294338	0.8190878023004007	-0.1669430495759319
0.0	0.0	0.0	1.0
16	21	52
0.6712063614989209	0.41977664369046186	-0.6109579410126663	-0.27422946105317675
-0.44754945237800087	0.8865163072492876	0.11742353843905556	0.20818887099257552
0.5909158573560532	0.19461855960166816	0.7829062216792708	-0.24799907022520015
0.0	0.0	0.0	1.0
16	22	53
0.6179828631014704	0.46478769538292436	-0.6340895430596445	-0.33656499848679444
-0.43437770067820924	0.8741071306152873	0.2173766998728806	0.24395483914626176
0.6552962617089221	0.1410993391791745	0.7420766950434142	-0.2959433360640033
0.0	0.0	0.0	1.0
16	23	54
0.7761376327763949	0.34225541555206507	-0.5295954935848849	-0.3196905091660487
-0.32280909251464196	0.9371369657764287	0.1325463163426693	0.1480489786563788
0.5416683339548274	0.06808404752484173	0.8378305555235234	-0.20770930642485322
0.0	0.0	0.0	1.0
16	24	55
0.8214876579164964	0.22912695395511434	-0.5221674543311523	-0.2031084031282162
-0.3090544550991174	0.9484627166310189	-0.0700273806262416	0.04626935304908901
0.47921124373091145	0.2189048005052696	0.849963170386532	-0.22631183663658108
0.0	0.0	0.0	1.0
16	25	56
0.6914522725123872	0.2603799083998436	-0.6738665578679901	-0.14214319425633695
-0.4888170540669643	0.8554575575386947	-0.1710274631657017	0.08349551995822094
0.5319321226221693	0.44765477822728206	0.7187862203396632	-0.33290670050580756
0.0	0.0	0.0	1.0
17	21	57
0.8531021436722337	0.2594968146926384	-0.45263469988584965	-0.26421325203784457
-0.2652236047372119	0.9627791482024233	0.052084584863929924	0.1613241606786263
0.44930303518506837	0.07561599710752036	0.8901736463447933	-0.18808207918732497
0.0	0.0	0.0	1.0
17	25	58
0.8515506474395828	0.09858431284082261	-0.5149201075119848	-0.12897581714242537
-0.25338384422251514	0.9372245833645138	-0.2395974830356577	0.024645772395446207
0.4589751912272178	0.33450179899294363	0.8230738472964026	-0.28547253660498
0.0	0.0	0.0	1.0
17	26	59
0.6313613766766566	0.3379470071110825	-0.6979788947243387	-0.15006103346216423
-0.37628362615567457	0.92049935154169	0.10531693646425347	0.15513880260206206
0.6780806720603568	0.19614507622185468	0.7083316413328129	-0.35208025127011
0.0	0.0	0.0	1.0
17	27	60
0.4841466324285179	0.4736663746038203	-0.7356915540686948	-0.15030544478995117
-0.388524540291219	0.8697439561072929	0.30429272101218646	0.23814706936246527
0.783996558463286	0.1385119585326782	0.6051146471015045	-0.407243906884817
0.0	0.0	0.0	1.0
17	28	61
0.4360142538170506	0.5062589845655455	-0.7440385747594003	-0.1338855734602693
-0.2799426900870799	0.8620455181161184	0.42250393839468725	0.28008023194573184
0.8552916329136521	0.024070403389909224	0.5175877052904974	-0.4926958292457223
0.0	0.0	0.0	1.0
18	26	64
0.7805708700178673	0.2485009876364565	-0.5735471327659684	-0.1260443404186967
-0.3205403781514294	0.9468784195386175	-0.025986219797076916	0.07997751774238884
0.5366218024877668	0.20412918531549665	0.8187602536070043	-0.2725928507736879
0.0	0.0	0.0	1.0
18	27	65
0.6542234030851266	0.3899312666158775	-0.6480318210901084	-0.14798418727200352
-0.3757504891690947	0.9111922661814449	0.1689385256748158	0.17039500061113616
0.6563560156630927	0.13297476070792777	0.7426401755129535	-0.31808934862163846
0.0	0.0	0.0	1.0
18	28	66
0.6112513784765158	0.42472495616692013	-0.6678177080199637	-0.1379959496520926
-0.29366391798472635	0.9052827317917234	0.306960441270912	0.22698644884642286
0.7349376562402784	0.008483945511952928	0.6780817755117428	-0.39416449099086937
0.0	0.0	0.0	1.0
19	28	67
0.6732854146766146	0.2964159222909183	-0.6773657250376249	-0.12659365323150462
-0.25487370805244935	0.9530167001037351	0.163702569956662	0.13856148964594042
0.6940650133977959	0.06242412836135656	0.7172009293113141	-0.3764088705508347
0.0	0.0	0.0	1.0
20	29	68
0.8434959949107984	0.23598207687597633	-0.48252146133514917	-0.03369240112468391
-0.03652111985884069	0.9214410464928462	0.3867976570055216	0.14064143297448237
0.5358925137892576	-0.3086400642159879	0.7858502126375473	-0.3181182129560767
0.0	0.0	0.0	1.0
23	29	69
0.819345955755573	0.33754020374397214	-0.4633992518801456	0.0315635806805727
-0.1011466910155197	0.8807328414563753	0.4626865891981252	0.19801479970285388
0.5643064061231018	-0.33222907395796636	0.7557659151743265	-0.2359973730807625
0.0	0.0	0.0	1.0
26	29	70
0.9851579340996087	0.16925259897041514	-0.028590889669356096	0.0028269357758503207
-0.12983231424923292	0.8436962936992675	0.5208837493056003	0.2891508052347372
0.1122829418391543	-0.5094408279511816	0.8531486641400131	-0.15410966026184567
0.0	0.0	0.0	1.0
27	29	71
0.9974137262626552	0.0008323750245730925	0.07186977923037152	0.07030407683788717
-0.030394086995833593	0.9110111795296043	0.4112599532188591	0.20209082697455405
-0.0651318752254593	-0.41238076754147124	0.9086803973401381	-0.09189765260807325
0.0	0.0	0.0	1.0
27	35	72
0.5181619955497991	0.43555066859890257	-0.7360732411283961	-0.18062113750996764
0.10952063980335973	0.81974553184171	0.5621589083604019	0.2792387210401379
0.8482414459626794	-0.3719046081922333	0.377059192156494	-0.11824964704645785
0.0	0.0	0.0	1.0
27	42	73
0.8446237372315863	-0.1849380365113683	0.5024030653882171	-0.44303267838879573
-0.06994705279269785	0.8922733243463407	0.4460446472345912	0.27075132026476306
-0.5307714987984505	-0.4118815326081878	0.7406993502956206	-0.29069732516218066
0.0	0.0	0.0	1.0
28	29	74
0.9929802297477696	-0.02594152886089129	0.11540050090203208	0.08838583362396464
-0.005534260143199661	0.9643939778173062	0.2644116292310775	0.11555658825316066
-0.11815079953514027	-0.26319421951592337	0.957480557150231	-0.02072630305048981
0.0	0.0	0.0	1.0
28	30	75
0.9979058780975064	0.0038173696147616003	0.06456963035115607	0.13920609808586976
-0.036719980444627286	0.8552364907076019	0.5169353000384718	0.2105122085165851
-0.05324899212304348	-0.5182238948562333	0.8535856773882846	-0.054546156641536656
0.0	0.0	0.0	1.0
28	31	76
0.9739095485162643	0.1600105292169357	-0.16092482942190994	0.17841320953154133
-0.019520878531824114	0.7655587630819637	0.6430695897775491	0.28818213671605986
0.22609531389035759	-0.6231503784892186	0.7487085656421231	-0.056532115818846505
0.0	0.0	0.0	1.0
28	35	77
0.5648249304138552	0.2956863337662228	-0.7704168887342674	-0.24179239877232955
0.12430194778962042	0.8924626031296066	0.43365840273317985	0.20940413038628305
0.815795232352448	-0.3407054805451341	0.46733072303341033	-0.05296800873734353
0.0	0.0	0.0	1.0
28	36	78
0.7976977475347641	0.1826140820432097	-0.5747437581861349	-0.23418279812887477
-0.05391550813741492	0.9708291034286545	0.2336323844901133	0.07384534643371335
0.6006425786798881	-0.1553804411032005	0.7842738018800576	-0.0293063635514167
0.0	0.0	0.0	1.0
28	37	79
0.815000740452068	0.11709979324215737	-0.5675044891133058	-0.24705018203978477
-0.23059950622127157	0.9640196339381133	-0.13224961414711914	-0.05937662268776049
0.5315991543349746	0.23864994293913014	0.8126798374135559	-0.17033050546170067
0.0	0.0	0.0	1.0
28	38	80
0.8051323834115295	0.10231735072136912	-0.5842028592196595	-0.3284379764707363
-0.3294705397420091	0.89620150468215	-0.2971063240066311	-0.02285531535051076
0.49316438265268914	0.4316876470890455	0.755271280411689	-0.3459830416129066
0.0	0.0	0.0	1.0
28	39	81
0.8928369250601599	-0.019785195975042257	-0.44994512882155974	-0.3070557437657757
-0.05631397371100021	0.9862901118803182	-0.15511463523785948	-0.00963961531339201
0.4468455227666323	0.1638303196353766	0.8794820409969909	-0.35863548042183024
0.0	0.0	0.0	1.0
28	43	82
0.7908284296979753	-0.05727735581187712	0.6093517758771575	-0.3447258613902123
-0.2917284865034633	0.8399579331354072	0.45756438348468165	0.2523164018576978
-0.5380380106486051	-0.5396203065162363	0.6475531259014795	-0.40340631885801176
0.0	0.0	0.0	1.0
29	31	83
0.9443512265877122	0.10637295188364848	-0.3112644714147373	0.07620248197028884
0.034966975183075275	0.9084435008636225	0.41654251276465504	0.1887483062376113
0.32707499949928237	-0.4042464866989837	0.8541702626950248	-0.021023775769552798
0.0	0.0	0.0	1.0
29	32	84
0.7896696616194468	0.16734829246709645	-0.5902680476428632	0.03091791145895103
0.2645795301540583	0.7751405047070353	0.5737203387559442	0.2880169918677769
0.5535517880033982	-0.6092225328943117	0.5678279761625885	-0.041722626289441574
0.0	0.0	0.0	1.0
29	35	85
0.4642829423162881	0.07832502703764913	-0.8822167871069293	-0.3101644990514569
0.1503219647472212	0.9746620929415444	0.16564219458656082	0.08692232238304745
0.8728371782227295	-0.20952143516849472	0.4407450118343373	-0.09676785345530109
0.0	0.0	0.0	1.0
29	39	86
0.8351587900630323	-0.14299265748242107	-0.5310958496202376	-0.3753558595180446
-0.09940482181815896	0.9104698716246641	-0.40145158902662065	-0.11438503663725745
0.5409514630236918	0.388069392464375	0.7461727609493921	-0.435826498658484
0.0	0.0	0.0	1.0
29	40	87
0.991582530759132	-0.07806134406422392	-0.10329839973176923	-0.3786949708033391
0.020518203197160755	0.8824730330874357	-0.46991546643758403	-0.1095120148434253
0.1278403074031561	0.4638404630481277	0.8766464372960168	-0.3544084519471431
0.0	0.0	0.0	1.0
30	31	88
0.9620900668893532	0.01789715805993345	-0.2721440955848569	0.025872420576492364
0.024965200920267144	0.9878760680019052	0.1532237335205429	0.08510462146207111
0.27158691620838127	-0.15420917244333537	0.9499789946816967	-0.010058054200749312
0.0	0.0	0.0	1.0
30	32	89
0.8245340728884806	-0.00012323050190209613	-0.5658122445849723	-0.013331317870677796
0.24317390800644426	0.9030116611870744	0.3541701768019828	0.1844559166727838
0.5108914866172961	-0.42961627367141825	0.7445938209056678	-0.015030150778038716
0.0	0.0	0.0	1.0
30	33	90
0.4999027743524213	-0.0025839982807960497	-0.8660776065415506	-0.1549068766875334
0.4098245012004641	0.8816601717125859	0.23392145552167298	0.18024613661568833
0.7629817077643348	-0.4718779283917717	0.44180329568625365	-0.054731060700917794
0.0	0.0	0.0	1.0
30	35	91
0.51502533302933	-0.16611440932493418	-0.8409249371200918	-0.3243871779692253
0.15544968124837846	0.9828756284308496	-0.09894968465856191	-0.024540057426117284
0.8429616836206067	-0.07975993462107318	0.5320282854859274	-0.12450287736399956
0.0	0.0	0.0	1.0
31	34	92
0.5213725980817433	-0.1851905897094541	-0.8329915743481451	-0.2755675255997732
0.30961711309370277	0.9506991467856256	-0.017568785199434445	0.00015241791723404437
0.795177964980907	-0.24874862471257636	0.5530066452203997	-0.12683794269904317
0.0	0.0	0.0	1.0
31	36	93
0.8985961836319062	-0.24537029938344965	-0.3637558795848765	-0.34435677967493306
0.06523675896408775	0.8945212356045031	-0.44223990538304364	-0.22057955167773077
0.43389993531226684	0.3736648555884095	0.8198204184192959	-0.16805719728043755
0.0	0.0	0.0	1.0
31	42	94
0.6821225651246942	0.24105382304214093	0.6903636426643431	-0.5463638198914871
0.05825195136585363	0.9231892370405982	-0.3799059301830512	-0.11124967615445634
-0.7289140261114128	0.2993574669856025	0.615686238280303	-0.15356335355363906
0.0	0.0	0.0	1.0
31	43	95
0.6629705762093618	0.3325688710509632	0.6707219582230675	-0.5209316461569041
-0.22334855603958217	0.9429778801591449	-0.2467960857405027	0.006463449301991334
-0.7145526542072069	0.013813738194254644	0.6994452728174787	-0.24036043785861708
0.0	0.0	0.0	1.0
32	34	96
0.7673305374439586	-0.31550503782999867	-0.5582655478498092	-0.20942517218115422
0.23582795401913634	0.9484203285430371	-0.2118586273628871	-0.08573354989742425
0.5963129525389617	0.030910985154741517	0.8021567196606222	-0.11869213244943637
0.0	0.0	0.0	1.0
32	35	97
0.9004821243775734	-0.32259311311354	-0.2916600421780309	-0.2572620505504654
0.18403936041250463	0.8903042678512629	-0.4165186069188622	-0.19256879751978714
0.39403226998493485	0.3213907062309905	0.8610729062683129	-0.16559026963737944
0.0	0.0	0.0	1.0
33	34	98
0.9682780603560391	-0.15378963704004275	-0.19694268069650506	-0.10252663323986075
0.11721194417625873	0.9756160872657212	-0.18556599575085775	-0.07860176825850174
0.2206785544126785	0.1565955116916166	0.9626936334201437	-0.07434846941173884
0.0	0.0	0.0	1.0
33	35	99
0.9861982078984176	-0.1320968909372172	0.09981714437317216	-0.14234526127911926
0.16086807110807202	0.9071228523014163	-0.38890825462213013	-0.184411263643543
-0.03917288788895295	0.3995981147656037	0.9158531767934153	-0.15247144899691678
0.0	0.0	0.0	1.0
34	35	100
0.9555709017050105	-0.03180429968825894	0.2930403121162057	-0.025086562894761046
0.09285157599098381	0.9760273436220251	-0.19684801463476637	-0.1128093483532262
-0.2797548232526717	0.21531152117351607	0.9356164593999753	-0.09466822654039321
0.0	0.0	0.0	1.0
34	36	101
0.8169493421060243	0.05133819300405865	0.5744198401404661	-0.046381659456135337
0.23673789979802914	0.8783883376598671	-0.4151975667577485	-0.20813893674017012
-0.5258792480397811	0.47518235438409034	0.7054450715268993	-0.22356763834401314
0.0	0.0	0.0	1.0
35	40	102
0.5453923281027798	0.05586262148145294	0.8363172595605777	-0.13346070734146329
0.49321329900605637	0.7853593160163301	-0.37410078536741653	-0.061000941000885725
-0.6777078850060609	0.6165144587987137	0.4007767568463514	-0.5794159059050196
0.0	0.0	0.0	1.0
36	40	103
0.7849720150800702	-0.12662747464218063	0.6064522721069214	-0.0869819274320404
0.35767576959162684	0.8919001649892951	-0.2767347640410206	0.013805433220765457
-0.5058526828823997	0.43414231366223893	0.7454082870737978	-0.4363551781475907
0.0	0.0	0.0	1.0
39	41	104
0.6020283340164776	-0.3056065671299787	0.7376765458070985	0.08470327824525847
0.1509440028354961	0.9507577165261932	0.2706948266739244	0.19853578379500142
-0.7840778333424874	-0.051618137318706035	0.6185124843549592	-0.24651773182717085
0.0	0.0	0.0	1.0
41	45	105
0.8905397348353348	-0.0717007045474916	0.44921881768962235	0.007888970641588453
-0.2805577644380303	0.69076012529745	0.6664365308068235	0.19989893774979445
-0.35808640418819254	-0.7195203063395703	0.5950331958156707	-0.5149411704933257
0.0	0.0	0.0	1.0
42	46	106
0.7693740426841804	-0.12952671738816043	0.6255288456631187	-0.19079093379890574
0.05073058544519325	0.9885234425247338	0.14229463118789826	0.04245618613698824
-0.6367808891871376	-0.0777443766702334	0.7671152253021404	-0.4895437554274899
0.0	0.0	0.0	1.0
43	46	107
0.7724023408802152	-0.01326543928288964	0.6349950236462463	-0.13771534270832828
0.14445261048880653	0.9772495765706327	-0.15529547726423432	-0.08547867720731907
-0.6184885600515002	0.2116772681870991	0.7567460426517244	-0.39244811443060856
0.0	0.0	0.0	1.0
45	46	108
0.9300851746033236	0.022929804447717222	0.36662793845367286	-0.07445563852879816
0.0995390202189388	0.9449794383539747	-0.3116181460088196	-0.12858148798728794
-0.35360118611288704	0.3263252121023125	0.8766288892786438	-0.15351107370637604
0.0	0.0	0.0	1.0
45	47	109
0.8277601757633232	0.1673685771132306	0.5355381995644101	-0.1159198267443244
0.03619277870136534	0.9365581915400726	-0.3486386604670274	-0.13986694137302466
-0.5599138782942579	0.307971817169148	0.7691879449207828	-0.17175419476928236
0.0	0.0	0.0	1.0
45	48	110
0.6648473085985812	0.30123277927569597	0.6835473108822204	-0.07118018413779441
-0.13470314359982014	0.9484288621091634	-0.28694547403009585	-0.10829492486288052
-0.7347334836114733	0.09869899891310079	0.6711374184819932	-0.10426186748756762
0.0	0.0	0.0	1.0
46	47	111
0.9700682148728986	0.07367083006916648	0.2313878309829858	0.001300520938868613
-0.07268323408841613	0.9972729397137291	-0.012802009826441838	-0.019013029733624315
-0.2317000093098232	-0.004399185447085593	0.9727774045440021	-0.04023911687144012
0.0	0.0	0.0	1.0
46	48	112
0.8758791500329011	0.13783123190021979	0.4624263033945128	0.08274406048498002
-0.20874032378739948	0.9722549529891698	0.1055827016227706	0.017385283492110194
-0.4350437208025836	-0.18900472872410165	0.8803489221764074	-0.02581252648429534
0.0	0.0	0.0	1.0
46	49	113
0.6959985849504443	0.10291355697080702	0.7106298269579905	0.14520918133867575
-0.2108391610189373	0.97534065772625	0.0652491521139987	0.011663522881759718
-0.6863910965750153	-0.19524193863774766	0.7005339408261825	-0.028364859531737976
0.0	0.0	0.0	1.0
