0	5	1
0.8236563813956865	0.05054996169778325	-0.5648317690413939	-0.1528302626625129
0.03594656174573356	0.9893622299783594	0.140961962960032	0.04518359368886071
0.5659489054315878	-0.1364080054632416	0.8130773175713507	-0.08948633549119155
0.0	0.0	0.0	1.0
0	6	2
0.812886091500117	0.03770513317642409	-0.5812010890003289	-0.14175505576345868
-0.06681847191067421	0.9973508859861613	-0.02875175515637854	-0.014880586569973441
0.578577386770395	0.06220687239777192	0.8132519203988225	-0.15906848464418258
0.0	0.0	0.0	1.0
0	7	3
0.8870246092602118	0.018164125307413546	-0.46136474717899595	-0.002619338189772124
-0.09753281721665234	0.984049438312006	-0.14877512970034243	-0.06341549164543557
0.4513033929292727	0.17696544328537223	0.8746476314509963	-0.19719546332557963
0.0	0.0	0.0	1.0
0	8	4
0.9372527389402597	0.06069865957375568	-0.34332624487057667	0.13764415978453493
-0.16963736428667894	0.9397006557008615	-0.29696096214850853	-0.11125806440796406
0.30459886390504737	0.33656849363277946	0.8910337980559739	-0.2807363162327408
0.0	0.0	0.0	1.0
0	9	5
0.9671411218361686	0.033730596095423525	-0.2519928566532812	0.22011081910977753
-0.1676022487279766	0.8298834276420142	-0.5321680829209104	-0.11626710276741228
0.19117433765813518	0.5569162589795769	0.8082676671483204	-0.3982320799973822
0.0	0.0	0.0	1.0
1	5	6
0.8166762833862045	0.04512506326149758	-0.5753291403377326	-0.14844491660346068
0.033465575341607275	0.9915574869804064	0.12527542107636783	0.051620672002654744
0.5761249927109219	-0.12156321927264592	0.8082712921311164	-0.09213871524461568
0.0	0.0	0.0	1.0
1	6	7
0.8057664863885512	0.031985857964389186	-0.591369123246282	-0.1374232407058012
-0.07133879115098636	0.9965118434456478	-0.04330310413700416	-0.007996286724929158
0.5879212492812322	0.07707974321992661	0.8052375803351347	-0.1603111429114092
0.0	0.0	0.0	1.0
1	7	8
0.8814031886776841	0.01459548454118052	-0.47213915458845923	0.0013037385914952426
-0.10341918966076276	0.9812352726890751	-0.16273252252428289	-0.05624837385932129
0.4609044376016557	0.1922612476342982	0.8663733588602396	-0.19816719164273863
0.0	0.0	0.0	1.0
1	8	9
0.9328496227060209	0.059149058125615835	-0.3553770683489909	0.141540747041123
-0.17709044826933065	0.934314330215264	-0.30934730514796177	-0.10401598167640473
0.3137363643518407	0.35150846011483333	0.8820495668133134	-0.28100314689534667
0.0	0.0	0.0	1.0
2	5	10
0.7886542275332249	0.007504206455799005	-0.6147913464029017	-0.1519920396124306
0.00425954981593708	0.9998348692852352	0.017668224405639605	0.01817716377745371
0.6148223229278243	-0.016552875643889013	0.7884919682089679	-0.11215682759616984
0.0	0.0	0.0	1.0
2	6	11
0.7775188574782665	-0.007605898751988691	-0.6288138881744075	-0.14010089014715907
-0.10792734685439198	0.9834766530379344	-0.1453462784700188	-0.03687335868505843
0.6195291626645296	0.18087567007331423	0.7638506525899692	-0.18659271025297122
0.0	0.0	0.0	1.0
2	7	12
0.8588596295279668	-0.009790293200550864	-0.5121175817358723	-0.00419818689047503
-0.14464783409690854	0.954485954997213	-0.26083245716323955	-0.08196575602867472
0.49136256397809525	0.2980951931774856	0.8183533252670377	-0.22715203278795765
0.0	0.0	0.0	1.0
2	8	13
0.9137765268594168	0.04858935956187012	-0.4033008002356914	0.1317226036023983
-0.22297781131876257	0.8898749402321693	-0.3979993447531871	-0.12445127561123097
0.3395487164888906	0.45360963553118916	0.8239812686510309	-0.3129057976193946
0.0	0.0	0.0	1.0
3	6	14
0.8371962830739123	-0.15190492903983308	-0.5253832064984472	-0.0955010581083791
-0.06642559114681552	0.925296757702181	-0.3733815321309478	-0.11833583258707728
0.5428538612613122	0.34749250542432825	0.7645644888816893	-0.21820192536703792
0.0	0.0	0.0	1.0
3	7	15
0.9061073905710506	-0.12782404713183237	-0.40327468624379514	0.037824179869804575
-0.09191497995818047	0.8710047722022553	-0.48259958311905693	-0.1571473298433011
0.4129419903573868	0.4743540906910274	0.7774748706548299	-0.2741229909490154
0.0	0.0	0.0	1.0
4	6	16
0.9564340289437551	-0.10347606314367659	-0.27299606060322795	-0.031660919881636294
-0.001748303944842175	0.9330350683315008	-0.35978147390666815	-0.1275940272860338
0.2919436927414659	0.3445845405728961	0.8922055040851635	-0.17298356880719548
0.0	0.0	0.0	1.0
4	7	17
0.9874239980097097	-0.08050567877320307	-0.13606138625907416	0.10756800448455127
0.006698717836764098	0.8811657991804884	-0.4727599639080751	-0.16876094809404138
0.15795249770084555	0.4659031792708274	0.8706235572423885	-0.23938252922485698
0.0	0.0	0.0	1.0
5	7	18
0.9921150691161159	-0.01517853322039695	0.12440755147644282	0.16082445533209333
0.053443043515597075	0.9491036795815522	-0.31039645696761103	-0.12590792622328167
-0.11336436183768615	0.3145978006551805	0.9424313018269154	-0.14440089540527432
0.0	0.0	0.0	1.0
5	8	19
0.9689639976063883	0.04534799815433666	0.24300648527362068	0.3054279380680771
0.07551192820129286	0.8817461896634776	-0.46564095652946835	-0.1812265101381052
-0.23538597207829587	0.4695393270343685	0.8509561426217607	-0.2617769277726394
0.0	0.0	0.0	1.0
6	7	20
0.9898803451913988	-0.02788856503266978	0.13913639721538393	0.15941840386939238
0.044288925750604405	0.9922369595126791	-0.11620729239725902	-0.06085715513537331
-0.13481549900386247	0.12119356120406959	0.983431116672781	-0.05806990617596421
0.0	0.0	0.0	1.0
6	8	21
0.9637097461409513	0.007783303172197721	0.26683821734779106	0.3168162215658965
0.07012974881143667	0.9570841865504831	-0.28119653927173427	-0.13180433543442155
-0.25757534260174386	0.2897052183540353	0.9218057076019089	-0.16630768270353105
0.0	0.0	0.0	1.0
6	9	22
0.9339056915025954	-0.023736405454232216	0.35673040256879757	0.4088879763468714
0.20434602754034042	0.8541845291035106	-0.4781330790485345	-0.15064513967141718
-0.2933645319096727	0.5194277453501032	0.8025782967275337	-0.3044236460461221
0.0	0.0	0.0	1.0
6	11	23
0.9907025811099166	-0.13466674519503344	0.019316024163641376	0.42674704209822634
0.1060970142522915	0.6759154724968317	-0.7293020518099632	-0.20167295375021518
0.08515671259429318	0.7245708914946442	0.6839190196748346	-0.33480720104385064
0.0	0.0	0.0	1.0
7	8	24
0.9908673790474956	0.019395995029612267	0.13343736429511163	0.16778282598934713
0.0036036636688910593	0.9854375378989019	-0.16999961574448952	-0.0822797722342717
-0.13479147099568434	0.16892794559343413	0.9763680954776429	-0.07784137299388788
0.0	0.0	0.0	1.0
7	9	25
0.9747512483598304	-0.02364515176193082	0.2220382118526068	0.26494948141837876
0.11193041015440977	0.9121664446738373	-0.39423836985837496	-0.13587045362298114
-0.19321400880656792	0.4091372015696898	0.8917819553900024	-0.19693718016294515
0.0	0.0	0.0	1.0
7	10	26
0.9907978121267712	-0.04447301767573733	0.12783490766656794	0.30149734762169345
0.11572323627110045	0.7681902322868164	-0.6296759911037729	-0.1664409913878009
-0.07019800292627677	0.6386752246291525	0.7662677152174312	-0.2882603717510022
0.0	0.0	0.0	1.0
7	11	27
0.9871204201676499	-0.09198885162006967	-0.13088677784491087	0.2561831483073034
-0.015299474677093215	0.7601176033858522	-0.6496053649314253	-0.19069788648349398
0.15924581600032975	0.6432412275048437	0.7489202237807703	-0.27755838986055564
0.0	0.0	0.0	1.0
7	12	28
0.9038708024519843	0.01853003108720341	-0.42740394379352536	0.18253828726908075
-0.24631025008049245	0.8393972803727681	-0.48450319028262706	-0.17325205548967365
0.34978391630007416	0.5432022548046335	0.7632708745154004	-0.2874142084046743
0.0	0.0	0.0	1.0
8	9	29
0.9950188854609766	-0.057534548650281216	0.08140850111593378	0.09960541486833083
0.07599446250601917	0.9663067885334286	-0.2459186130787753	-0.088256154024255
-0.06451684465495368	0.2508802941261926	0.9658657130038388	-0.09028566953897166
0.0	0.0	0.0	1.0
8	10	30
0.9979446883458798	-0.06198675814625783	-0.01624994343650868	0.12769418571832306
0.04554391888552547	0.8644651956087668	-0.5006252281138215	-0.14192382600222544
0.04507954835136224	0.4988563602656517	0.8655114936393546	-0.18740554381622826
0.0	0.0	0.0	1.0
8	11	31
0.9588561301271725	-0.0648413111802463	-0.27638859956837003	0.06845395658457883
-0.08709812457346568	0.8594259473018481	-0.503786576220013	-0.14458637592163662
0.27020172742098186	0.5071317773192409	0.8184182056163025	-0.2174601022878869
0.0	0.0	0.0	1.0
8	12	32
0.8389439531430944	0.09417594348236229	-0.5360074155555699	0.007803121513796563
-0.29243068766029656	0.9086513255827579	-0.29805524702758346	-0.0726246094978842
0.4589742928726735	0.40679664920418446	0.7898474276434138	-0.26946825228557525
0.0	0.0	0.0	1.0
8	13	33
0.5511734868933609	0.23960171682353434	-0.7992489024745345	0.06687665319290843
-0.6050830600801689	0.7743367586957424	-0.1851403791629999	0.03449266407448005
0.5745279621850491	0.5856565095259971	0.5717728013875657	-0.415355133753377
0.0	0.0	0.0	1.0
13	17	34
0.6382177132220005	0.6243111363057932	-0.45045951737835954	0.21397526474954448
-0.4476691316678933	0.7769845173084772	0.4425916193951026	0.12909769180715622
0.6263149373846288	-0.0808129886564983	0.7753700867428154	0.008622117197498166
0.0	0.0	0.0	1.0
13	18	35
0.46630568124947536	0.6836735003536251	-0.5613818237554788	0.13146706140709347
-0.440246113480558	0.7297808575838871	0.5230708369297479	0.1650686971467697
0.7672953957782177	0.003235290616033041	0.6412855788419859	-0.00880495144073674
0.0	0.0	0.0	1.0
13	23	36
0.2929870787450676	0.7298909709462574	-0.6175901275707186	-0.08321032228082781
-0.47126671902887723	0.6722644235317776	0.5709362061398652	0.20680102561268668
0.8319051958930173	0.12377277112870097	0.5409381420840832	-0.06444279126529676
0.0	0.0	0.0	1.0
13	24	37
0.36640545457052	0.6468561259931	-0.6688229896395961	0.027885337695832915
-0.5601801027016523	0.7273002653132637	0.39652568445734476	0.10948024438040153
0.7429302471108078	0.22937218330154205	0.6288426951184528	-0.07615770703001504
0.0	0.0	0.0	1.0
13	25	38
0.1768393982816223	0.6498432698591232	-0.7392101514288785	0.06152226381293366
-0.7313440556246809	0.5893812234857129	0.34317018906342955	0.08935559008300001
0.6586834122065183	0.479930984515558	0.579484790151964	-0.13698314921974802
0.0	0.0	0.0	1.0
14	18	39
0.6737315094067216	0.638366004165037	-0.37225620164803286	0.08539281141227646
-0.45540439574090397	0.7553880371605614	0.47116417735980787	0.17915042132404785
0.581973112817697	-0.14791103730113145	0.7996434398616408	0.05036352064563203
0.0	0.0	0.0	1.0
14	20	40
0.48588753441979393	0.7632689012484403	-0.4258330336902902	-0.023190621965463815
-0.4829017325905953	0.6405331272355396	0.5970957315729571	0.2754689084225534
0.7285048289451335	-0.08448589753438442	0.6798109513264833	0.021511322145484534
0.0	0.0	0.0	1.0
14	23	41
0.5268237108017981	0.7129746550710967	-0.462735033442542	-0.13732766673364372
-0.504348901448059	0.7004282316542735	0.5050074441377951	0.22494968430416143
0.6841703429133873	-0.03267003428613406	0.7285902539394964	-0.013807048687919628
0.0	0.0	0.0	1.0
14	24	42
0.5990472897986185	0.6230838901382078	-0.5029003948989281	-0.026831482567941087
-0.5402297077158539	0.7780864057502123	0.3205207408885013	0.11248260205793219
0.5910113211149819	0.07967461057021835	0.8027189838631369	-0.023062551323035398
0.0	0.0	0.0	1.0
14	25	43
0.4343445788976471	0.6582490462338441	-0.6148602083661177	-0.0016254536306057603
-0.7097256305462445	0.6704257980215875	0.21637710801346188	0.08842878398898471
0.5546481564611869	0.3423997643434575	0.7583720028757645	-0.09416320681245567
0.0	0.0	0.0	1.0
15	18	44
0.8105647585347424	0.46645372964633414	-0.3541263893891259	-0.011725711405127575
-0.39126690241237666	0.8812403532473416	0.2651896481918563	0.14348176312475228
0.43576931327203344	-0.07639541591025042	0.8968103225600067	-0.00046295334990171415
0.0	0.0	0.0	1.0
15	19	45
0.7588638896322264	0.5230467312494375	-0.3880045166816354	-0.04542664518283305
-0.37016887685767685	0.8366099938247674	0.40380525120995936	0.22226652484903947
0.5358176272491515	-0.162806006955443	0.8284888051092714	-0.010897453785200888
0.0	0.0	0.0	1.0
15	20	46
0.6539096849096528	0.6032373968983386	-0.4566250889694535	-0.11454209280267243
-0.45356903230780216	0.7956303514806042	0.4015563430752261	0.24863616227038207
0.6055387486247107	-0.055470597426864214	0.7938802517306675	-0.04346945891059421
0.0	0.0	0.0	1.0
15	23	47
0.6911021867503381	0.5421694326094237	-0.4779431700103251	-0.22702261192457607
-0.45243919694680274	0.8402134927478274	0.29889806649646933	0.19689054612531692
0.5636279424842341	0.009671100442034482	0.8259722094330022	-0.08055350131974562
0.0	0.0	0.0	1.0
15	24	48
0.7531061495508332	0.4378011312122018	-0.491081548864803	-0.11404078990358393
-0.44991093027248635	0.8873333595155886	0.10109289619362469	0.08485536297305964
0.48001177945618323	0.14480928427064782	0.8652277626770782	-0.09319715217814552
0.0	0.0	0.0	1.0
15	25	49
0.6129891083646903	0.4735328711910482	-0.6324641019405284	-0.0763404669170346
-0.6182750933066287	0.7858872412144285	-0.010834595842798278	0.08513624803660617
0.4919150131404285	0.3976783163925661	0.7745139168179002	-0.18188103046504364
0.0	0.0	0.0	1.0
16	18	50
0.8799338092158168	0.27211813014150116	-0.38944599598081703	-0.12028964861245843
-0.25536007524241067	0.9621374767255964	0.09530230988184028	0.08643428717196751
0.40063409815975715	0.015589277316342923	0.9161054619171252	-0.11046699834927705
0.0	0.0	0.0	1.0
16	19	51
0.8383064944721116	0.3290729811453597	-0.4346874164202674	-0.15079977210740342
-0.24420684758035022	0.9394871995704727	0.24026386895199497	0.15650801147407412
0.4874476426802912	-0.09526106598482766	0.8679401681226718	-0.11912756148602885
0.0	0.0	0.0	1.0
16	20	52
0.7484277953994972	0.4109400927676013	-0.5205611862753641	-0.21023974459909778
-0.3328835662791267	0.9116344310813906	0.2410625923243491	0.19631345137016848
0.5736238319010278	-0.007131677498294237	0.8190878023004006	-0.16694304957593278
0.0	0.0	0.0	1.0
16	21	53
0.6712063614989209	0.4197766436904618	-0.6109579410126662	-0.27422946105317664
-0.4475494523780008	0.8865163072492878	0.11742353843905567	0.20818887099257552
0.590915857356053	0.1946185596016681	0.7829062216792707	-0.24799907022520015
0.0	0.0	0.0	1.0
16	22	54
0.6179828631014704	0.46478769538292436	-0.6340895430596445	-0.33656499848679444
-0.4343777006782093	0.8741071306152873	0.2173766998728805	0.24395483914626087
0.6552962617089221	0.1410993391791745	0.7420766950434142	-0.2959433360640033
0.0	0.0	0.0	1.0
16	23	55
0.776137632776395	0.34225541555206507	-0.529595493584885	-0.31969050916604874
-0.3228090925146419	0.9371369657764287	0.13254631634266942	0.1480489786563797
0.5416683339548274	0.06808404752484164	0.8378305555235234	-0.2077093064248541
0.0	0.0	0.0	1.0
16	24	56
0.8214876579164965	0.22912695395511437	-0.5221674543311524	-0.203108403128216
-0.3090544550991174	0.9484627166310189	-0.0700273806262416	0.04626935304908723
0.47921124373091145	0.2189048005052696	0.849963170386532	-0.2263118366365802
0.0	0.0	0.0	1.0
16	25	57
0.6914522725123872	0.26037990839984365	-0.6738665578679902	-0.14214319425633706
-0.4888170540669643	0.8554575575386946	-0.17102746316570178	0.08349551995822005
0.5319321226221695	0.447654778227282	0.7187862203396634	-0.33290670050580623
0.0	0.0	0.0	1.0
17	21	58
0.8531021436722336	0.2594968146926384	-0.4526346998858496	-0.2642132520378447
-0.26522360473721185	0.9627791482024233	0.05208458486393004	0.1613241606786254
0.4493030351850683	0.07561599710752032	0.8901736463447931	-0.18808207918732409
0.0	0.0	0.0	1.0
17	25	59
0.8515506474395829	0.09858431284082265	-0.5149201075119849	-0.12897581714242537
-0.2533838442225152	0.9372245833645135	-0.23959748303565784	0.02464577239544532
0.45897519122721786	0.3345017989929435	0.8230738472964028	-0.28547253660497957
0.0	0.0	0.0	1.0
17	26	60
0.6313613766766565	0.33794700711108244	-0.6979788947243388	-0.15006103346216468
-0.3762836261556747	0.92049935154169	0.10531693646425346	0.15513880260206117
0.6780806720603569	0.1961450762218547	0.7083316413328129	-0.3520802512701091
0.0	0.0	0.0	1.0
17	27	61
0.484146632428518	0.4736663746038202	-0.7356915540686949	-0.15030544478995117
-0.38852454029121913	0.8697439561072929	0.3042927210121863	0.23814706936246482
0.783996558463286	0.1385119585326783	0.6051146471015046	-0.407243906884817
0.0	0.0	0.0	1.0
17	28	62
0.4360142538170507	0.5062589845655455	-0.7440385747593999	-0.1338855734602693
-0.2799426900870797	0.8620455181161185	0.42250393839468736	0.28008023194573184
0.8552916329136521	0.02407040338990916	0.5175877052904972	-0.4926958292457223
0.0	0.0	0.0	1.0
18	26	63
0.7805708700178671	0.24850098763645648	-0.5735471327659684	-0.12604434041869714
-0.3205403781514295	0.9468784195386176	-0.02598621979707701	0.07997751774238795
0.5366218024877669	0.2041291853154967	0.8187602536070044	-0.272592850773687
0.0	0.0	0.0	1.0
18	27	64
0.6542234030851267	0.38993126661587746	-0.6480318210901084	-0.14798418727200352
-0.3757504891690948	0.9111922661814448	0.16893852567481563	0.17039500061113616
0.6563560156630927	0.13297476070792785	0.7426401755129536	-0.31808934862163846
0.0	0.0	0.0	1.0
18	28	65
0.6112513784765159	0.4247249561669201	-0.6678177080199633	-0.1379959496520935
-0.29366391798472624	0.9052827317917234	0.30696044127091215	0.2269864488464224
0.7349376562402783	0.008483945511952876	0.6780817755117425	-0.3941644909908685
0.0	0.0	0.0	1.0
19	28	66
0.6732854146766147	0.2964159222909183	-0.6773657250376247	-0.12659365323150462
-0.25487370805244924	0.9530167001037352	0.16370256995666213	0.13856148964594042
0.6940650133977958	0.06242412836135651	0.717200929311314	-0.3764088705508347
0.0	0.0	0.0	1.0
20	29	67
0.8434959949107984	0.23598207687597628	-0.48252146133514906	-0.033692401124683025
-0.03652111985884065	0.9214410464928465	0.38679765700552177	0.14064143297448237
0.5358925137892575	-0.30864006421598783	0.7858502126375472	-0.31811821295607756
0.0	0.0	0.0	1.0
23	29	68
0.819345955755573	0.3375402037439721	-0.4633992518801455	0.03156358068057359
-0.10114669101551968	0.8807328414563756	0.4626865891981254	0.19801479970285388
0.5643064061231017	-0.33222907395796625	0.7557659151743263	-0.23599737308076338
0.0	0.0	0.0	1.0
26	29	69
0.9851579340996086	0.16925259897041509	-0.02859088966935604	0.002826935775851209
-0.12983231424923292	0.8436962936992677	0.5208837493056006	0.2891508052347374
0.11228294183915426	-0.5094408279511815	0.853148664140013	-0.15410966026184567
0.0	0.0	0.0	1.0
27	29	70
0.9974137262626551	0.000832375024573037	0.07186977923037158	0.07030407683788761
-0.03039408699583357	0.9110111795296045	0.4112599532188593	0.20209082697455427
-0.06513187522545932	-0.4123807675414712	0.908680397340138	-0.09189765260807325
0.0	0.0	0.0	1.0
27	35	71
0.5181619955497994	0.4355506685989027	-0.7360732411283963	-0.1806211375099703
0.10952063980335972	0.81974553184171	0.5621589083604018	0.2792387210401377
0.8482414459626794	-0.3719046081922333	0.37705919215649397	-0.1182496470464579
0.0	0.0	0.0	1.0
27	42	72
0.8446237372315862	-0.18493803651136828	0.5024030653882171	-0.4430326783887957
-0.06994705279269785	0.8922733243463405	0.4460446472345912	0.27075132026476306
-0.5307714987984505	-0.4118815326081878	0.7406993502956206	-0.29069732516218066
0.0	0.0	0.0	1.0
28	29	73
0.9929802297477694	-0.02594152886089129	0.11540050090203219	0.08838583362396553
-0.005534260143199637	0.9643939778173065	0.26441162923107764	0.11555658825316066
-0.11815079953514035	-0.2631942195159233	0.9574805571502308	-0.0207263030504907
0.0	0.0	0.0	1.0
28	30	74
0.9979058780975063	0.0038173696147615448	0.06456963035115612	0.13920609808587064
-0.03671998044462729	0.8552364907076017	0.5169353000384717	0.21051220851658514
-0.05324899212304354	-0.5182238948562332	0.8535856773882843	-0.054546156641537544
0.0	0.0	0.0	1.0
28	31	75
0.9739095485162644	0.16001052921693582	-0.16092482942190994	0.17841320953153955
-0.019520878531824142	0.7655587630819638	0.6430695897775492	0.28818213671606074
0.22609531389035747	-0.6231503784892187	0.7487085656421232	-0.05653211581884562
0.0	0.0	0.0	1.0
28	35	76
0.5648249304138554	0.2956863337662229	-0.7704168887342677	-0.24179239877233133
0.1243019477896204	0.8924626031296066	0.43365840273317985	0.20940413038628294
0.8157952323524479	-0.3407054805451341	0.4673307230334102	-0.05296800873734364
0.0	0.0	0.0	1.0
28	36	77
0.797697747534764	0.18261408204320964	-0.5747437581861348	-0.23418279812887566
-0.053915508137414914	0.9708291034286545	0.23363238449011334	0.07384534643371357
0.6006425786798881	-0.1553804411032005	0.7842738018800576	-0.02930636355141692
0.0	0.0	0.0	1.0
28	37	78
0.8150007404520682	0.1170997932421574	-0.5675044891133059	-0.24705018203978654
-0.23059950622127146	0.9640196339381133	-0.13224961414711905	-0.05937662268776049
0.5315991543349744	0.2386499429391302	0.8126798374135558	-0.17033050546170067
0.0	0.0	0.0	1.0
28	38	79
0.8051323834115298	0.1023173507213691	-0.5842028592196596	-0.3284379764707354
-0.32947053974200907	0.8962015046821501	-0.29710632400663123	-0.02285531535051076
0.49316438265268914	0.43168764708904533	0.7552712804116892	-0.3459830416129064
0.0	0.0	0.0	1.0
28	39	80
0.8928369250601598	-0.01978519597504223	-0.4499451288215595	-0.3070557437657748
-0.05631397371100027	0.9862901118803182	-0.15511463523785943	-0.009639615313391121
0.44684552276663225	0.16383031963537673	0.8794820409969909	-0.3586354804218307
0.0	0.0	0.0	1.0
28	43	81
0.7908284296979752	-0.05727735581187707	0.6093517758771575	-0.3447258613902122
-0.29172848650346334	0.8399579331354071	0.45756438348468176	0.2523164018576974
-0.5380380106486052	-0.5396203065162364	0.6475531259014797	-0.40340631885801265
0.0	0.0	0.0	1.0
29	31	82
0.9443512265877122	0.10637295188364856	-0.3112644714147374	0.07620248197028706
0.034966975183075205	0.9084435008636227	0.41654251276465515	0.18874830623761174
0.3270749994992823	-0.4042464866989838	0.8541702626950249	-0.02102377576955191
0.0	0.0	0.0	1.0
29	32	83
0.789669661619447	0.16734829246709643	-0.5902680476428631	0.030917911458953694
0.2645795301540582	0.7751405047070353	0.5737203387559442	0.28801699186777624
0.5535517880033982	-0.6092225328943118	0.5678279761625885	-0.041722626289441574
0.0	0.0	0.0	1.0
29	35	84
0.46428294231628825	0.07832502703764917	-0.8822167871069296	-0.31016449905145865
0.15032196474722118	0.9746620929415444	0.1656421945865608	0.08692232238304723
0.8728371782227294	-0.20952143516849472	0.44074501183433723	-0.09676785345530114
0.0	0.0	0.0	1.0
29	39	85
0.8351587900630321	-0.14299265748242102	-0.5310958496202374	-0.37535585951804284
-0.09940482181815902	0.9104698716246641	-0.40145158902662054	-0.11438503663725656
0.5409514630236917	0.3880693924643751	0.746172760949392	-0.43582649865848444
0.0	0.0	0.0	1.0
29	40	86
0.991582530759132	-0.07806134406422405	-0.10329839973176923	-0.3786949708033391
0.02051820319716075	0.8824730330874357	-0.46991546643758386	-0.10951201484342397
0.1278403074031562	0.4638404630481278	0.8766464372960168	-0.354408451947144
0.0	0.0	0.0	1.0
30	31	87
0.9620900668893533	0.01789715805993352	-0.272144095584857	0.025872420576490588
0.024965200920267102	0.9878760680019054	0.15322373352054292	0.08510462146207178
0.2715869162083812	-0.1542091724433354	0.9499789946816968	-0.010058054200749312
0.0	0.0	0.0	1.0
30	32	88
0.8245340728884806	-0.00012323050190209361	-0.5658122445849723	-0.01333131787067602
0.24317390800644423	0.9030116611870744	0.35417017680198276	0.18445591667278313
0.5108914866172961	-0.42961627367141836	0.744593820905668	-0.01503015077803916
0.0	0.0	0.0	1.0
30	33	89
0.49990277435242136	-0.0025839982807960475	-0.8660776065415506	-0.1549068766875334
0.4098245012004641	0.881660171712586	0.23392145552167296	0.1802461366156882
0.7629817077643349	-0.4718779283917717	0.44180329568625365	-0.054731060700917794
0.0	0.0	0.0	1.0
30	35	90
0.5150253330293302	-0.16611440932493424	-0.840924937120092	-0.32438717796922795
0.15544968124837844	0.9828756284308496	-0.09894968465856192	-0.024540057426117395
0.8429616836206066	-0.07975993462107321	0.5320282854859274	-0.12450287736399951
0.0	0.0	0.0	1.0
31	34	91
0.5213725980817432	-0.185190589709454	-0.832991574348145	-0.2755675255997723
0.30961711309370277	0.9506991467856257	-0.017568785199434347	0.00015241791723426642
0.7951779649809069	-0.24874862471257636	0.5530066452203998	-0.12683794269904228
0.0	0.0	0.0	1.0
31	36	92
0.8985961836319062	-0.24537029938344965	-0.3637558795848764	-0.34435677967493394
0.06523675896408773	0.8945212356045031	-0.4422399053830436	-0.22057955167773077
0.43389993531226684	0.3736648555884095	0.8198204184192959	-0.16805719728043778
0.0	0.0	0.0	1.0
31	42	93
0.682122565124694	0.24105382304214087	0.690363642664343	-0.5463638198914871
0.05825195136585364	0.9231892370405981	-0.37990593018305113	-0.11124967615445623
-0.7289140261114128	0.2993574669856025	0.615686238280303	-0.15356335355363906
0.0	0.0	0.0	1.0
31	43	94
0.6629705762093617	0.3325688710509632	0.6707219582230673	-0.520931646156904
-0.22334855603958226	0.942977880159145	-0.24679608574050263	0.006463449301990668
-0.714552654207207	0.01381373819425465	0.6994452728174789	-0.24036043785861796
0.0	0.0	0.0	1.0
32	34	95
0.7673305374439584	-0.31550503782999856	-0.5582655478498092	-0.20942517218115334
0.23582795401913634	0.9484203285430371	-0.21185862736288705	-0.08573354989742403
0.5963129525389615	0.030910985154741572	0.8021567196606222	-0.11869213244943548
0.0	0.0	0.0	1.0
32	35	96
0.9004821243775737	-0.3225931131135401	-0.291660042178031	-0.2572620505504681
0.18403936041250465	0.8903042678512629	-0.4165186069188623	-0.19256879751978725
0.3940322699849348	0.3213907062309904	0.8610729062683128	-0.16559026963737944
0.0	0.0	0.0	1.0
33	34	97
0.9682780603560389	-0.15378963704004273	-0.19694268069650508	-0.10252663323986075
0.11721194417625869	0.9756160872657212	-0.18556599575085772	-0.07860176825850151
0.2206785544126784	0.15659551169161665	0.9626936334201437	-0.0743484694117384
0.0	0.0	0.0	1.0
33	35	98
0.986198207898418	-0.13209689093721722	0.09981714437317218	-0.14234526127912103
0.16086807110807205	0.9071228523014163	-0.3889082546221302	-0.1844112636435431
-0.039172887888952936	0.39959811476560364	0.9158531767934153	-0.15247144899691684
0.0	0.0	0.0	1.0
34	35	99
0.9555709017050108	-0.03180429968825894	0.29304031211620585	-0.02508656289476371
0.09285157599098386	0.9760273436220251	-0.1968480146347664	-0.11280934835322631
-0.2797548232526717	0.215311521173516	0.9356164593999752	-0.09466822654039321
0.0	0.0	0.0	1.0
34	36	100
0.8169493421060242	0.05133819300405867	0.574419840140466	-0.046381659456136225
0.23673789979802912	0.8783883376598671	-0.4151975667577485	-0.20813893674017012
-0.5258792480397811	0.47518235438409034	0.7054450715268993	-0.22356763834401336
0.0	0.0	0.0	1.0
35	40	101
0.5453923281027798	0.055862621481452816	0.8363172595605777	-0.13346070734146329
0.49321329900605626	0.7853593160163302	-0.3741007853674165	-0.06100094100088439
-0.6777078850060609	0.6165144587987139	0.40077675684635145	-0.5794159059050205
0.0	0.0	0.0	1.0
36	40	102
0.7849720150800702	-0.12662747464218077	0.6064522721069214	-0.0869819274320404
0.35767576959162667	0.8919001649892951	-0.2767347640410205	0.013805433220766345
-0.5058526828823997	0.434142313662239	0.7454082870737979	-0.4363551781475916
0.0	0.0	0.0	1.0
39	41	103
0.6020283340164775	-0.30560656712997863	0.7376765458070984	0.0847032782452587
0.1509440028354962	0.9507577165261931	0.2706948266739243	0.19853578379500142
-0.7840778333424875	-0.05161813731870609	0.6185124843549592	-0.24651773182717174
0.0	0.0	0.0	1.0
41	45	104
0.8905397348353346	-0.07170070454749158	0.4492188176896223	0.007888970641587565
-0.2805577644380303	0.6907601252974501	0.6664365308068236	0.19989893774979378
-0.3580864041881926	-0.7195203063395704	0.5950331958156708	-0.5149411704933274
0.0	0.0	0.0	1.0
42	46	105
0.7693740426841804	-0.12952671738816043	0.6255288456631187	-0.19079093379890752
0.05073058544519327	0.988523442524734	0.14229463118789829	0.04245618613698814
-0.6367808891871376	-0.0777443766702334	0.7671152253021403	-0.4895437554274917
0.0	0.0	0.0	1.0
43	46	106
0.7724023408802152	-0.013265439282889667	0.6349950236462463	-0.13771534270833005
0.1444526104888066	0.9772495765706329	-0.15529547726423434	-0.08547867720731919
-0.6184885600515002	0.21167726818709903	0.7567460426517243	-0.39244811443061034
0.0	0.0	0.0	1.0
45	46	107
0.9300851746033236	0.022929804447717222	0.36662793845367286	-0.07445563852879994
0.09953902021893882	0.9449794383539749	-0.3116181460088197	-0.12858148798728808
-0.3536011861128871	0.32632521210231247	0.8766288892786437	-0.15351107370637782
0.0	0.0	0.0	1.0
45	47	108
0.8277601757633233	0.16736857711323064	0.5355381995644103	-0.11591982674432262
0.03619277870136533	0.9365581915400725	-0.3486386604670274	-0.13986694137302472
-0.5599138782942578	0.307971817169148	0.7691879449207828	-0.17175419476928147
0.0	0.0	0.0	1.0
45	48	109
0.6648473085985811	0.301232779275696	0.6835473108822203	-0.07118018413779441
-0.13470314359982008	0.9484288621091634	-0.2869454740300959	-0.1082949248628808
-0.7347334836114733	0.09869899891310081	0.6711374184819932	-0.10426186748756718
0.0	0.0	0.0	1.0
46	47	110
0.9700682148728988	0.07367083006916653	0.23138783098298585	0.0013005209388703893
-0.07268323408841615	0.997272939713729	-0.012802009826441875	-0.01901302973362437
-0.23170000930982312	-0.004399185447085557	0.9727774045440021	-0.04023911687143923
0.0	0.0	0.0	1.0
46	48	111
0.875879150032901	0.13783123190021979	0.4624263033945127	0.08274406048498091
-0.20874032378739946	0.9722549529891698	0.10558270162277056	0.017385283492109917
-0.4350437208025835	-0.18900472872410165	0.8803489221764074	-0.025812526484294895
0.0	0.0	0.0	1.0
46	49	112
0.6959985849504443	0.10291355697080702	0.7106298269579905	0.14520918133867486
-0.21083916101893738	0.9753406577262499	0.0652491521139988	0.011663522881759718
-0.6863910965750154	-0.19524193863774766	0.7005339408261825	-0.028364859531738087
0.0	0.0	0.0	1.0
