0	10	1
-0.07722535792385872	-0.7306303818226678	0.6783918368806127	-0.16253268477610638
0.5784131654956144	0.521382118420734	0.6273745060189965	-0.38347161038567845
-0.8120803263033562	0.44084008019753895	0.3823422959371834	0.6917644147543605
0.0	0.0	0.0	1.0
1	10	2
-0.09046023534739515	-0.741482294012875	0.6648466228807007	-0.14916075575498378
0.5918339004894336	0.49688984583144985	0.6346913023235816	-0.3554179275747419
-0.8009679536623533	0.45089310657066445	0.3938855379505126	0.6629261954679582
0.0	0.0	0.0	1.0
7	11	3
0.4021453002199132	-0.5967626228342507	0.6943727438045499	0.2971399956725253
0.514413040542872	0.7746478063111972	0.36783136870465866	-0.13279278013543683
-0.7574023899353823	0.209272849132786	0.6185034620597011	0.3238802827741014
0.0	0.0	0.0	1.0
8	10	4
0.7659831926377223	-0.407129925743512	0.4975089799556812	0.21754807547887695
0.3489397661848968	0.9132827725616661	0.21013241136693145	-0.07564473037257313
-0.5399176017765885	0.012642729260709046	0.841623013403304	0.13838363928718178
0.0	0.0	0.0	1.0
8	11	5
0.7482850273492241	-0.44143594307046974	0.4951807726975674	0.298093182992829
0.35497854720845284	0.8970419390725047	0.2632602833869184	-0.07695651691776506
-0.5604105320067969	-0.021215179088138997	0.8279433041895025	0.22549288072980778
0.0	0.0	0.0	1.0
8	12	6
0.7129906324595839	-0.4500868197696609	0.5376488313315695	0.30260518129088604
0.22191181889825806	0.8722161520605957	0.4358828948721262	0.04464559103733956
-0.6651313063772722	-0.19146985993490545	0.7217616071148423	0.29699655819485615
0.0	0.0	0.0	1.0
8	13	7
0.7375011354131176	-0.47425664876697593	0.48080430123500856	0.221657737614191
0.0801725639254362	0.7683855732678874	0.6349456359137479	0.23516274834135614
-0.6705703415653611	-0.42972585041355604	0.6047076492575939	0.3528181358108111
0.0	0.0	0.0	1.0
8	18	8
0.9577044087587477	-0.16462429129540135	0.23601078713770363	-0.2630915550595989
-0.05822284693829779	0.6923581037290087	0.7192011499657723	0.3604593261351615
-0.28180199647252663	-0.7025234427692433	0.6534896075425941	0.4035704251385994
0.0	0.0	0.0	1.0
9	12	9
0.9445804253069958	-0.18818151305415548	0.2689899523863691	0.18861812718337057
0.10930831000566042	0.9529273050255538	0.2828091377692816	0.03973925554366886
-0.3095474395965261	-0.23773320758862912	0.920686383403148	0.23229464958934054
0.0	0.0	0.0	1.0
9	13	10
0.9543905799020885	-0.21375375975738758	0.20844189778894928	0.11153068429337187
0.07542358696070804	0.8481260283807234	0.5243982369064376	0.2077400632084518
-0.28887714101184575	-0.4847593255409729	0.8255655950594368	0.2870649079256933
0.0	0.0	0.0	1.0
9	18	11
0.9883146898767216	0.10085081725286107	-0.11429428283357916	-0.3365245353230739
-0.0010862819866509336	0.7544693712490393	0.6563343050237379	0.3246835739841641
0.15242342001154807	-0.6485407597580757	0.7457627816016282	0.30094902378703003
0.0	0.0	0.0	1.0
9	19	12
0.9797438294755956	0.12860852589559482	-0.15349909455884553	-0.3493912318489383
-0.008518913015839426	0.792590661951089	0.6096945503134471	0.2820330677874875
0.2000739064351022	-0.5960368324627604	0.7776313856691909	0.3506059850983041
0.0	0.0	0.0	1.0
9	20	13
0.9830608000919292	0.1301147432652542	-0.12908095882386403	-0.344616213414642
-0.04209304155492708	0.8457373348772904	0.5319365248939016	0.21737067898166407
0.17838136482675096	-0.5174924953015451	0.8368880473277636	0.4266404946359612
0.0	0.0	0.0	1.0
9	21	14
0.9787640977168113	0.14213005968498132	-0.14771599521796297	-0.42634770457144877
-0.039439086296501384	0.8377021677296893	0.5447013217808944	0.22368322600946944
0.20116042023912037	-0.5273083237628066	0.8255182627062052	0.46221301520814273
0.0	0.0	0.0	1.0
10	12	15
0.9968675664950082	-0.04928831456943139	0.061851133746835193	0.07345097003747864
0.0317310729149104	0.9656069702431253	0.2580621924597343	0.07507404624228933
-0.07244335907545646	-0.25529131655272114	0.9641464121329267	0.16002292981784783
0.0	0.0	0.0	1.0
10	13	16
0.9972017943531116	-0.0747543954659137	0.00047025222652402946	-0.0010014448549974997
0.06446922550786752	0.863151378655956	0.5008127510875806	0.2171261415891565
-0.03784382834577857	-0.4993811373747788	0.8655555333943337	0.20349669942025544
0.0	0.0	0.0	1.0
10	19	17
0.8975944249984419	0.2587550947323738	-0.35688920321878714	-0.4075073461939291
0.008984296507400567	0.7986929863992601	0.6016716466803793	0.28685535004700263
0.44073056469115757	-0.5432635928408897	0.7145776494074291	0.22279954615757963
0.0	0.0	0.0	1.0
10	20	18
0.9057307256659615	0.26130934130014327	-0.33372041539025105	-0.4050341141248887
-0.04730886475328461	0.844753820188427	0.5330598380945356	0.23562480739338718
0.4212051047221197	-0.4670207676163082	0.7774816961547916	0.30113476880121093
0.0	0.0	0.0	1.0
10	21	19
0.8959686152439941	0.27215112645565664	-0.3509613817105572	-0.48390845265244814
-0.04092912146641236	0.8374806607587393	0.5449319667935771	0.2400182723361985
0.4422272188636757	-0.4738774785187447	0.7614953284562059	0.3351101094414188
0.0	0.0	0.0	1.0
11	12	20
0.9984379105488513	-0.00910879737468758	0.055124015911085546	-0.008153407949782407
-0.003133433217614468	0.9759390784879207	0.21802037829103255	0.07152247516458987
-0.055783576977757876	-0.21785264444390004	0.9743861768036775	0.07714293554638996
0.0	0.0	0.0	1.0
11	13	21
0.9992998621490543	-0.037054354398237316	-0.0051631999429214625	-0.077914048280327
0.035211805466807806	0.8848896201252145	0.4644679566443998	0.18803015464191872
-0.012641647985353962	-0.4643246657353652	0.8855748813355486	0.12116288480873028
0.0	0.0	0.0	1.0
11	14	22
0.9991739178242067	-0.004834724429281208	-0.04034967286637814	-0.1488387049657806
0.029485293919593095	0.7695251507515506	0.6379354357658638	0.2819517248281551
0.027966006024656126	-0.6385982708448227	0.7690320244347985	0.12903360982631584
0.0	0.0	0.0	1.0
11	15	23
0.9932428569495094	0.024952446270668217	-0.11333953645118383	-0.23776936261697423
0.06062718694359593	0.7211921556639844	0.6900769128379037	0.3157588194009153
0.09895872626508165	-0.6922855617637911	0.7148061969156	0.12510461564453879
0.0	0.0	0.0	1.0
11	16	24
0.9621601903267453	0.13463058155480204	-0.23690130974716664	-0.3380785437301138
0.051899783070595756	0.762949995770909	0.644370732977877	0.2929761792311345
0.26749593889801815	-0.6322831071265252	0.7270928433043751	0.09207657227323374
0.0	0.0	0.0	1.0
11	17	25
0.9286478071654973	0.20229437632358427	-0.31095051307585175	-0.40865681631332484
0.03355039177421749	0.7889901583528139	0.6134890519952799	0.27622071412974747
0.3694423608445572	-0.5801478828060593	0.7259069425653573	0.06880317569004912
0.0	0.0	0.0	1.0
11	18	26
0.9061747741888977	0.2544218779088535	-0.33781143226481014	-0.4374625832889789
0.006935574873170859	0.7897435238781862	0.6133978983488205	0.2808509302690746
0.42284634927362863	-0.5581887829381023	0.7138812039010521	0.07359141728273189
0.0	0.0	0.0	1.0
11	19	27
0.884535431667732	0.2774419497231134	-0.37499721433545563	-0.43896233113471994
-0.01706008893386766	0.8226020038514542	0.5683615589548784	0.2518830762035453
0.4661608816460112	-0.4963385383160043	0.7323538159171906	0.11636409157670569
0.0	0.0	0.0	1.0
11	20	28
0.8927345411700951	0.28125435954381117	-0.3520242642547743	-0.4390370420418448
-0.07555270423212827	0.8636403042747179	0.4984146288616311	0.2117939997598765
0.4442036489511839	-0.41835561277939387	0.7922510124345865	0.19242931996090418
0.0	0.0	0.0	1.0
11	21	29
0.8824443004777447	0.29100033169715556	-0.3696089456556575	-0.5154584180774093
-0.06881634835964302	0.8571085213818918	0.510518543266867	0.21452837884803855
0.4653560702331897	-0.4250691318557805	0.7763761440679705	0.22604203358682629
0.0	0.0	0.0	1.0
12	13	30
0.9977918823117845	-0.0404197160088905	-0.05270310169342707	-0.06282205390342141
0.05269987247665615	0.9647517292432376	0.25783143998723207	0.09956853244955988
0.04042396810148033	-0.2600395889683013	0.9647514525666854	0.065667393831768
0.0	0.0	0.0	1.0
12	14	31
0.9954330336367306	-0.01664629150604904	-0.09400041858162786	-0.13228048115305102
0.057595358387171613	0.8900004226487861	0.45230764760475	0.183873950449415
0.07613130510238741	-0.4556560162214513	0.8868944149259065	0.093826346831277
0.0	0.0	0.0	1.0
12	15	32
0.9852164182005154	-0.0034705235681839557	-0.17127908941626357	-0.21627529904956555
0.09200311050479743	0.8541006845652594	0.5119058433271666	0.21593164381602392
0.14451301730188254	-0.5200963439389255	0.841793202972647	0.09854306827091275
0.0	0.0	0.0	1.0
12	16	33
0.9463720473466662	0.07672707185856562	-0.31383573582478225	-0.31163988650639673
0.08038946765843415	0.8849162632258738	0.458760166000654	0.19495011997946565
0.31291771843741906	-0.4593869505302663	0.8312918409906219	0.06335611693682708
0.0	0.0	0.0	1.0
12	17	34
0.9082137859825561	0.12672359088087365	-0.3988595474149184	-0.3795461673338465
0.060129221441774065	0.9036545375541241	0.42402016115330093	0.17936920302006232
0.4141646422910702	-0.40908413014787004	0.8130915851459375	0.03871446676952761
0.0	0.0	0.0	1.0
12	18	35
0.8838203556904158	0.17181105337137018	-0.43513493988170926	-0.408977200551192
0.033544089281599236	0.9044532987739802	0.4252518898118048	0.18363051118746554
0.4666222872896586	-0.3904425772686654	0.7936109586916624	0.044099919650101516
0.0	0.0	0.0	1.0
12	19	36
0.8599552991122689	0.18623778810432165	-0.4751761139099367	-0.4086144720083418
0.006804021816690505	0.9267775233382065	0.37554936269575434	0.15668214949213266
0.5103240672452454	-0.3261888096501743	0.795719941483739	0.082470630761863
0.0	0.0	0.0	1.0
12	20	37
0.8693732364634238	0.19494135120040687	-0.4540795077357504	-0.41086234913592334
-0.0558267935093125	0.951761830247523	0.3017166690584185	0.11999114971693875
0.49099257517783995	-0.23695459248358075	0.8383190148272259	0.14870977195455604
0.0	0.0	0.0	1.0
12	21	38
0.8580409568159297	0.2006512509084721	-0.47276293691919835	-0.48634321345723275
-0.048374246794973055	0.9480050003602936	0.31455774364735556	0.12206439204167385
0.5112980224793958	-0.24703390561120062	0.8231333616868157	0.1843804074602171
0.0	0.0	0.0	1.0
12	22	39
0.784197000082477	0.14123308597816137	-0.6042253476052016	-0.6733347283223929
0.09921438118691854	0.9326866246827569	0.3467742346253027	0.09515557925226703
0.6125289097731895	-0.3318872066782117	0.717397578708206	0.14341343522170402
0.0	0.0	0.0	1.0
13	15	40
0.9922081554993488	0.004411447170954181	-0.12451295258780166	-0.14620555966797683
0.030298415189491733	0.9608288806625486	0.2754810777370995	0.10407661688822178
0.12085090948731742	-0.2771071660446965	0.9532085781789692	0.07113160848139122
0.0	0.0	0.0	1.0
13	16	41
0.9577211778009661	0.042979520554868034	-0.2844694663497713	-0.23707293806455812
0.02026580424857188	0.9762435930025073	0.21572597255699288	0.08485396364357467
0.28698335026420096	-0.21237036398984743	0.9340981120520686	0.04119062143218455
0.0	0.0	0.0	1.0
13	17	42
0.9221073521317095	0.06728099112062952	-0.38103988722655435	-0.3032946930904675
0.0011238071027437997	0.9842965939010817	0.17651881284055984	0.06984331212343006
0.3869326933158975	-0.163197541445994	0.9075514662499594	0.019675175397851245
0.0	0.0	0.0	1.0
13	18	43
0.8978571909100994	0.10014072132624058	-0.4287472242964186	-0.3343881529738189
-0.025499823289409407	0.983983745466542	0.17642473982425552	0.07246939679915794
0.4395477091508351	-0.14747128232795767	0.8860305077658823	0.02821339720826603
0.0	0.0	0.0	1.0
13	19	44
0.8755720026960727	0.10247737690223922	-0.4720932443823037	-0.33281166276307167
-0.050463704552510896	0.9912970030289021	0.12158803688229612	0.046825563290708326
0.48044472169585256	-0.08263552385656504	0.8731232302147363	0.06354533213680845
0.0	0.0	0.0	1.0
13	20	45
0.8835054912228946	0.11680984456512561	-0.453622824044196	-0.337201109423879
-0.11007486646730358	0.9930636261441141	0.041329149951879945	0.0114841562199032
0.45530399066588945	0.013417933678753397	0.8902348681639342	0.11751750789496858
0.0	0.0	0.0	1.0
13	21	46
0.8729521176317625	0.11690409401448237	-0.47359058374543805	-0.4120431193731109
-0.10316369093207715	0.9931427996959445	0.05499578036745074	0.013086237750639355
0.4767723353268292	0.0008486569372471012	0.8790263335326303	0.15652437250383797
0.0	0.0	0.0	1.0
13	22	47
0.8086013641809005	0.021793622733696623	-0.5879531223323983	-0.5860973982387083
0.04302029618530321	0.9944486984906231	0.0960261811457272	-0.007463384688720451
0.5867820445181212	-0.10294084619178036	0.8031749493799206	0.13778356549802595
0.0	0.0	0.0	1.0
14	16	48
0.9702734052030443	-0.019156570361080084	-0.24125190408235334	-0.15713347452063786
0.022168098556118565	0.9997064552415571	0.0097746714068778	0.013145429798087305
0.2409937692010784	-0.014832206555841235	0.9704132331231892	0.006911816514259872
0.0	0.0	0.0	1.0
14	17	49
0.9394494471332446	-0.015314317921521133	-0.3423452870201304	-0.22033843067742098
0.0049540404241634065	0.9995034569427014	-0.03111668524604675	-0.0008385583427438226
0.34265177209035147	0.027536550685941606	0.9390587973832695	-0.009131102725034257
0.0	0.0	0.0	1.0
14	18	50
0.9178267942168528	0.007000946936963336	-0.3969191968689579	-0.2516124441377918
-0.021638754836546672	0.9992402949521526	-0.03241218900279362	7.498309198028519e-05
0.3963907168570772	0.03833761633767953	0.9172810666595467	0.0034202539315728586
0.0	0.0	0.0	1.0
14	19	51
0.8975944728552387	0.00035529775563013547	-0.440821990822548	-0.2485848562588746
-0.04395624760609373	0.9950879220697351	-0.08870099850197954	-0.023780660716618662
0.43862507893868097	0.09899441114568427	0.8932009717743382	0.038483889632163315
0.0	0.0	0.0	1.0
14	20	52
0.9048414237072889	0.018186056723191325	-0.42536036008802564	-0.25460342365960575
-0.09977660377876044	0.9803216236780268	-0.17033520385392925	-0.05748102718102155
0.4138921260736938	0.19656736616659368	0.888850027322562	0.08391845244599816
0.0	0.0	0.0	1.0
14	21	53
0.895222103779872	0.01416452386778529	-0.445395077770836	-0.32873749674631947
-0.09350262444472629	0.9832153927576022	-0.1566673340563418	-0.05639235489565919
0.43570007901925895	0.1818976874341997	0.8815205318976808	0.12585892602044435
0.0	0.0	0.0	1.0
14	22	54
0.8350620251980371	-0.10243217933424838	-0.5405359437981271	-0.49332119943164954
0.05063857980723714	0.9926542194272602	-0.10987870811955955	-0.0703596600248968
0.5478203455780213	0.0643835553048945	0.8341147870657044	0.12577897215398215
0.0	0.0	0.0	1.0
14	23	55
0.7549629250724397	-0.1184088781278815	-0.644988707545007	-0.622530757310233
0.0705505545593032	0.9925202422038091	-0.09962990586415912	-0.06647272825179662
0.6519613552088549	0.029712556972603353	0.7576696891225373	0.06480977500822083
0.0	0.0	0.0	1.0
15	20	56
0.9336186084409633	0.01403854948268958	-0.35799359874579734	-0.1766972848219479
-0.10998236885447489	0.9622145487300804	-0.2490923664145739	-0.08702156313886805
0.34096976214940933	0.2719302398706253	0.8998852969642477	0.07505730727699067
0.0	0.0	0.0	1.0
15	24	57
0.7384464947181392	-0.1358277324103682	-0.660490307048719	-0.5647397376159429
-0.06362981871710484	0.9610958023522309	-0.26878616607222533	-0.12043569842973595
0.6713032148276801	0.24051109641805654	0.7010751337569621	0.006444530302390339
0.0	0.0	0.0	1.0
15	25	58
0.7256880368621872	-0.0922026414286944	-0.6818178630052806	-0.5314200258516126
-0.23037534801726522	0.901214139575414	-0.3670700649139958	-0.163274883515808
0.6483087687320354	0.4234523818781317	0.6327590291423012	-0.03760100699445279
0.0	0.0	0.0	1.0
27	30	59
0.5617831217759729	-0.5567927188651471	0.6118673834120397	0.06121180891470002
0.5421097896095348	0.8064501263115132	0.23612531347782972	-0.04970205356114343
-0.6249134417644071	0.19904815340802565	0.7548927402973585	0.05443154825372032
0.0	0.0	0.0	1.0
27	31	60
0.16286205661928374	-0.6575181793929105	0.7356260021506263	0.128078311330178
0.6754960523882191	0.6177481788532188	0.40260671708310564	-0.11214293536927844
-0.7191530603004299	0.43134322315377116	0.5447586711640554	0.12839564041396923
0.0	0.0	0.0	1.0
28	31	61
0.28646694774391096	-0.6727786231819758	0.682133052346583	0.12320788319057119
0.641809879183447	0.663367848682355	0.38473773325948574	-0.10188209627921152
-0.7113486196624658	0.3275851661498906	0.6218289115534107	0.17806522118505175
0.0	0.0	0.0	1.0
28	32	62
-0.009605462923524625	-0.6724900616898118	0.7400438439302771	0.26680314356990964
0.628538078488414	0.5715391827298548	0.5275250795134819	-0.0836110532744776
-0.7777194729125756	0.4702129421590586	0.4171956556958165	0.1987621517285989
0.0	0.0	0.0	1.0
29	33	63
0.30943567157876156	-0.6027745110915567	0.7354675894305914	0.2692952726403548
0.39752578122916465	0.7846000749026683	0.4757899873573172	0.016364304528765028
-0.8638419680056405	0.14514095221356868	0.48240157929783095	0.29183619245338344
0.0	0.0	0.0	1.0
30	33	64
0.6817751612802687	-0.4609430620522046	0.568079261903393	0.21361312036137114
0.2919259755507944	0.8834433748829676	0.36647909376000154	0.06198624789884688
-0.6707918633570411	-0.08401928533630405	0.7368709908791382	0.21747758848350296
0.0	0.0	0.0	1.0
30	34	65
0.7735948112669039	-0.41409117476885926	0.47966604757461445	0.16809601692264753
0.07802998007201997	0.8134404325621504	0.576390360476317	0.2544890775422616
-0.6288579601118388	-0.4084643911029229	0.6615848775095643	0.24731913690837937
0.0	0.0	0.0	1.0
30	40	66
0.43167248666418806	-0.6218666737756957	0.6534069976677078	0.29453894066919695
0.2514636147320786	0.7786198724134225	0.5749062374913163	0.21915772899758315
-0.8662707360973717	-0.08386313487651188	0.4924855974521793	0.09059822771681958
0.0	0.0	0.0	1.0
30	41	67
0.48625748878052966	-0.6291203480314209	0.6064333147766655	0.30223324168630805
0.4432189320071021	0.7756786023678416	0.44931010354156087	0.16300059590187072
-0.7530675255835968	0.05030231985378978	0.6560175341905498	-0.0033621888096333485
0.0	0.0	0.0	1.0
33	35	68
0.9316913187465548	0.10950376356561382	-0.34635278280013104	-0.06740807773715485
0.06033374324303503	0.893587074321489	0.4448168769832975	0.2198026291709
0.35820548966747845	-0.4353288136575706	0.8259405704645431	0.03343427798958354
0.0	0.0	0.0	1.0
33	36	69
0.8742502457650093	0.18258597283772054	-0.4498321647245545	-0.10662496760035645
0.05827186757157086	0.8804149462211596	0.47061017540937755	0.2345815150692966
0.4819657528341173	-0.4376436136318933	0.7590632653613779	0.021206343411086515
0.0	0.0	0.0	1.0
36	38	70
0.8737097903526884	0.038467459662702846	0.48492414600268463	0.06519938183972718
-0.040716301541738505	0.999153384860521	-0.005899173742420859	-0.03460914513157187
-0.4847405184537239	-0.014590136321399624	0.874536423815423	-0.01933774092590701
0.0	0.0	0.0	1.0
36	39	71
0.7330631843470138	0.024692310011664345	0.6797122595836826	0.10464614043608522
0.050826796000756784	0.9945579675929586	-0.0909461208561783	-0.07631486943067933
-0.6782588608701271	0.1012168640587904	0.7278188268711174	-0.07617685810594033
0.0	0.0	0.0	1.0
40	44	72
0.8912736866082982	0.11122854828382524	-0.4396128669405366	-0.26723866076271713
-0.32487663272089384	0.8329692144065725	-0.4479031663637906	0.04924883859749956
0.3163644510482328	0.5420243179775637	0.7785390839087182	-0.4080475039167092
0.0	0.0	0.0	1.0
41	44	73
0.917523625036544	0.2106774386512943	-0.3372912142120727	-0.33295614418966046
-0.3085228845369526	0.912253149491672	-0.2694582369715111	0.03917452567407986
0.2509262551492925	0.3512964682022332	0.9020126281195779	-0.2556098507313407
0.0	0.0	0.0	1.0
42	44	74
0.9080365991058613	0.2653796067798886	-0.32410370531917454	-0.36933336483105217
-0.3012776918366881	0.9513084753106269	-0.06514357074161514	0.04601490861371757
0.29103491030008954	0.15679803553777052	0.9437759520483309	-0.1455390450772885
0.0	0.0	0.0	1.0
42	45	75
0.6472645180034345	0.47779145261461725	-0.5939392081038519	-0.49174104109427497
-0.5553410127603662	0.8293130283239738	0.06193585902326319	0.26781103204008944
0.5221540548864148	0.28974998822494874	0.8021221672169193	-0.36504447094131137
0.0	0.0	0.0	1.0
43	46	76
0.3193466838301711	0.6332835708253202	-0.7049607479920129	-0.237389985040232
-0.6723753922478918	0.6756407159939021	0.30235895061743867	0.4684148678424296
0.667779188413938	0.3774410177855533	0.6415679831493278	-0.5234368384452333
0.0	0.0	0.0	1.0
