0	10	1
-0.07722535792385886	-0.7306303818226678	0.6783918368806126	-0.16253268477610652
0.5784131654956144	0.521382118420734	0.6273745060189966	-0.3834716103856789
-0.8120803263033564	0.440840080197539	0.38234229593718333	0.6917644147543605
0.0	0.0	0.0	1.0
1	10	2
-0.09046023534739535	-0.741482294012875	0.6648466228807006	-0.1491607557549838
0.5918339004894335	0.4968898458314499	0.6346913023235818	-0.35541792757474233
-0.8009679536623534	0.4508931065706645	0.39388553795051257	0.6629261954679584
0.0	0.0	0.0	1.0
7	11	3
0.40214530021991307	-0.5967626228342509	0.69437274380455	0.2971399956725249
0.514413040542872	0.7746478063111972	0.36783136870465866	-0.13279278013543683
-0.7574023899353823	0.20927284913278607	0.6185034620597011	0.3238802827741014
0.0	0.0	0.0	1.0
8	10	4
0.7659831926377222	-0.40712992574351203	0.4975089799556812	0.21754807547887678
0.3489397661848968	0.9132827725616661	0.21013241136693162	-0.07564473037257358
-0.5399176017765887	0.012642729260709014	0.8416230134033041	0.138383639287182
0.0	0.0	0.0	1.0
8	11	5
0.748285027349224	-0.44143594307046985	0.4951807726975675	0.2980931829928286
0.35497854720845284	0.8970419390725047	0.2632602833869184	-0.07695651691776506
-0.5604105320067969	-0.021215179088138914	0.8279433041895025	0.22549288072980778
0.0	0.0	0.0	1.0
8	12	6
0.712990632459584	-0.45008681976966103	0.5376488313315696	0.3026051812908863
0.2219118188982581	0.8722161520605957	0.4358828948721262	0.044645591037339394
-0.6651313063772722	-0.19146985993490542	0.7217616071148424	0.29699655819485615
0.0	0.0	0.0	1.0
8	13	7
0.7375011354131173	-0.474256648766976	0.4808043012350087	0.22165773761419083
0.08017256392543622	0.7683855732678874	0.6349456359137478	0.2351627483413562
-0.6705703415653611	-0.42972585041355604	0.6047076492575939	0.3528181358108111
0.0	0.0	0.0	1.0
8	18	8
0.9577044087587476	-0.1646242912954013	0.23601078713770354	-0.26309155505959914
-0.05822284693829781	0.6923581037290084	0.7192011499657722	0.3604593261351615
-0.28180199647252663	-0.7025234427692433	0.6534896075425941	0.4035704251385994
0.0	0.0	0.0	1.0
9	12	9
0.9445804253069959	-0.18818151305415554	0.26898995238636914	0.1886181271833707
0.10930831000566046	0.9529273050255538	0.2828091377692816	0.039739255543668695
-0.30954743959652614	-0.23773320758862918	0.9206863834031481	0.23229464958934054
0.0	0.0	0.0	1.0
9	13	10
0.9543905799020884	-0.21375375975738764	0.20844189778894934	0.1115306842933716
0.07542358696070806	0.8481260283807233	0.5243982369064375	0.20774006320845184
-0.28887714101184575	-0.4847593255409729	0.8255655950594368	0.2870649079256937
0.0	0.0	0.0	1.0
9	18	11
0.9883146898767214	0.10085081725286109	-0.11429428283357919	-0.3365245353230739
-0.0010862819866509406	0.7544693712490391	0.6563343050237378	0.3246835739841641
0.15242342001154807	-0.6485407597580757	0.7457627816016282	0.30094902378703003
0.0	0.0	0.0	1.0
9	19	12
0.9797438294755957	0.12860852589559477	-0.15349909455884547	-0.34939123184893806
-0.008518913015839426	0.7925906619510888	0.609694550313447	0.28203306778748755
0.20007390643510223	-0.5960368324627605	0.777631385669191	0.3506059850983039
0.0	0.0	0.0	1.0
9	20	13
0.9830608000919292	0.1301147432652541	-0.12908095882386386	-0.3446162134146422
-0.04209304155492708	0.8457373348772905	0.5319365248939016	0.21737067898166407
0.17838136482675093	-0.517492495301545	0.8368880473277633	0.4266404946359612
0.0	0.0	0.0	1.0
9	21	14
0.9787640977168113	0.14213005968498135	-0.147715995217963	-0.42634770457144877
-0.039439086296501405	0.8377021677296892	0.5447013217808943	0.2236832260094694
0.20116042023912042	-0.5273083237628067	0.8255182627062053	0.46221301520814273
0.0	0.0	0.0	1.0
10	12	15
0.9968675664950084	-0.049288314569431425	0.06185113374683527	0.07345097003747873
0.031731072914910445	0.9656069702431253	0.2580621924597342	0.07507404624228917
-0.07244335907545645	-0.2552913165527212	0.9641464121329267	0.16002292981784783
0.0	0.0	0.0	1.0
10	13	16
0.9972017943531115	-0.07475439546591377	0.00047025222652417767	-0.0010014448549977772
0.06446922550786753	0.8631513786559559	0.5008127510875804	0.21712614158915652
-0.03784382834577857	-0.4993811373747787	0.8655555333943336	0.2034966994202559
0.0	0.0	0.0	1.0
10	19	17
0.8975944249984421	0.25875509473237374	-0.3568892032187871	-0.40750734619392887
0.008984296507400553	0.79869298639926	0.6016716466803793	0.2868553500470027
0.44073056469115757	-0.5432635928408897	0.7145776494074292	0.2227995461575792
0.0	0.0	0.0	1.0
10	20	18
0.9057307256659615	0.26130934130014316	-0.3337204153902508	-0.40503411412488893
-0.04730886475328462	0.844753820188427	0.5330598380945356	0.23562480739338718
0.4212051047221196	-0.46702076761630806	0.7774816961547913	0.30113476880121093
0.0	0.0	0.0	1.0
10	21	19
0.8959686152439941	0.2721511264556567	-0.3509613817105572	-0.48390845265244814
-0.04092912146641237	0.8374806607587392	0.5449319667935771	0.2400182723361984
0.4422272188636758	-0.4738774785187449	0.7614953284562062	0.3351101094414188
0.0	0.0	0.0	1.0
11	12	20
0.9984379105488514	-0.009108797374687585	0.05512401591108551	-0.008153407949782324
-0.00313343321761443	0.9759390784879207	0.21802037829103255	0.07152247516458982
-0.05578357697775787	-0.2178526444439001	0.9743861768036776	0.07714293554638996
0.0	0.0	0.0	1.0
11	13	21
0.9992998621490543	-0.0370543543982374	-0.005163199942921369	-0.07791404828032725
0.03521180546680782	0.8848896201252144	0.46446795664439977	0.1880301546419188
-0.012641647985353966	-0.4643246657353652	0.8855748813355484	0.12116288480873072
0.0	0.0	0.0	1.0
11	14	22
0.9991739178242067	-0.00483472442928118	-0.04034967286637814	-0.1488387049657805
0.02948529391959311	0.7695251507515507	0.6379354357658639	0.2819517248281552
0.027966006024656178	-0.6385982708448227	0.7690320244347983	0.12903360982631584
0.0	0.0	0.0	1.0
11	15	23
0.9932428569495096	0.024952446270668234	-0.11333953645118389	-0.23776936261697418
0.06062718694359589	0.7211921556639843	0.6900769128379037	0.31575881940091566
0.09895872626508155	-0.6922855617637911	0.7148061969156001	0.12510461564453879
0.0	0.0	0.0	1.0
11	16	24
0.9621601903267452	0.13463058155480198	-0.23690130974716653	-0.33807854373011403
0.051899783070595736	0.762949995770909	0.644370732977877	0.2929761792311346
0.2674959388980181	-0.6322831071265251	0.727092843304375	0.09207657227323374
0.0	0.0	0.0	1.0
11	17	25
0.9286478071654976	0.2022943763235842	-0.31095051307585164	-0.40865681631332507
0.033550391774217474	0.788990158352814	0.6134890519952799	0.27622071412974747
0.36944236084455717	-0.5801478828060592	0.7259069425653571	0.06880317569004957
0.0	0.0	0.0	1.0
11	18	26
0.9061747741888976	0.2544218779088535	-0.33781143226481014	-0.4374625832889789
0.006935574873170873	0.789743523878186	0.6133978983488204	0.2808509302690746
0.42284634927362863	-0.5581887829381023	0.7138812039010521	0.07359141728273189
0.0	0.0	0.0	1.0
11	19	27
0.8845354316677322	0.27744194972311337	-0.3749972143354556	-0.4389623311347197
-0.017060088933867668	0.8226020038514541	0.5683615589548783	0.25188307620354533
0.46616088164601127	-0.4963385383160044	0.7323538159171906	0.11636409157670569
0.0	0.0	0.0	1.0
11	20	28
0.892734541170095	0.281254359543811	-0.3520242642547741	-0.43903704204184524
-0.07555270423212829	0.8636403042747179	0.4984146288616311	0.2117939997598765
0.44420364895118386	-0.41835561277939376	0.7922510124345863	0.19242931996090418
0.0	0.0	0.0	1.0
11	21	29
0.8824443004777447	0.2910003316971556	-0.36960894565565755	-0.5154584180774091
-0.06881634835964304	0.8571085213818916	0.510518543266867	0.2145283788480385
0.46535607023318976	-0.4250691318557806	0.7763761440679706	0.22604203358682673
0.0	0.0	0.0	1.0
12	13	30
0.9977918823117845	-0.04041971600889051	-0.052703101693426964	-0.06282205390342166
0.052699872476656154	0.9647517292432375	0.257831439987232	0.09956853244955996
0.04042396810148032	-0.2600395889683013	0.9647514525666853	0.06566739383176845
0.0	0.0	0.0	1.0
12	14	31
0.9954330336367306	-0.016646291506049012	-0.09400041858162791	-0.1322804811530509
0.05759535838717162	0.8900004226487861	0.45230764760475006	0.183873950449415
0.07613130510238746	-0.4556560162214513	0.8868944149259064	0.093826346831277
0.0	0.0	0.0	1.0
12	15	32
0.9852164182005156	-0.0034705235681839574	-0.17127908941626363	-0.21627529904956544
0.09200311050479738	0.8541006845652593	0.5119058433271665	0.21593164381602414
0.14451301730188243	-0.5200963439389255	0.8417932029726469	0.09854306827091275
0.0	0.0	0.0	1.0
12	16	33
0.9463720473466661	0.07672707185856557	-0.31383573582478214	-0.31163988650639707
0.08038946765843412	0.8849162632258738	0.45876016600065395	0.19495011997946576
0.312917718437419	-0.45938695053026624	0.8312918409906219	0.06335611693682752
0.0	0.0	0.0	1.0
12	17	34
0.9082137859825563	0.12672359088087362	-0.3988595474149183	-0.3795461673338467
0.06012922144177405	0.9036545375541242	0.42402016115330093	0.17936920302006232
0.4141646422910701	-0.40908413014786993	0.8130915851459374	0.03871446676952761
0.0	0.0	0.0	1.0
12	18	35
0.8838203556904157	0.17181105337137015	-0.43513493988170926	-0.40897720055119224
0.03354408928159925	0.9044532987739798	0.42525188981180473	0.18363051118746554
0.4666222872896586	-0.3904425772686654	0.7936109586916624	0.044099919650101516
0.0	0.0	0.0	1.0
12	19	36
0.859955299112269	0.18623778810432162	-0.4751761139099367	-0.40861447200834156
0.006804021816690498	0.9267775233382064	0.3755493626957543	0.15668214949213272
0.5103240672452455	-0.3261888096501744	0.7957199414837391	0.08247063076186256
0.0	0.0	0.0	1.0
12	20	37
0.8693732364634238	0.1949413512004068	-0.4540795077357502	-0.41086234913592357
-0.05582679350931251	0.951761830247523	0.30171666905841843	0.11999114971693875
0.49099257517783984	-0.2369545924835807	0.8383190148272257	0.14870977195455604
0.0	0.0	0.0	1.0
12	21	38
0.8580409568159297	0.20065125090847213	-0.47276293691919835	-0.48634321345723275
-0.04837424679497306	0.9480050003602934	0.3145577436473556	0.12206439204167374
0.5112980224793959	-0.24703390561120073	0.823133361686816	0.1843804074602171
0.0	0.0	0.0	1.0
12	22	39
0.7841970000824767	0.14123308597816137	-0.6042253476052016	-0.6733347283223929
0.09921438118691853	0.932686624682757	0.34677423462530277	0.09515557925226698
0.6125289097731895	-0.3318872066782117	0.717397578708206	0.1434134352217038
0.0	0.0	0.0	1.0
13	15	40
0.992208155499349	0.0044114471709541985	-0.1245129525878017	-0.14620555966797671
0.030298415189491695	0.9608288806625485	0.27548107773709957	0.1040766168882219
0.12085090948731732	-0.27710716604469643	0.9532085781789691	0.07113160848139122
0.0	0.0	0.0	1.0
13	16	41
0.957721177800966	0.04297952055486802	-0.28446946634977116	-0.23707293806455845
0.020265804248571866	0.9762435930025073	0.21572597255699286	0.08485396364357489
0.2869833502642009	-0.21237036398984738	0.9340981120520685	0.04119062143218455
0.0	0.0	0.0	1.0
13	17	42
0.9221073521317097	0.06728099112062952	-0.3810398872265542	-0.30329469309046775
0.0011238071027437793	0.9842965939010818	0.1765188128405598	0.06984331212343006
0.38693269331589747	-0.16319754144599397	0.9075514662499592	0.019675175397851245
0.0	0.0	0.0	1.0
13	18	43
0.8978571909100993	0.10014072132624055	-0.4287472242964186	-0.3343881529738189
-0.02549982328940938	0.9839837454665417	0.17642473982425552	0.07246939679915805
0.4395477091508351	-0.14747128232795767	0.8860305077658823	0.02821339720826603
0.0	0.0	0.0	1.0
13	19	44
0.8755720026960729	0.10247737690223921	-0.47209324438230366	-0.33281166276307167
-0.050463704552510896	0.991297003028902	0.1215880368822961	0.04682556329070844
0.4804447216958526	-0.08263552385656506	0.8731232302147364	0.063545332136808
0.0	0.0	0.0	1.0
13	20	45
0.8835054912228945	0.11680984456512558	-0.4536228240441958	-0.33720110942387943
-0.11007486646730358	0.9930636261441141	0.04132914995187992	0.0114841562199032
0.45530399066588934	0.013417933678753411	0.890234868163934	0.11751750789496858
0.0	0.0	0.0	1.0
13	21	46
0.8729521176317625	0.1169040940144824	-0.4735905837454381	-0.4120431193731109
-0.10316369093207717	0.9931427996959444	0.054995780367450744	0.0130862377506393
0.47677233532682933	0.0008486569372471018	0.8790263335326304	0.15652437250383797
0.0	0.0	0.0	1.0
13	22	47
0.8086013641809003	0.021793622733696626	-0.5879531223323983	-0.5860973982387083
0.04302029618530319	0.9944486984906232	0.09602618114572722	-0.007463384688720673
0.5867820445181211	-0.10294084619178036	0.8031749493799206	0.13778356549802573
0.0	0.0	0.0	1.0
14	16	48
0.9702734052030443	-0.019156570361080073	-0.24125190408235325	-0.1571334745206383
0.022168098556118548	0.9997064552415571	0.009774671406877775	0.013145429798087416
0.24099376920107834	-0.01483220655584122	0.9704132331231891	0.006911816514260316
0.0	0.0	0.0	1.0
14	17	49
0.9394494471332449	-0.015314317921521107	-0.3423452870201303	-0.2203384306774212
0.004954040424163389	0.9995034569427015	-0.031116685246046806	-0.0008385583427438226
0.3426517720903514	0.027536550685941606	0.9390587973832693	-0.009131102725034257
0.0	0.0	0.0	1.0
14	18	50
0.9178267942168526	0.007000946936963313	-0.3969191968689579	-0.25161244413779205
-0.02163875483654665	0.9992402949521523	-0.03241218900279353	7.498309198039621e-05
0.3963907168570772	0.03833761633767953	0.9172810666595467	0.0034202539315728586
0.0	0.0	0.0	1.0
14	19	51
0.8975944728552389	0.00035529775563013775	-0.4408219908225479	-0.2485848562588746
-0.04395624760609373	0.995087922069735	-0.08870099850197954	-0.02378066071661855
0.438625078938681	0.09899441114568426	0.8932009717743383	0.03848388963216287
0.0	0.0	0.0	1.0
14	20	52
0.9048414237072889	0.01818605672319134	-0.4253603600880254	-0.254603423659606
-0.09977660377876045	0.9803216236780268	-0.17033520385392928	-0.05748102718102155
0.41389212607369374	0.19656736616659365	0.8888500273225618	0.08391845244599816
0.0	0.0	0.0	1.0
14	21	53
0.895222103779872	0.014164523867785304	-0.44539507777083603	-0.32873749674631925
-0.0935026244447263	0.9832153927576021	-0.15666733405634178	-0.05639235489565925
0.435700079019259	0.18189768743419973	0.8815205318976809	0.12585892602044435
0.0	0.0	0.0	1.0
14	22	54
0.835062025198037	-0.10243217933424839	-0.5405359437981271	-0.4933211994316493
0.05063857980723713	0.9926542194272603	-0.10987870811955956	-0.07035966002489691
0.5478203455780212	0.0643835553048945	0.8341147870657045	0.12577897215398193
0.0	0.0	0.0	1.0
14	23	55
0.7549629250724396	-0.11840887812788152	-0.6449887075450071	-0.6225307573102334
0.07055055455930324	0.9925202422038092	-0.09962990586415911	-0.06647272825179662
0.6519613552088549	0.02971255697260335	0.7576696891225373	0.06480977500822105
0.0	0.0	0.0	1.0
15	20	56
0.9336186084409633	0.014038549482689611	-0.3579935987457971	-0.17669728482194813
-0.1099823688544749	0.9622145487300804	-0.2490923664145739	-0.087021563138868
0.3409697621494092	0.27193023987062526	0.8998852969642475	0.07505730727699067
0.0	0.0	0.0	1.0
15	24	57
0.738446494718139	-0.1358277324103682	-0.660490307048719	-0.5647397376159424
-0.06362981871710482	0.9610958023522309	-0.26878616607222533	-0.120435698429736
0.6713032148276802	0.24051109641805654	0.7010751337569621	0.006444530302390561
0.0	0.0	0.0	1.0
15	25	58
0.7256880368621872	-0.09220264142869447	-0.6818178630052806	-0.5314200258516117
-0.2303753480172652	0.901214139575414	-0.36707006491399574	-0.16327488351580804
0.6483087687320354	0.4234523818781317	0.6327590291423012	-0.03760100699445301
0.0	0.0	0.0	1.0
27	30	59
0.5617831217759729	-0.5567927188651471	0.6118673834120397	0.061211808914699906
0.5421097896095348	0.8064501263115129	0.2361253134778296	-0.04970205356114343
-0.624913441764407	0.19904815340802576	0.7548927402973584	0.05443154825372032
0.0	0.0	0.0	1.0
27	31	60
0.1628620566192838	-0.6575181793929105	0.7356260021506265	0.128078311330178
0.6754960523882191	0.6177481788532189	0.40260671708310564	-0.11214293536927866
-0.7191530603004299	0.431343223153771	0.5447586711640555	0.12839564041396923
0.0	0.0	0.0	1.0
28	31	61
0.2864669477439109	-0.6727786231819759	0.6821330523465831	0.12320788319057074
0.6418098791834469	0.6633678486823552	0.3847377332594858	-0.10188209627921174
-0.7113486196624657	0.32758516614989036	0.6218289115534106	0.17806522118505175
0.0	0.0	0.0	1.0
28	32	62
-0.009605462923524677	-0.6724900616898117	0.7400438439302771	0.2668031435699094
0.628538078488414	0.5715391827298548	0.5275250795134818	-0.08361105327447738
-0.7777194729125759	0.47021294215905873	0.4171956556958166	0.19876215172859846
0.0	0.0	0.0	1.0
29	33	63
0.3094356715787616	-0.6027745110915567	0.7354675894305914	0.2692952726403548
0.39752578122916465	0.7846000749026681	0.4757899873573172	0.016364304528764917
-0.8638419680056405	0.1451409522135688	0.4824015792978309	0.2918361924533839
0.0	0.0	0.0	1.0
30	33	64
0.6817751612802687	-0.46094306205220453	0.568079261903393	0.2136131203613707
0.2919259755507944	0.8834433748829675	0.36647909376000154	0.06198624789884677
-0.6707918633570411	-0.08401928533630397	0.7368709908791382	0.21747758848350296
0.0	0.0	0.0	1.0
30	34	65
0.7735948112669038	-0.41409117476885915	0.47966604757461445	0.16809601692264753
0.07802998007201997	0.8134404325621503	0.576390360476317	0.2544890775422615
-0.628857960111839	-0.4084643911029229	0.6615848775095643	0.24731913690837937
0.0	0.0	0.0	1.0
30	40	66
0.43167248666418795	-0.6218666737756957	0.6534069976677077	0.29453894066919695
0.2514636147320786	0.7786198724134226	0.5749062374913163	0.219157728997583
-0.8662707360973716	-0.08386313487651188	0.49248559745217935	0.09059822771681958
0.0	0.0	0.0	1.0
30	41	67
0.48625748878052977	-0.629120348031421	0.6064333147766656	0.3022332416863076
0.4432189320071021	0.7756786023678416	0.44931010354156087	0.16300059590187058
-0.7530675255835969	0.05030231985378975	0.6560175341905498	-0.0033621888096333485
0.0	0.0	0.0	1.0
33	35	68
0.9316913187465548	0.1095037635656138	-0.3463527828001311	-0.0674080777371544
0.06033374324303506	0.893587074321489	0.4448168769832975	0.2198026291709001
0.3582054896674786	-0.4353288136575705	0.825940570464543	0.033434277989583094
0.0	0.0	0.0	1.0
33	36	69
0.8742502457650094	0.18258597283772046	-0.44983216472455445	-0.10662496760035656
0.05827186757157083	0.8804149462211596	0.4706101754093776	0.2345815150692966
0.4819657528341173	-0.4376436136318933	0.7590632653613779	0.02120634341108607
0.0	0.0	0.0	1.0
36	38	70
0.8737097903526884	0.038467459662702846	0.4849241460026847	0.06519938183972718
-0.04071630154173851	0.999153384860521	-0.005899173742420859	-0.03460914513157176
-0.48474051845372385	-0.014590136321399608	0.8745364238154228	-0.01933774092590701
0.0	0.0	0.0	1.0
36	39	71
0.7330631843470139	0.024692310011664352	0.6797122595836828	0.10464614043608567
0.050826796000756784	0.9945579675929588	-0.09094612085617833	-0.07631486943067933
-0.678258860870127	0.10121686405879043	0.7278188268711175	-0.07617685810594077
0.0	0.0	0.0	1.0
40	44	72
0.8912736866082981	0.11122854828382517	-0.43961286694053664	-0.26723866076271624
-0.32487663272089395	0.8329692144065725	-0.4479031663637906	0.04924883859749956
0.3163644510482329	0.5420243179775636	0.7785390839087182	-0.40804750391670874
0.0	0.0	0.0	1.0
41	44	73
0.9175236250365439	0.2106774386512942	-0.33729121421207275	-0.3329561441896596
-0.30852288453695276	0.912253149491672	-0.2694582369715111	0.03917452567407986
0.2509262551492926	0.3512964682022331	0.9020126281195778	-0.2556098507313407
0.0	0.0	0.0	1.0
42	44	50
0.90803660	0.26537961	-0.32410371	-0.36933336
-0.30127769	0.95130848	-0.06514357	0.04601491
0.29103491	0.15679804	0.94377595	-0.14553905
-0.00000000	-0.00000000	-0.00000000	0.99999990
42	45	74
0.6472645180034345	0.4777914526146174	-0.593939208103852	-0.49174104109427463
-0.5553410127603661	0.8293130283239737	0.061935859023263234	0.2678110320400892
0.5221540548864148	0.2897499882249487	0.8021221672169195	-0.36504447094131137
0.0	0.0	0.0	1.0
43	46	75
0.31934668383017106	0.6332835708253199	-0.7049607479920128	-0.23738998504023223
-0.6723753922478918	0.6756407159939021	0.3023589506174387	0.46841486784243025
0.6677791884139381	0.37744101778555345	0.641567983149328	-0.5234368384452339
0.0	0.0	0.0	1.0
