0	23	1
0.5558144359759835	0.5803454285216858	-0.5952052882820309	0.22859788896928768
-0.4618803777820511	0.8108916659895932	0.35933386947667184	0.1401887143772121
0.6911850623438074	0.07519050972729384	0.7187554852287696	-0.20820525154766226
0.0	0.0	0.0	1.0
1	11	2
0.9930093775355595	-0.09200137725470758	0.07394723663306155	0.059457610620467914
0.021258736338231346	0.7556353353592271	0.6546474118603726	0.2849054872785266
-0.11610558227267932	-0.6484990432223294	0.7523087533616943	0.0013879450486295793
0.0	0.0	0.0	1.0
1	23	3
0.5566753606615286	0.5768473798426456	-0.5977954850084825	0.230326970277678
-0.46558088466478187	0.812607178990457	0.3505762539405641	0.13924745652381915
0.6880021724634465	0.0831648647349727	0.7209275415691965	-0.20994840933255257
0.0	0.0	0.0	1.0
2	11	4
0.995090436819747	-0.09337116249009125	0.03281498285335103	0.058052680921670895
0.046885285616437525	0.7367409296237388	0.6745476223298519	0.29091450848266964
-0.08715943418167271	-0.6696974086428481	0.7375015113021332	0.00575460569090056
0.0	0.0	0.0	1.0
2	23	5
0.5333509423764557	0.5939918366192337	-0.602254250061899	0.22614623600496975
-0.4513361672332659	0.801990418657252	0.39128850028712253	0.14406156649615226
0.715424599985434	0.06312496956093722	0.6958323780375333	-0.2058869221262061
0.0	0.0	0.0	1.0
21	35	6
0.08378424617644992	0.6761772561273885	-0.7319595441329378	0.28446351308088097
-0.4387723050465534	0.6845353990874088	0.582142771340776	-0.12161510524895311
0.8946838903332096	0.2723892149904606	0.3540411388285116	0.3227939534485191
0.0	0.0	0.0	1.0
21	36	7
-0.11753159664815763	0.6464598647484482	-0.7538408953609368	0.18750782056146253
-0.5247503868430281	0.6040395885682385	0.5998109295914026	-0.20632621670300635
0.8431034317594723	0.46607506117322184	0.26823630488320294	0.3082978271551779
0.0	0.0	0.0	1.0
22	37	8
0.043695388252303236	0.583866412595891	-0.8106729989097208	-0.011563790552662203
-0.5382336624104921	0.697375769178175	0.47325619218003945	-0.14814184521774737
0.8416621622709013	0.4156524903568821	0.3447285841633956	0.25659208652570276
0.0	0.0	0.0	1.0
23	27	9
0.8716810982672936	-0.24897905033824783	0.4221155907492911	0.2856345539422808
0.21457724546397355	0.9682809642225745	0.12801889480783027	0.09628620816022823
-0.44060046728313135	-0.02101514946755958	0.8974573494680891	-0.08605616727160116
0.0	0.0	0.0	1.0
23	28	10
0.9396417578230987	-0.08441969157074328	0.33158249520783406	0.40772518864509766
0.11229669513646592	0.9914940940744743	-0.06579651493120169	-0.008770288919462675
-0.3232075268081644	0.0990609469417721	0.9411291599273042	-0.10529841630542598
0.0	0.0	0.0	1.0
23	29	11
0.974842066765292	-0.01492942859105279	0.2223967319274904	0.46115658769420925
0.05654831124301628	0.9816766426620113	-0.18197084972064667	-0.11142753211521737
-0.21560493542647757	0.18996917269325936	0.9578238935668089	-0.11486660536553014
0.0	0.0	0.0	1.0
26	34	12
0.48833648723619794	0.4211851856932038	-0.7642842437558749	-0.03623282437468152
-0.3618376587249734	0.8947069290932403	0.26186427904308257	-0.02948200241519328
0.7941038509238165	0.1486690661759018	0.5893185900482862	0.01622442800142685
0.0	0.0	0.0	1.0
28	33	13
0.8771343786634498	0.29872458308827105	-0.3760303115829118	-0.18992791927635588
-0.20383814957067864	0.9405449402730225	0.2717078446508368	0.06580345662384594
0.4348392351081308	-0.1616749745715901	0.8858758033348723	0.009663590766371613
0.0	0.0	0.0	1.0
29	33	14
0.9334832183463375	0.25192483169253677	-0.25523101360429834	-0.22705073142265464
-0.15586813520370504	0.9259763195833277	0.3439084135525407	0.16039670236525508
0.3229769509068897	-0.28125037860518637	0.9036503433741981	0.018612378805143808
0.0	0.0	0.0	1.0
30	34	15
0.7413765792814532	0.4881517607832711	-0.4605091864388349	-0.16663157675965498
-0.2534153694789966	0.8390467198707654	0.4814364619380286	0.24157550033738306
0.6214028968948557	-0.24022560855140207	0.7457547490396885	-0.08407987850141532
0.0	0.0	0.0	1.0
30	35	16
0.49710829781128746	0.6402425746189525	-0.5856390186988931	-0.06684147699052856
-0.3857856121753218	0.7676453262598074	0.5117520428049431	0.23784204188952165
0.7772085356534812	-0.028465057832502996	0.6285992264193939	-0.08121618331344173
0.0	0.0	0.0	1.0
30	36	17
0.31308288789589517	0.674823830651337	-0.6682754200993856	-0.05741060339122477
-0.4920816243470346	0.7170969163509562	0.49358650279329935	0.21418581202623546
0.8123022407804129	0.1743125501315956	0.5565791506865307	-0.11482552339719505
0.0	0.0	0.0	1.0
31	34	18
0.8521884268115015	0.361812302916448	-0.3779770962631714	-0.09163822367368375
-0.19863903875883257	0.8920165440137553	0.40601573893119186	0.19545505292994053
0.4840633848539909	-0.27092096708964697	0.832036264176867	-0.025662977220277498
0.0	0.0	0.0	1.0
31	35	19
0.6482265520182051	0.5356150654009758	-0.5412199283639371	-0.017954519744724506
-0.3421017189635226	0.8398618921357148	0.42142424780918974	0.17876160624849746
0.6802711636649978	-0.08802612509042665	0.7276556148448885	-0.008530546717187773
0.0	0.0	0.0	1.0
31	36	20
0.48244496672597914	0.5880491219802725	-0.6491880566624886	-0.0270550034139754
-0.4509999017228903	0.8021179166533239	0.3914151493601669	0.14514884026187466
0.7508967274742906	0.10394746103030907	0.6521878261970748	-0.04082507090225183
0.0	0.0	0.0	1.0
33	37	21
0.4480962188458077	0.36533419891888724	-0.815929330920991	-0.03550786848063047
-0.3904308422327809	0.9010200179749296	0.1890149136982427	-0.009848718060054114
0.8042223102687837	0.2338671579281299	0.5463813331807306	-0.05412980813558185
0.0	0.0	0.0	1.0
34	36	22
0.8692756987277532	0.1651365702237014	-0.46592896906085357	0.008369976241920438
-0.24206675823762142	0.9640095778264665	-0.10995146009506208	-0.0682759550793006
0.431002909604242	0.2083640590729393	0.8779640966271387	-0.01952336623170354
0.0	0.0	0.0	1.0
34	37	23
0.7575682749769643	0.20115124486311398	-0.6209899211485483	-0.05167758458245152
-0.2899104039925865	0.9560422720441736	-0.043990844693905067	-0.035775553961247826
0.5848437699793555	0.2133575598856062	0.7825830581361295	-0.056998510259057084
0.0	0.0	0.0	1.0
34	38	24
0.683731947281386	0.2652791693260435	-0.6798069812957075	-0.07579052392812585
-0.08135585486425469	0.9534862062714804	0.2902505819411814	0.1060285879814149
0.7251840386741053	-0.14314735936757372	0.6735110020552472	-0.04263585932481994
0.0	0.0	0.0	1.0
35	36	25
0.9790549464905091	0.05525114596786368	-0.1959555844546527	-0.02102493181152029
-0.07456540075514627	0.9929079714828257	-0.09259411340517504	-0.03447364450023929
0.1894499423500854	0.10526620641681991	0.9762312886389666	-0.04791335290859189
0.0	0.0	0.0	1.0
35	37	26
0.9211738521235101	0.11384680768798823	-0.3721254575310091	-0.07283394654270292
-0.13966095532624376	0.9892621498256149	-0.04307068459298757	-0.0009335018302492117
0.36322624381895674	0.09164698627965097	0.9271824021248489	-0.09092617803955119
0.0	0.0	0.0	1.0
35	38	27
0.8758275031511503	0.19056975189272163	-0.4434061504193435	-0.09127445736313415
-0.03583972401290101	0.9418852220163605	0.33401738023727484	0.12623183062918744
0.4812914325221327	-0.27665021294252506	0.831759076859911	-0.0891624454236779
0.0	0.0	0.0	1.0
36	37	28
0.9810901742727572	0.07880832264903781	-0.17678000518160056	-0.057959913318834204
-0.07363796292380317	0.9966483342813117	0.03563019812881131	0.033583532347156546
0.17899549720529098	-0.02193869829548862	0.9836052032456859	-0.040791299287022936
0.0	0.0	0.0	1.0
36	38	29
0.9549004835442055	0.164968593159821	-0.24688099044959802	-0.07733957802490338
-0.04850141355995181	0.9069497997016913	0.4184371826190327	0.17652670980545704
0.2929377158888469	-0.38759190085563555	0.8740481274192466	-0.054486586563355026
0.0	0.0	0.0	1.0
37	38	30
0.9934881530739319	0.08530233801705733	-0.07552978426769434	-0.025702802652679827
-0.050080412745514044	0.9223905795474237	0.38299818529819535	0.1582699131617007
0.10233859238067454	-0.3767216805633612	0.9206561834365158	0.0016513560442827987
0.0	0.0	0.0	1.0
37	39	31
0.9942904745589676	0.0953518576584735	0.047901667690678884	0.0006187260995331451
-0.10425806184502079	0.7724445408746635	0.6264660942610565	0.304033302023958
0.022733287310959006	-0.6278834516573845	0.777975422878831	-0.0026491071744543706
0.0	0.0	0.0	1.0
38	39	32
0.9923315953655879	0.056503426081139875	0.1099341439066438	0.017000096509016654
-0.08500467648990732	0.9576522061672239	0.2750936308598994	0.14982663456032136
-0.08973497085281665	-0.2823290477409886	0.9551114614236994	0.038151417362873814
0.0	0.0	0.0	1.0
38	40	33
0.9755111566561657	0.03320982948064002	0.21742878444999356	0.024161444325337362
-0.13066829716345027	0.8826857715500411	0.4514328824476226	0.26108819079576734
-0.1769293093838716	-0.46878887535477803	0.865409172495468	0.0560085913228762
0.0	0.0	0.0	1.0
38	41	34
0.91133608865849	0.0016090691712438393	0.41166012778426425	0.09261306633972162
-0.26837443971639957	0.7605981869516688	0.5911561233074965	0.3672342697016855
-0.31215681019346986	-0.6492210766965505	0.6935922761788923	0.027827586728878865
0.0	0.0	0.0	1.0
39	40	35
0.9938097164386795	0.008693749268430978	0.1107552084627719	0.0017385598565061355
-0.03016359646067632	0.9805996676382098	0.19368647124736146	0.10729161339135344
-0.10692264825373056	-0.19582826051741334	0.9747917045392547	0.04997689072557147
0.0	0.0	0.0	1.0
39	41	36
0.9496938898564556	0.037318208546517954	0.31094835894920453	0.059013796343219425
-0.15835173836976812	0.9138248757011209	0.37396366549949706	0.21874371495151898
-0.27019673376462594	-0.40439031842249246	0.8737632804941277	0.059674090146827785
0.0	0.0	0.0	1.0
42	44	37
0.6506022941575285	0.3776132482138592	0.658881517511346	0.13858274781398996
-0.32348973895903693	0.9227654236783246	-0.20942347131307676	-0.028609910633178054
-0.6870741940562516	-0.07689007266240559	0.7225073622116062	0.008505157957631286
0.0	0.0	0.0	1.0
43	44	38
0.9150783682615602	0.1735937144740005	0.36400102813793367	0.06209480430459714
-0.15854220888994813	0.9847899835521817	-0.07108432067898136	-0.015635576009881226
-0.3708043301504466	0.007338123171574828	0.9286819636242178	0.028106212222840526
0.0	0.0	0.0	1.0
43	45	39
0.6767627500001403	0.31091426266544164	0.667326428035226	0.05066589228076638
-0.26671893416651393	0.9484134715724077	-0.1713850914950734	-0.020914750033987965
-0.6861874189854617	-0.062001562174093354	0.7247776171828096	0.07869828084508489
0.0	0.0	0.0	1.0
43	47	40
0.2218303193375276	0.4945147846786181	0.8403847236313093	0.047194240023605026
-0.13246997212308306	0.8691509893776836	-0.47647475059088384	-0.08600051796531487
-0.9660449766955849	-0.005629215873997702	0.25831238068537776	0.20287354452864792
0.0	0.0	0.0	1.0
43	48	41
0.13749613429431573	0.5647288973917275	0.8137419939774102	0.09258233117698912
-0.09442406013790035	0.8252764138420764	-0.5567789928949963	-0.09338597546013815
-0.9859912594482536	-0.00028187465573504357	0.16679631320552532	0.24420128735427196
0.0	0.0	0.0	1.0
