0	23	1
0.5558144359759835	0.5803454285216857	-0.5952052882820309	0.22859788896928768
-0.4618803777820511	0.8108916659895931	0.3593338694766717	0.14018871437721386
0.6911850623438075	0.0751905097272937	0.7187554852287698	-0.20820525154766226
0.0	0.0	0.0	1.0
1	11	2
0.9930093775355595	-0.09200137725470761	0.07394723663306155	0.059457610620467914
0.021258736338231356	0.7556353353592273	0.6546474118603727	0.2849054872785267
-0.11610558227267934	-0.6484990432223294	0.7523087533616944	0.0013879450486295793
0.0	0.0	0.0	1.0
1	23	50
0.55667536	0.57684738	-0.59779549	0.23032697
-0.46558088	0.81260718	0.35057625	0.13924746
0.68800217	0.08316486	0.72092754	-0.20994841
0.00000000	0.00000000	0.00000000	0.99999988
2	11	3
0.995090436819747	-0.09337116249009127	0.032814982853351035	0.058052680921670895
0.04688528561643754	0.7367409296237389	0.674547622329852	0.29091450848266975
-0.08715943418167273	-0.6696974086428482	0.7375015113021333	0.005754605690900116
0.0	0.0	0.0	1.0
2	23	4
0.5333509423764557	0.5939918366192336	-0.6022542500618989	0.22614623600496975
-0.4513361672332659	0.8019904186572518	0.39128850028712225	0.14406156649615404
0.7154245999854341	0.06312496956093709	0.6958323780375333	-0.2058869221262061
0.0	0.0	0.0	1.0
21	35	5
0.08378424617644996	0.6761772561273887	-0.7319595441329378	0.28446351308088275
-0.4387723050465534	0.6845353990874089	0.582142771340776	-0.12161510524894956
0.8946838903332096	0.2723892149904606	0.3540411388285116	0.3227939534485155
0.0	0.0	0.0	1.0
21	36	6
-0.11753159664815763	0.6464598647484482	-0.7538408953609368	0.18750782056146253
-0.5247503868430281	0.6040395885682386	0.5998109295914027	-0.20632621670300635
0.8431034317594723	0.46607506117322184	0.26823630488320294	0.3082978271551779
0.0	0.0	0.0	1.0
22	37	7
0.04369538825230343	0.583866412595891	-0.8106729989097208	-0.011563790552665756
-0.538233662410492	0.6973757691781751	0.4732561921800394	-0.14814184521775092
0.8416621622709013	0.4156524903568821	0.34472858416339563	0.2565920865257063
0.0	0.0	0.0	1.0
23	27	8
0.8716810982672935	-0.24897905033824771	0.4221155907492911	0.2856345539422844
0.21457724546397353	0.9682809642225746	0.12801889480783027	0.09628620816022823
-0.4406004672831313	-0.02101514946755972	0.8974573494680891	-0.08605616727160116
0.0	0.0	0.0	1.0
23	28	9
0.9396417578230987	-0.08441969157074328	0.33158249520783417	0.40772518864509766
0.11229669513646584	0.9914940940744742	-0.06579651493120144	-0.008770288919459123
-0.32320752680816434	0.09906094694177224	0.9411291599273041	-0.10529841630542598
0.0	0.0	0.0	1.0
23	29	10
0.974842066765292	-0.01492942859105296	0.22239673192749057	0.46115658769421636
0.056548311243016354	0.9816766426620114	-0.1819708497206471	-0.11142753211522803
-0.21560493542647755	0.18996917269325925	0.9578238935668087	-0.11486660536552482
0.0	0.0	0.0	1.0
26	34	11
0.4883364872361979	0.42118518569320373	-0.7642842437558749	-0.036232824374682185
-0.3618376587249735	0.8947069290932403	0.26186427904308257	-0.029482002415196832
0.7941038509238166	0.14866906617590184	0.5893185900482864	0.016224428001433956
0.0	0.0	0.0	1.0
28	33	12
0.8771343786634498	0.298724583088271	-0.3760303115829118	-0.1899279192763541
-0.20383814957067858	0.9405449402730226	0.2717078446508369	0.06580345662384061
0.4348392351081308	-0.16167497457159014	0.885875803334872	0.009663590766378719
0.0	0.0	0.0	1.0
29	33	13
0.9334832183463375	0.25192483169253677	-0.25523101360429834	-0.22705073142265286
-0.15586813520370507	0.9259763195833277	0.3439084135525408	0.16039670236524975
0.3229769509068897	-0.28125037860518637	0.9036503433741979	0.018612378805150914
0.0	0.0	0.0	1.0
30	34	14
0.7413765792814531	0.4881517607832711	-0.4605091864388349	-0.16663157675965565
-0.2534153694789967	0.8390467198707654	0.4814364619380285	0.2415755003373795
0.6214028968948558	-0.24022560855140201	0.7457547490396886	-0.08407987850140822
0.0	0.0	0.0	1.0
30	35	15
0.49710829781128757	0.6402425746189526	-0.5856390186988931	-0.06684147699052678
-0.3857856121753218	0.7676453262598074	0.5117520428049432	0.2378420418895252
0.7772085356534812	-0.028465057832502996	0.6285992264193939	-0.08121618331344528
0.0	0.0	0.0	1.0
30	36	16
0.31308288789589517	0.674823830651337	-0.6682754200993856	-0.05741060339122477
-0.4920816243470346	0.7170969163509563	0.49358650279329946	0.21418581202623546
0.8123022407804129	0.1743125501315956	0.5565791506865307	-0.11482552339719505
0.0	0.0	0.0	1.0
31	34	17
0.8521884268115014	0.36181230291644795	-0.37797709626317133	-0.09163822367368442
-0.1986390387588326	0.8920165440137553	0.4060157389311918	0.19545505292993698
0.484063384853991	-0.270920967089647	0.8320362641768673	-0.025662977220270392
0.0	0.0	0.0	1.0
31	35	18
0.6482265520182052	0.5356150654009759	-0.5412199283639371	-0.01795451974472273
-0.3421017189635226	0.8398618921357149	0.4214242478091898	0.17876160624850101
0.6802711636649978	-0.08802612509042665	0.7276556148448885	-0.008530546717191325
0.0	0.0	0.0	1.0
31	36	19
0.48244496672597914	0.5880491219802725	-0.6491880566624886	-0.0270550034139754
-0.4509999017228903	0.802117916653324	0.391415149360167	0.14514884026187466
0.7508967274742906	0.10394746103030907	0.6521878261970748	-0.04082507090225183
0.0	0.0	0.0	1.0
33	37	20
0.44809621884580786	0.36533419891888724	-0.815929330920991	-0.035507868480637576
-0.3904308422327808	0.9010200179749296	0.18901491369824264	-0.009848718060057667
0.8042223102687835	0.2338671579281299	0.5463813331807306	-0.0541298081355783
0.0	0.0	0.0	1.0
34	36	21
0.8692756987277532	0.16513657022370137	-0.46592896906085357	0.008369976241920438
-0.24206675823762142	0.9640095778264666	-0.10995146009506204	-0.0682759550793006
0.431002909604242	0.2083640590729393	0.8779640966271387	-0.01952336623170354
0.0	0.0	0.0	1.0
34	37	22
0.7575682749769644	0.20115124486311395	-0.6209899211485482	-0.051677584582455076
-0.2899104039925864	0.9560422720441736	-0.043990844693905067	-0.03577555396125138
0.5848437699793554	0.21335755988560623	0.7825830581361295	-0.05699851025905353
0.0	0.0	0.0	1.0
34	38	23
0.6837319472813859	0.26527916932604345	-0.6798069812957074	-0.07579052392812585
-0.08135585486425466	0.9534862062714803	0.2902505819411814	0.1060285879814149
0.7251840386741052	-0.14314735936757367	0.6735110020552472	-0.04263585932481639
0.0	0.0	0.0	1.0
35	36	24
0.9790549464905091	0.05525114596786365	-0.1959555844546527	-0.02102493181152029
-0.07456540075514624	0.9929079714828258	-0.09259411340517498	-0.03447364450023929
0.1894499423500854	0.10526620641681991	0.9762312886389666	-0.04791335290859189
0.0	0.0	0.0	1.0
35	37	25
0.9211738521235102	0.11384680768798826	-0.37212545753100884	-0.07283394654270647
-0.13966095532624365	0.9892621498256149	-0.04307068459298753	-0.0009335018302527644
0.36322624381895663	0.091646986279651	0.9271824021248489	-0.09092617803954764
0.0	0.0	0.0	1.0
35	38	26
0.8758275031511502	0.1905697518927217	-0.4434061504193434	-0.09127445736313415
-0.03583972401290099	0.9418852220163605	0.33401738023727484	0.12623183062918744
0.4812914325221326	-0.276650212942525	0.8317590768599109	-0.08916244542367435
0.0	0.0	0.0	1.0
36	37	27
0.9810901742727572	0.07880832264903778	-0.1767800051816004	-0.05795991331883776
-0.07363796292380308	0.9966483342813117	0.03563019812881136	0.03358353234715299
0.1789954972052909	-0.021938698295488585	0.9836052032456858	-0.040791299287019384
0.0	0.0	0.0	1.0
36	38	28
0.9549004835442054	0.16496859315982096	-0.24688099044959808	-0.07733957802490693
-0.048501413559951786	0.9069497997016913	0.41843718261903273	0.17652670980545704
0.29293771588884676	-0.38759190085563555	0.8740481274192466	-0.05448658656335147
0.0	0.0	0.0	1.0
37	38	29
0.9934881530739318	0.08530233801705732	-0.07552978426769436	-0.025702802652679827
-0.05008041274551402	0.9223905795474235	0.38299818529819535	0.1582699131617007
0.10233859238067446	-0.37672168056336114	0.9206561834365158	0.0016513560442863514
0.0	0.0	0.0	1.0
37	39	30
0.9942904745589679	0.09535185765847343	0.047901667690678905	0.0006187260995331451
-0.1042580618450208	0.7724445408746634	0.6264660942610565	0.30403330202395756
0.022733287310958927	-0.6278834516573845	0.7779754228788309	-0.0026491071744543706
0.0	0.0	0.0	1.0
38	39	31
0.9923315953655882	0.05650342608113981	0.1099341439066438	0.017000096509016654
-0.08500467648990734	0.9576522061672238	0.2750936308598993	0.14982663456032091
-0.08973497085281672	-0.28232904774098855	0.9551114614236993	0.038151417362873814
0.0	0.0	0.0	1.0
38	40	32
0.9755111566561658	0.03320982948063992	0.21742878444999364	0.02416144432533381
-0.1306682971634503	0.8826857715500412	0.4514328824476226	0.2610881907957691
-0.17692930938387166	-0.46878887535477803	0.8654091724954679	0.056008591322879754
0.0	0.0	0.0	1.0
38	41	33
0.9113360886584901	0.0016090691712438935	0.41166012778426436	0.09261306633971984
-0.26837443971639957	0.7605981869516687	0.5911561233074963	0.36723426970168727
-0.31215681019346986	-0.6492210766965506	0.6935922761788923	0.027827586728882418
0.0	0.0	0.0	1.0
39	40	34
0.9938097164386795	0.00869374926843094	0.11075520846277209	0.0017385598565025828
-0.030163596460676335	0.9805996676382099	0.19368647124736144	0.10729161339135522
-0.10692264825373064	-0.19582826051741334	0.9747917045392546	0.04997689072557502
0.0	0.0	0.0	1.0
39	41	35
0.9496938898564556	0.037318208546518024	0.3109483589492046	0.05901379634321765
-0.15835173836976815	0.9138248757011208	0.37396366549949706	0.21874371495152076
-0.27019673376462594	-0.40439031842249257	0.8737632804941277	0.05967409014683134
0.0	0.0	0.0	1.0
42	44	36
0.6506022941575285	0.37761324821385944	0.658881517511346	0.13858274781399352
-0.3234897389590368	0.9227654236783245	-0.20942347131307676	-0.028609910633181607
-0.6870741940562516	-0.0768900726624055	0.722507362211606	0.008505157957631286
0.0	0.0	0.0	1.0
43	44	37
0.9150783682615603	0.1735937144740006	0.3640010281379338	0.062094804304600695
-0.15854220888994808	0.9847899835521814	-0.07108432067898143	-0.01563557600988478
-0.3708043301504466	0.007338123171574939	0.9286819636242178	0.028106212222840526
0.0	0.0	0.0	1.0
43	45	38
0.6767627500001403	0.3109142626654416	0.6673264280352259	0.05066589228076638
-0.26671893416651404	0.9484134715724077	-0.17138509149507328	-0.020914750033987965
-0.6861874189854619	-0.0620015621740933	0.7247776171828099	0.07869828084508489
0.0	0.0	0.0	1.0
43	47	39
0.2218303193375277	0.4945147846786183	0.8403847236313096	0.04719424002361213
-0.132469972123083	0.8691509893776835	-0.47647475059088384	-0.08600051796531459
-0.9660449766955848	-0.005629215873997732	0.25831238068537765	0.20287354452864614
0.0	0.0	0.0	1.0
43	48	40
0.13749613429431568	0.5647288973917274	0.8137419939774101	0.09258233117699267
-0.09442406013790032	0.8252764138420763	-0.5567789928949962	-0.09338597546013792
-0.9859912594482534	-0.0002818746557351025	0.1667963132055253	0.24420128735427374
0.0	0.0	0.0	1.0
