3	5	1
0.9783620461897725	-0.0845628308954959	0.1888300395714864	0.215248560790971
0.14219953322139456	0.9377712978040944	-0.3168034478997376	-0.16539861105727485
-0.15028961787856304	0.3368000363802361	0.9295046163559771	0.04129475085652263
0.0	0.0	0.0	1.0
3	6	2
0.993326041970888	-0.11513532276183047	-0.006880051339687658	0.30795769417267077
0.07866307452665557	0.7198728016135586	-0.6896342045344671	-0.3792532459917374
0.08435401433520248	0.6844903807664223	0.7241252442414235	-0.002075950891710531
0.0	0.0	0.0	1.0
3	7	3
0.9629807969488638	-0.17333970174854074	-0.2064493803649001	0.35690354014355796
0.04397269321448175	0.8565971030466517	-0.5141088017758589	-0.3163205788633658
0.2659594198493527	0.4859987858542005	0.8325087664386921	0.17822723246891742
0.0	0.0	0.0	1.0
20	24	4
0.4002293660142858	0.5082030264965891	-0.7625916827813645	0.607370666345328
-0.33014673422121255	0.8562291938292238	0.3973343644457951	0.1786883624183181
0.8548797784838937	0.0927422721427776	0.5104696245671758	-0.04427399072947291
0.0	0.0	0.0	1.0
20	25	5
0.4672332722640619	0.33961895105751755	-0.8163038265099831	0.7519289999413575
-0.3741794789211557	0.9124762251903098	0.16545941018207563	0.16962353213268597
0.8010510507203299	0.22813602944955597	0.5534176687692932	0.029248644772606604
0.0	0.0	0.0	1.0
23	25	6
0.8592993102418149	-0.20558459618264843	-0.4683371074900015	0.26289312951291877
-0.02148907160423058	0.9003435755333612	-0.43464908211319986	-0.19340834548624122
0.5110214581603905	0.38355777098005717	0.7692468035047142	-0.12491471838484244
0.0	0.0	0.0	1.0
37	39	7
0.7391618165914666	-0.055160064153945434	0.6712651565323005	0.44532906167052044
0.3207931627621161	0.9051679005045995	-0.2788599019065778	0.003778040882623582
-0.5922257903329391	0.42145990873622363	0.6867606755941066	-0.3951559043081523
0.0	0.0	0.0	1.0
37	40	8
0.6526596811624865	0.06012660942692603	0.7552613982078595	0.6234250259368304
0.31681573581940653	0.8838523213198978	-0.34414027748311304	0.020612431582236166
-0.6882317679177138	0.4638852874876885	0.5578058112471238	-0.5843636751555353
0.0	0.0	0.0	1.0
37	41	9
0.8672585104180158	0.05848307837041512	0.49441092869789066	0.8583510368539518
0.17592565897083198	0.893008952564249	-0.4142281015720804	-0.06814950273903132
-0.46573886114175544	0.44622245778699166	0.7641810783734037	-0.4905214555932975
0.0	0.0	0.0	1.0
37	49	10
0.9925896964317351	-0.11443751446076005	0.040861175542104805	2.302445692668192
0.12096986561966436	0.8988242697940236	-0.42128504387098714	0.08819438347730599
0.011483704769363045	0.4231061921108239	0.9060071731724374	-0.5040682192532558
0.0	0.0	0.0	1.0
39	46	11
0.31340480454135977	0.2136339255317039	-0.9252772937484257	1.1315059136833399
-0.6495794400261791	0.7589735147600615	-0.044785263263121634	-0.30449312488476105
0.6926933710269085	0.6150768743024091	0.37663803952366837	0.25027499017952326
0.0	0.0	0.0	1.0
40	46	12
0.174671301411572	0.24645698751606107	-0.9532833366802168	0.9664713921712579
-0.6072314915109936	0.7890935609629577	0.09274428354993944	-0.1567105715275913
0.7750871297409488	0.5626637455345	0.2874884175091972	0.08543572589620475
0.0	0.0	0.0	1.0
