3	5	1
0.9783620461897724	-0.0845628308954959	0.1888300395714863	0.21524856079097143
0.14219953322139467	0.9377712978040944	-0.31680344789973763	-0.16539861105727485
-0.1502896178785631	0.3368000363802361	0.9295046163559773	0.04129475085652241
0.0	0.0	0.0	1.0
3	6	2
0.9933260419708881	-0.11513532276183046	-0.006880051339687705	0.30795769417267077
0.07866307452665551	0.7198728016135584	-0.689634204534467	-0.3792532459917374
0.08435401433520243	0.6844903807664224	0.7241252442414235	-0.002075950891710531
0.0	0.0	0.0	1.0
3	7	3
0.9629807969488636	-0.1733397017485407	-0.20644938036490004	0.35690354014355796
0.04397269321448197	0.8565971030466516	-0.5141088017758588	-0.31632057886336534
0.26595941984935256	0.4859987858542004	0.832508766438692	0.17822723246891742
0.0	0.0	0.0	1.0
20	24	4
0.40022936601428594	0.5082030264965892	-0.7625916827813645	0.6073706663453275
-0.3301467342212125	0.8562291938292238	0.3973343644457951	0.1786883624183181
0.8548797784838936	0.0927422721427776	0.5104696245671758	-0.04427399072947291
0.0	0.0	0.0	1.0
20	25	5
0.4672332722640616	0.3396189510575175	-0.8163038265099832	0.7519289999413575
-0.3741794789211557	0.9124762251903096	0.16545941018207555	0.1696235321326862
0.8010510507203301	0.22813602944955605	0.5534176687692933	0.029248644772606604
0.0	0.0	0.0	1.0
23	25	6
0.8592993102418147	-0.20558459618264863	-0.4683371074900017	0.26289312951291877
-0.021489071604230643	0.900343575533361	-0.43464908211319975	-0.19340834548624078
0.5110214581603906	0.3835577709800573	0.7692468035047143	-0.12491471838484244
0.0	0.0	0.0	1.0
37	39	7
0.739161816591467	-0.055160064153945566	0.6712651565323001	0.44532906167051867
0.3207931627621161	0.9051679005045994	-0.2788599019065777	0.003778040882623582
-0.5922257903329392	0.42145990873622374	0.6867606755941067	-0.3951559043081524
0.0	0.0	0.0	1.0
37	40	8
0.6526596811624866	0.06012660942692566	0.7552613982078592	0.6234250259368312
0.3168157358194066	0.8838523213198975	-0.34414027748311304	0.020612431582236388
-0.6882317679177139	0.4638852874876886	0.5578058112471239	-0.5843636751555353
0.0	0.0	0.0	1.0
37	41	9
0.8672585104180158	0.05848307837041525	0.4944109286978907	0.8583510368539518
0.17592565897083193	0.8930089525642491	-0.41422810157208034	-0.06814950273903143
-0.46573886114175533	0.44622245778699154	0.7641810783734035	-0.4905214555932975
0.0	0.0	0.0	1.0
37	49	10
0.9925896964317353	-0.1144375144607601	0.04086117554210445	2.3024456926681935
0.12096986561966433	0.8988242697940235	-0.4212850438709874	0.0881943834773061
0.011483704769363095	0.42310619211082406	0.9060071731724376	-0.5040682192532567
0.0	0.0	0.0	1.0
39	46	11
0.31340480454135966	0.21363392553170374	-0.9252772937484256	1.1315059136833399
-0.6495794400261788	0.7589735147600618	-0.04478526326312204	-0.3044931248847606
0.6926933710269083	0.615076874302409	0.37663803952366887	0.25027499017952326
0.0	0.0	0.0	1.0
40	46	12
0.17467130141157192	0.2464569875160609	-0.9532833366802166	0.9664713921712574
-0.6072314915109934	0.7890935609629579	0.09274428354993895	-0.1567105715275913
0.7750871297409486	0.5626637455344998	0.2874884175091978	0.08543572589620475
0.0	0.0	0.0	1.0
