6	10	1
0.7388481723330735	-0.4741338231241829	0.478853667350297	0.302172795664404
0.5515630161542152	0.8337432354447919	-0.025509779954382673	0.37289435330671655
-0.3871458774695834	0.282965854806963	0.8775241459726294	-0.37372161383125574
0.0	0.0	0.0	1.0
7	10	2
0.7125161377639238	-0.49222751268794995	0.5000328950646257	0.4091892435445185
0.5497383093047348	0.8344676999548014	0.03809853509603214	0.30070498862666
-0.43601439159868605	0.24774147586455914	0.8651679989981136	-0.30265943570684495
0.0	0.0	0.0	1.0
7	18	3
0.8708299032914024	0.3654663010244935	-0.32876971314622305	1.3542191926050924
-0.20876292612188863	0.8804324090641699	0.425742729418705	0.35962113837898735
0.4450542285797266	-0.30211455843119683	0.8430027175803472	-0.4597368362197996
0.0	0.0	0.0	1.0
7	22	4
0.06303274327339588	0.6079359221823514	-0.791480124444441	1.3492460819041758
-0.6240100866923816	0.6429263903255404	0.44413612098400745	-0.23919306319880587
0.7788698613891246	0.46589652884345917	0.4198836215415445	0.6165360433600804
0.0	0.0	0.0	1.0
7	23	5
0.05954750258024028	0.6291468716547385	-0.7750021870517292	1.434171160718015
-0.4323010077867921	0.7160516080830172	0.5480747066214501	0.020684625693089122
0.8997610268704812	0.30239780239224895	0.3146199970522718	0.5868587073106033
0.0	0.0	0.0	1.0
7	25	6
0.20649047454398872	0.5345146438221519	-0.8195461933228215	1.763892619199866
-0.6035097959325451	0.7288652144502434	0.323313122659092	0.24361519490987418
0.7701542948931116	0.4278431715177491	0.47308855584603327	0.26615667525139003
0.0	0.0	0.0	1.0
11	13	7
0.9804952503812665	-0.09432545232246049	0.17242905682096188	-0.18126122773940914
-0.02326635616981066	0.8154373990434209	0.578377294961971	0.315164851268376
-0.19516081370203997	-0.5711080420528319	0.7973379186911889	-0.1633562661801309
0.0	0.0	0.0	1.0
12	13	8
0.9995708505447786	-0.01594620145781988	-0.024577194399225833	-0.10104792733690598
0.023054179229513916	0.9457803303811191	0.32398774089995197	0.1479614058180754
0.01807813729483403	-0.3244153254438098	0.9457418939115227	-0.06519799858056777
0.0	0.0	0.0	1.0
12	14	9
0.971417123182695	0.07198668491579124	-0.22620078487217224	-0.14447780601669716
0.0625933204555543	0.8415060377953377	0.5366093942297917	0.20609966303537705
0.22897809709039996	-0.5354303540610582	0.812947425592498	-0.24608053379466518
0.0	0.0	0.0	1.0
13	14	10
0.9754114825472018	0.017192544235590836	-0.21971965305898183	-0.06278361455897831
0.035959326212212345	0.9711777954796142	0.23562821425756406	0.08139893773375403
0.2174379986750297	-0.2377355194978361	0.9466798935453025	-0.1272115637593225
0.0	0.0	0.0	1.0
13	15	11
0.8014369042200852	0.18243176539407704	-0.5695767679253566	-0.037120561011742555
0.0646168085263611	0.9203567337708471	0.3857049446120041	0.11753713817233517
0.5945785694798367	-0.34592247089074846	0.7258196313929305	-0.32315246837912087
0.0	0.0	0.0	1.0
14	15	12
0.9100145792127445	0.07178442781985815	-0.4083144888534738	-0.03777205723039934
-0.005895724175075943	0.9870365361829085	0.16038777494824732	0.05722643740753298
0.41453463609237695	-0.14354795495420528	0.8986405984776021	-0.17112435872827644
0.0	0.0	0.0	1.0
14	16	13
0.6201969724109363	0.029422267716195133	-0.7838939501150358	-0.02738013899301241
0.07351541497125107	0.9927183184021506	0.09542368665036154	0.029079538915751633
0.7809936527806951	-0.11680977368944932	0.6135178474569315	-0.345389755236519
0.0	0.0	0.0	1.0
15	16	14
0.8865754101319294	-0.10034269792000103	-0.4515694297951076	-0.06542463583560322
0.09919891262919316	0.9947204925543337	-0.02627631845350219	-0.028594342229471683
0.45182207422057036	-0.02149919299554867	0.8918488167911707	-0.17447612691286846
0.0	0.0	0.0	1.0
15	17	15
0.6162219163458619	-0.15442430899728507	-0.7722846568557615	0.005936392989615317
0.049953251150776194	0.9862778502979453	-0.15735510430021452	-0.06777776307812278
0.7859867001334241	0.058387584095188176	0.6154800956427207	-0.4352633219298043
0.0	0.0	0.0	1.0
36	38	16
0.6555095377965	0.1135632382024689	-0.7465993727731206	-0.3888044820042429
-0.18915799982395728	0.9818039297132813	-0.016739966003421633	0.04655798348137466
0.7311131678307392	0.15219847052292967	0.665063278273036	-0.049675604324071934
0.0	0.0	0.0	1.0
40	42	17
0.5264775817705294	0.657731380060418	-0.5387120447049357	-0.17599762439980982
-0.44881862850891135	0.7531659868585403	0.48093948989103397	0.32593033074660493
0.7220686888597834	-0.011419893211526998	0.6917270897614964	-0.2893668410506681
0.0	0.0	0.0	1.0
40	47	18
0.849304429526617	0.2338287463789638	-0.47329296602648535	-0.5398773130012445
-0.058291725346489055	0.9326089264797259	0.3561500997469487	0.5203651304789414
0.524675369216013	-0.2748907765290504	0.8056990623750592	-0.7961719520958745
0.0	0.0	0.0	1.0
40	48	19
0.9551139764119934	-0.06114452417672385	-0.28985939830332036	-0.7504315325999251
0.06609179611317369	0.9977867832759476	0.0073001242547529824	0.5915044130263958
0.2887715727948501	-0.026129890826561922	0.9570413375206149	-0.7156238816955813
0.0	0.0	0.0	1.0
40	49	20
0.8781590386587887	-0.46402968153583446	0.11624627696770402	-1.0867244876129
0.4614385403292442	0.885765628311742	0.04993788322119439	0.28075886424040974
-0.1261396786105326	0.009787092023804761	0.9919642048235188	-0.4608426351037439
0.0	0.0	0.0	1.0
41	49	21
0.5463100774399214	-0.7642645649349747	0.3427023864744725	-0.8610120845619054
0.7109403265887062	0.6394436310006446	0.2927039865851707	0.3942527660211492
-0.44284227007780685	0.0837338223164875	0.8926810120329228	-0.46683881097548163
0.0	0.0	0.0	1.0
42	45	22
0.9983194319903499	0.03022639157108487	-0.04944362398927006	0.001955797826147689
0.017945174672028406	0.6500172738176574	0.759707463894326	0.26760257686190136
0.05510241587763044	-0.7593180533005567	0.6483824326965322	-0.3841946985518627
0.0	0.0	0.0	1.0
47	49	23
0.5823022364538262	-0.4425463994175735	0.681965264125175	0.0008946095449765496
0.5753839228914456	0.8169600686846734	0.038851524348118255	0.19721053199905778
-0.5743321350587198	0.36976852237987323	0.7303517857818415	-0.3818405251580243
0.0	0.0	0.0	1.0
