6	10	1
0.7388481723330734	-0.4741338231241829	0.4788536673502969	0.302172795664404
0.5515630161542153	0.8337432354447918	-0.02550977995438277	0.37289435330671633
-0.3871458774695833	0.2829658548069631	0.8775241459726295	-0.37372161383125574
0.0	0.0	0.0	1.0
7	10	2
0.7125161377639238	-0.49222751268795006	0.5000328950646256	0.40918924354451874
0.5497383093047349	0.8344676999548014	0.03809853509603205	0.3007049886266598
-0.436014391598686	0.24774147586455922	0.8651679989981136	-0.30265943570684495
0.0	0.0	0.0	1.0
7	18	50
0.87082990	0.36546630	-0.32876971	1.35421919
-0.20876293	0.88043241	0.42574273	0.35962114
0.44505423	-0.30211456	0.84300272	-0.45973684
0.00000000	0.00000000	-0.00000000	0.99999994
7	22	3
0.06303274327339588	0.6079359221823513	-0.7914801244444412	1.3492460819041756
-0.6240100866923817	0.6429263903255406	0.4441361209840075	-0.23919306319880587
0.7788698613891247	0.46589652884345906	0.4198836215415445	0.6165360433600799
0.0	0.0	0.0	1.0
7	23	4
0.05954750258024028	0.6291468716547385	-0.7750021870517292	1.4341711607180154
-0.4323010077867921	0.7160516080830172	0.54807470662145	0.020684625693089122
0.8997610268704814	0.3023978023922489	0.3146199970522719	0.5868587073106033
0.0	0.0	0.0	1.0
7	25	5
0.20649047454398903	0.5345146438221519	-0.8195461933228217	1.7638926191998658
-0.6035097959325452	0.7288652144502432	0.323313122659092	0.2436151949098743
0.770154294893112	0.427843171517749	0.47308855584603315	0.26615667525139003
0.0	0.0	0.0	1.0
11	13	7
0.9804952503812665	-0.09432545232246049	0.17242905682096188	-0.18126122773940923
-0.023266356169810657	0.815437399043421	0.5783772949619709	0.3151648512683759
-0.19516081370203997	-0.571108042052832	0.797337918691189	-0.16335626618013047
0.0	0.0	0.0	1.0
12	13	8
0.9995708505447786	-0.01594620145781988	-0.024577194399225833	-0.10104792733690607
0.023054179229513902	0.9457803303811192	0.32398774089995186	0.14796140581807518
0.01807813729483406	-0.3244153254438098	0.9457418939115229	-0.06519799858056732
0.0	0.0	0.0	1.0
12	14	9
0.9714171231826948	0.07198668491579123	-0.22620078487217218	-0.14447780601669716
0.0625933204555543	0.8415060377953377	0.5366093942297917	0.20609966303537722
0.22897809709039996	-0.5354303540610582	0.812947425592498	-0.24608053379466518
0.0	0.0	0.0	1.0
13	14	10
0.9754114825472016	0.017192544235590832	-0.21971965305898178	-0.0627836145589782
0.035959326212212345	0.9711777954796142	0.23562821425756406	0.0813989377337542
0.2174379986750297	-0.2377355194978361	0.9466798935453025	-0.1272115637593225
0.0	0.0	0.0	1.0
13	15	11
0.8014369042200852	0.18243176539407702	-0.5695767679253565	-0.037120561011742555
0.06461680852636112	0.920356733770847	0.38570494461200416	0.11753713817233537
0.5945785694798368	-0.34592247089074846	0.7258196313929305	-0.32315246837912087
0.0	0.0	0.0	1.0
14	15	12
0.9100145792127444	0.07178442781985814	-0.40831448885347377	-0.03777205723039934
-0.005895724175075934	0.9870365361829084	0.16038777494824738	0.057226437407533276
0.414534636092377	-0.14354795495420528	0.8986405984776021	-0.17112435872827644
0.0	0.0	0.0	1.0
14	16	13
0.6201969724109365	0.029422267716195154	-0.7838939501150359	-0.027380138993012854
0.07351541497125103	0.9927183184021507	0.09542368665036159	0.029079538915751577
0.7809936527806951	-0.11680977368944935	0.6135178474569316	-0.34538975523651877
0.0	0.0	0.0	1.0
15	16	14
0.8865754101319298	-0.10034269792000103	-0.4515694297951076	-0.06542463583560366
0.0991989126291931	0.9947204925543338	-0.026276318453502166	-0.02859434222947171
0.45182207422057036	-0.021499192995548675	0.8918488167911708	-0.17447612691286823
0.0	0.0	0.0	1.0
15	17	15
0.6162219163458619	-0.15442430899728504	-0.7722846568557615	0.005936392989614873
0.04995325115077619	0.9862778502979453	-0.1573551043002145	-0.06777776307812278
0.7859867001334241	0.058387584095188176	0.6154800956427207	-0.4352633219298043
0.0	0.0	0.0	1.0
36	38	16
0.6555095377965	0.1135632382024689	-0.7465993727731206	-0.38880448200424295
-0.18915799982395728	0.9818039297132813	-0.016739966003421643	0.04655798348137488
0.7311131678307392	0.15219847052292962	0.665063278273036	-0.04967560432407238
0.0	0.0	0.0	1.0
40	42	17
0.5264775817705293	0.6577313800604181	-0.5387120447049359	-0.17599762439980937
-0.4488186285089113	0.7531659868585403	0.48093948989103397	0.32593033074660505
0.7220686888597831	-0.011419893211527097	0.6917270897614964	-0.28936684105066834
0.0	0.0	0.0	1.0
40	47	18
0.849304429526617	0.23382874637896386	-0.4732929660264853	-0.5398773130012441
-0.05829172534648907	0.9326089264797259	0.3561500997469487	0.5203651304789416
0.524675369216013	-0.2748907765290505	0.8056990623750591	-0.796171952095875
0.0	0.0	0.0	1.0
40	48	19
0.9551139764119934	-0.061144524176723745	-0.2898593983033203	-0.7504315325999248
0.06609179611317369	0.9977867832759479	0.007300124254753011	0.591504413026396
0.2887715727948501	-0.026129890826562176	0.9570413375206148	-0.715623881695582
0.0	0.0	0.0	1.0
40	49	20
0.8781590386587887	-0.46402968153583446	0.11624627696770402	-1.0867244876129
0.4614385403292442	0.8857656283117418	0.049937883221194405	0.2807588642404095
-0.1261396786105326	0.009787092023804872	0.9919642048235189	-0.4608426351037441
0.0	0.0	0.0	1.0
41	49	21
0.5463100774399214	-0.7642645649349747	0.3427023864744725	-0.8610120845619055
0.7109403265887061	0.6394436310006445	0.29270398658517066	0.394252766021149
-0.44284227007780685	0.08373382231648761	0.8926810120329228	-0.46683881097548185
0.0	0.0	0.0	1.0
42	45	22
0.9983194319903499	0.0302263915710849	-0.0494436239892701	0.001955797826148577
0.01794517467202839	0.6500172738176574	0.759707463894326	0.26760257686190114
0.055102415877630394	-0.7593180533005567	0.6483824326965322	-0.38419469855186317
0.0	0.0	0.0	1.0
47	49	23
0.5823022364538262	-0.4425463994175735	0.681965264125175	0.0008946095449764385
0.5753839228914456	0.8169600686846732	0.03885152434811823	0.19721053199905755
-0.5743321350587198	0.36976852237987334	0.7303517857818415	-0.3818405251580245
0.0	0.0	0.0	1.0
