7	16	1
0.7487087534319522	-0.2540317440022028	0.6122932000086906	-0.24907376552187066
-0.012044226138195517	0.9182944162513654	0.39571485493146163	0.13614903164264835
-0.6627896734489029	-0.303649810507342	0.6844754831414639	0.06056379810228396
0.0	0.0	0.0	1.0
7	17	2
0.7366323916901095	-0.2322637455752755	0.6351583967495367	-0.2476143788142778
-0.08140792956229483	0.9018939705234541	0.4242169748959408	0.17350421146627992
-0.6713757781042714	-0.36419897680484886	0.6454562863267898	0.06454226956405407
0.0	0.0	0.0	1.0
12	20	50
0.98405997	0.17753308	-0.01039916	-0.12603437
-0.11821377	0.69670073	0.70755475	0.27354668
0.13285947	-0.69504696	0.70658206	-0.06442254
-0.00000000	-0.00000000	-0.00000000	1.00000010
13	20	3
0.9838612089353083	0.17032549783186243	-0.0548309149638579	-0.06477689357215777
-0.09603112590003936	0.7611843477503683	0.6413862108889623	0.23096275853650283
0.15098093210855265	-0.6257695788843347	0.7652563169369545	-0.04811976010481556
0.0	0.0	0.0	1.0
17	20	4
0.9553054839216446	0.08512352963181483	-0.28309995527631826	-0.01135652411226129
0.0007238574911559034	0.9569694418912168	0.290187772501542	0.10708854579016691
0.29561978519532794	-0.2774228978566552	0.914136396123974	-0.04394798405371847
0.0	0.0	0.0	1.0
34	40	5
0.998251910480998	0.028457951531558712	-0.05180035349680839	0.2848863892636474
0.0019377537430718154	0.8602162233713488	0.5099257178911555	0.15705463546144247
0.05907090374578586	-0.5091347705919248	0.8586573725599581	-0.25276513435026526
0.0	0.0	0.0	1.0
35	40	6
0.9947473908566302	0.021037577178828606	-0.10017562527862604	0.24496684331513804
0.025317802648691348	0.8976775265770428	0.4399249841869348	0.13380043599084143
0.09918033542096398	-0.44015050791372984	0.8924296822156794	-0.2181287228336044
0.0	0.0	0.0	1.0
35	41	7
0.9964362503364329	-0.007423884654889179	-0.08402237397109705	0.2227323003536466
0.04801488439939603	0.8689052900411895	0.492643800595817	0.12864126500275067
0.06935017993342159	-0.4949225321384767	0.8661651458539354	-0.3124439063097573
0.0	0.0	0.0	1.0
35	42	8
0.9978509277006171	-0.018572182906209888	-0.06283917983012403	0.2019113375086191
0.04718376305338044	0.8690949489705451	0.4923896459621048	0.11700063130585929
0.04546846837422757	-0.494296489610894	0.8681034758573349	-0.3902328697841632
0.0	0.0	0.0	1.0
35	43	9
0.9985549712866937	-0.016834672974514395	-0.05103594333865515	0.18601141061497053
0.04060364186980137	0.8584615743792072	0.5112680851797516	0.09242874363749028
0.03520538515017433	-0.5126015344560618	0.8579044921963124	-0.46822482393946846
0.0	0.0	0.0	1.0
36	40	10
0.9902374832891486	-0.009846490550062828	-0.13904270529962576	0.19627109827318287
0.054656372920867696	0.9450489234512476	0.3223279868797796	0.09975994954929045
0.128228311991172	-0.3267808550798537	0.9363609458136648	-0.18676087647201045
0.0	0.0	0.0	1.0
36	41	11
0.9921764319247337	-0.03608951012895535	-0.11951377519414265	0.17553945170659363
0.07901760609366522	0.9226882753934299	0.37736256526045603	0.09580178991560265
0.09665513977007116	-0.3838539816074997	0.9183211997084813	-0.277682211865458
0.0	0.0	0.0	1.0
36	42	12
0.9942719900049544	-0.044524009094866396	-0.09716469239317096	0.15553825144646657
0.07817976997290321	0.9228598070762921	0.3771177483908219	0.08418638952622164
0.07287859011426476	-0.38255394140824855	0.9210544719733303	-0.3543617878037468
0.0	0.0	0.0	1.0
36	43	13
0.9954624594919134	-0.041336630781233175	-0.08570805970639757	0.13973817765866228
0.07220381847507962	0.9147938883929793	0.3974153128847893	0.0607389313963131
0.061977406727124595	-0.4018004673941164	0.9136274713905067	-0.43123137196373024
0.0	0.0	0.0	1.0
36	44	14
0.9932999612105167	-0.057070071791065824	-0.10048944515329511	0.14122240042983966
0.09938749742772862	0.8655652849060119	0.49083475926536785	-0.00711699383884955
0.0589682118894735	-0.4975336101404577	0.865438035357842	-0.508157735315125
0.0	0.0	0.0	1.0
37	40	15
0.9914774479258697	-0.04444086906965502	-0.12246405240896924	0.13222248003841228
0.07182444482327041	0.9707181594904069	0.22923273680696651	0.07516016432165416
0.1086906712192664	-0.23607506777277512	0.9656370245695695	-0.14820538982053852
0.0	0.0	0.0	1.0
37	41	16
0.9925701595796378	-0.06867855734052912	-0.10043736102831992	0.11302312249035179
0.09496037559538727	0.9533475800592315	0.2865499617930237	0.0725726635333416
0.07607183126068659	-0.29395859810320535	0.9527860525736884	-0.23589685545964784
0.0	0.0	0.0	1.0
37	42	17
0.9941853735237464	-0.07492440804889378	-0.07734203626581522	0.09402225390968674
0.09412986586487662	0.9535120317122527	0.2862769473418795	0.06099226771677329
0.05229737139148125	-0.29189260366251457	0.9550202953833149	-0.31109846218045295
0.0	0.0	0.0	1.0
37	43	18
0.9952992965293309	-0.0706554151480595	-0.06623501615936975	0.07846350375137849
0.08771116805033968	0.9476031171194123	0.30717305192246425	0.03893896436531315
0.04106102389212464	-0.3115387199651532	0.9493458359071146	-0.3869134777817104
0.0	0.0	0.0	1.0
37	44	19
0.9929731700009153	-0.08771247311012602	-0.07943928906536014	0.0800831066926213
0.11256502365637965	0.9072025234261294	0.40535491163243687	-0.02534571609806723
0.036512800437785195	-0.411448753596675	0.9107011637734723	-0.462075204475289
0.0	0.0	0.0	1.0
40	46	20
0.9526392894153647	-0.07575765547981023	-0.29451504396916056	0.057656435617983615
0.17151997592355528	0.9335806494198633	0.3146553401896722	-0.1503162633162155
0.25111617218296856	-0.350268290695546	0.9023596579222994	-0.30116548880433014
0.0	0.0	0.0	1.0
41	46	21
0.9455373504499153	-0.07794966155547585	-0.3160427083583806	0.0458074776701073
0.16278022183988203	0.9540164147979049	0.251704892711925	-0.1323600697499961
0.2818897113185199	-0.28944190824531596	0.914746869252021	-0.22309166566480146
0.0	0.0	0.0	1.0
41	47	22
0.8546590120167554	-0.11349255113979898	-0.5066334830703881	0.09859191423796534
0.2316836230489201	0.9566387752760621	0.17653626353863475	-0.14269841739496686
0.4646296979673359	-0.26825700507471284	0.8438943756929286	-0.24602418014935165
0.0	0.0	0.0	1.0
42	46	23
0.9376281958747329	-0.07859634907506727	-0.3386382866035868	0.03285752371323668
0.16954454678338418	0.9537908509230654	0.24806765978472592	-0.10104435991475581
0.30349303656828097	-0.29000958529230797	0.9076268479446885	-0.15650849526484156
0.0	0.0	0.0	1.0
42	47	24
0.8421796731378928	-0.11399493547815051	-0.5270089943061751	0.07028240833915092
0.23662894988872712	0.9563854602893788	0.1712703468673771	-0.11602987725432355
0.48449988590249227	-0.26894604971150476	0.8324229772203416	-0.18223503018450563
0.0	0.0	0.0	1.0
43	46	25
0.9337933498887505	-0.09288811983725287	-0.34554561259995153	0.018223536218553216
0.17888434621236296	0.9575604833594895	0.22600477698906352	-0.0679810159665159
0.3098877885674751	-0.27285446858274565	0.910779994001165	-0.08932021643458787
0.0	0.0	0.0	1.0
43	47	26
0.8363169088545394	-0.13157736692492736	-0.5322231308444685	0.040043748843821225
0.24525964572902695	0.9580083562007476	0.1485515849001376	-0.08780249283960473
0.49032825183724155	-0.2547690531746566	0.8334693565684068	-0.11812230571272009
0.0	0.0	0.0	1.0
44	46	27
0.9379990969051883	-0.1095532625049027	-0.3288706666741001	-0.008286048038524951
0.15763198245053273	0.9797812995371781	0.12321063970471755	-0.03496082081356067
0.3087233119353199	-0.1674120325969165	0.9363030555142501	-0.02434733022773261
0.0	0.0	0.0	1.0
44	47	28
0.8427016723594096	-0.17000818152601582	-0.5108338978089381	-0.0013739074409466756
0.22454924326609993	0.9733530677406923	0.04649273510779979	-0.06056044757882062
0.4893176391547433	-0.15388688476017018	0.8584214633560163	-0.05848157675330734
0.0	0.0	0.0	1.0
44	48	29
0.738117696435623	-0.2618556175637838	-0.6217830095594375	0.039455678216449463
0.27037358923743454	0.9591726528880827	-0.08298263686713789	-0.08366165388320634
0.6181267821543918	-0.10686274484841844	0.7787811137031825	-0.0959678841937821
0.0	0.0	0.0	1.0
44	49	30
0.6807099995505987	-0.3034381197163246	-0.6667528705947011	0.11782501576167648
0.2006743206488751	0.9526007491302732	-0.22865193276207052	-0.12609344404990924
0.7045309879531426	0.021845481327141005	0.7093370168538538	-0.21214569188769694
0.0	0.0	0.0	1.0
45	49	31
0.775413455858244	-0.35213791159187807	-0.5241497541873948	0.07260988734708085
0.18799497912093527	0.9211663775180309	-0.34074950779081364	-0.11085494729309181
0.6028199925172557	0.165684244416521	0.7804849195121187	-0.15344783441172516
0.0	0.0	0.0	1.0
46	49	32
0.8910233938803741	-0.27215240224515486	-0.36333251231610925	0.10684723037811361
0.15906868742072244	0.9368006351179535	-0.3116114075388402	-0.09961097996420404
0.4251758798879306	0.2198582445605593	0.8780020658142242	-0.17955923319264744
0.0	0.0	0.0	1.0
