7	16	1
0.7487087534319522	-0.25403174400220274	0.6122932000086905	-0.24907376552187027
-0.012044226138195521	0.9182944162513654	0.3957148549314615	0.13614903164264858
-0.6627896734489029	-0.3036498105073421	0.684475483141464	0.06056379810228352
0.0	0.0	0.0	1.0
7	17	2
0.7366323916901094	-0.23226374557527557	0.6351583967495368	-0.24761437881427806
-0.08140792956229476	0.9018939705234538	0.42421697489594073	0.17350421146628003
-0.6713757781042714	-0.36419897680484903	0.64545628632679	0.06454226956405362
0.0	0.0	0.0	1.0
12	20	3
0.9840599723250062	0.1775330806759757	-0.010399164391598749	-0.1260343705087989
-0.118213774495299	0.6967007297733531	0.7075547473295798	0.2735466770212317
0.13285947302335654	-0.6950469597170779	0.7065820589153478	-0.06442254454804068
0.0	0.0	0.0	1.0
13	20	4
0.9838612089353083	0.17032549783186254	-0.0548309149638579	-0.06477689357215755
-0.0960311259000393	0.7611843477503685	0.6413862108889623	0.23096275853650283
0.1509809321085527	-0.6257695788843346	0.7652563169369545	-0.04811976010481556
0.0	0.0	0.0	1.0
17	20	5
0.9553054839216445	0.08512352963181491	-0.28309995527631826	-0.01135652411226118
0.0007238574911559201	0.9569694418912169	0.29018777250154193	0.10708854579016713
0.295619785195328	-0.2774228978566551	0.914136396123974	-0.04394798405371847
0.0	0.0	0.0	1.0
34	40	6
0.9982519104809979	0.028457951531558785	-0.05180035349680844	0.28488638926364696
0.0019377537430718432	0.860216223371349	0.5099257178911554	0.1570546354614427
0.05907090374578586	-0.5091347705919249	0.8586573725599581	-0.2527651343502653
0.0	0.0	0.0	1.0
35	40	7
0.9947473908566301	0.021037577178828672	-0.10017562527862608	0.2449668433151376
0.025317802648691375	0.8976775265770429	0.4399249841869348	0.13380043599084165
0.09918033542096398	-0.44015050791372995	0.8924296822156794	-0.21812872283360438
0.0	0.0	0.0	1.0
35	41	8
0.9964362503364329	-0.007423884654889204	-0.08402237397109695	0.22273230035364683
0.04801488439939606	0.8689052900411894	0.4926438005958169	0.1286412650027509
0.06935017993342164	-0.4949225321384768	0.8661651458539352	-0.31244390630975677
0.0	0.0	0.0	1.0
35	42	9
0.9978509277006171	-0.018572182906209864	-0.06283917983012414	0.20191133750861887
0.04718376305338046	0.8690949489705451	0.4923896459621048	0.11700063130585918
0.04546846837422756	-0.4942964896108942	0.8681034758573353	-0.39023286978416344
0.0	0.0	0.0	1.0
35	43	10
0.9985549712866939	-0.016834672974514527	-0.05103594333865489	0.18601141061497098
0.040603641869801484	0.8584615743792073	0.5112680851797513	0.09242874363749061
0.03520538515017444	-0.5126015344560618	0.8579044921963122	-0.46822482393946796
0.0	0.0	0.0	1.0
36	40	11
0.9902374832891485	-0.009846490550062766	-0.1390427052996258	0.19627109827318243
0.05465637292086773	0.9450489234512477	0.3223279868797796	0.09975994954929067
0.128228311991172	-0.3267808550798538	0.9363609458136648	-0.18676087647201042
0.0	0.0	0.0	1.0
36	41	12
0.9921764319247337	-0.036089510128955365	-0.11951377519414248	0.17553945170659385
0.07901760609366525	0.9226882753934298	0.37736256526045586	0.09580178991560276
0.09665513977007122	-0.3838539816074998	0.9183211997084811	-0.27768221186545766
0.0	0.0	0.0	1.0
36	42	13
0.9942719900049543	-0.04452400909486638	-0.09716469239317112	0.15553825144646635
0.07817976997290324	0.9228598070762921	0.3771177483908219	0.08418638952622164
0.07287859011426474	-0.3825539414082487	0.9210544719733307	-0.3543617878037468
0.0	0.0	0.0	1.0
36	43	14
0.9954624594919135	-0.041336630781233286	-0.0857080597063973	0.13973817765866228
0.0722038184750797	0.9147938883929794	0.3974153128847891	0.060738931396313436
0.061977406727124706	-0.40180046739411646	0.9136274713905065	-0.43123137196373007
0.0	0.0	0.0	1.0
36	44	15
0.9932999612105168	-0.057070071791065845	-0.10048944515329516	0.1412224004298401
0.09938749742772864	0.8655652849060119	0.4908347592653679	-0.007116993838849328
0.0589682118894735	-0.49753361014045794	0.8654380353578421	-0.508157735315125
0.0	0.0	0.0	1.0
37	40	16
0.9914774479258697	-0.04444086906965496	-0.12246405240896929	0.13222248003841183
0.07182444482327044	0.970718159490407	0.2292327368069665	0.07516016432165439
0.1086906712192664	-0.23607506777277523	0.9656370245695695	-0.1482053898205386
0.0	0.0	0.0	1.0
37	41	17
0.9925701595796378	-0.06867855734052913	-0.10043736102831977	0.11302312249035201
0.09496037559538727	0.9533475800592314	0.28654996179302367	0.07257266353334171
0.07607183126068665	-0.29395859810320546	0.9527860525736883	-0.2358968554596475
0.0	0.0	0.0	1.0
37	42	18
0.9941853735237463	-0.07492440804889376	-0.07734203626581539	0.09402225390968652
0.09412986586487665	0.9535120317122527	0.2862769473418795	0.06099226771677318
0.05229737139148124	-0.2918926036625147	0.955020295383315	-0.311098462180453
0.0	0.0	0.0	1.0
37	43	19
0.9952992965293311	-0.07065541514805958	-0.06623501615936948	0.07846350375137849
0.08771116805033977	0.9476031171194124	0.307173051922464	0.03893896436531348
0.041061023892124696	-0.31153871996515325	0.9493458359071144	-0.38691347778171015
0.0	0.0	0.0	1.0
37	44	20
0.9929731700009155	-0.08771247311012605	-0.07943928906536016	0.0800831066926213
0.11256502365637967	0.9072025234261294	0.405354911632437	-0.025345716098066896
0.03651280043778514	-0.4114487535966752	0.9107011637734724	-0.4620752044752889
0.0	0.0	0.0	1.0
40	46	21
0.9526392894153646	-0.07575765547981024	-0.2945150439691605	0.05765643561798406
0.17151997592355528	0.9335806494198633	0.3146553401896722	-0.15031626331621556
0.2511161721829684	-0.3502682906955459	0.9023596579222992	-0.30116548880433003
0.0	0.0	0.0	1.0
41	46	22
0.9455373504499153	-0.07794966155547586	-0.31604270835838055	0.045807477670107746
0.16278022183988203	0.9540164147979049	0.251704892711925	-0.13236006974999615
0.28188971131851975	-0.28944190824531596	0.9147468692520208	-0.22309166566480146
0.0	0.0	0.0	1.0
41	47	23
0.8546590120167555	-0.11349255113979899	-0.506633483070388	0.0985919142379649
0.23168362304892012	0.956638775276062	0.17653626353863472	-0.14269841739496664
0.4646296979673359	-0.26825700507471295	0.8438943756929287	-0.24602418014935165
0.0	0.0	0.0	1.0
42	46	24
0.9376281958747328	-0.07859634907506731	-0.33863828660358686	0.03285752371323712
0.16954454678338418	0.9537908509230654	0.24806765978472592	-0.10104435991475587
0.3034930365682808	-0.29000958529230797	0.9076268479446883	-0.15650849526484156
0.0	0.0	0.0	1.0
42	47	25
0.8421796731378929	-0.11399493547815052	-0.527008994306175	0.07028240833915048
0.23662894988872715	0.9563854602893787	0.1712703468673771	-0.11602987725432311
0.48449988590249227	-0.2689460497115049	0.8324229772203416	-0.18223503018450563
0.0	0.0	0.0	1.0
43	46	26
0.9337933498887504	-0.09288811983725291	-0.3455456125999516	0.01822353621855366
0.17888434621236296	0.9575604833594895	0.22600477698906352	-0.06798101596651596
0.309887788567475	-0.2728544685827457	0.9107799940011648	-0.08932021643458787
0.0	0.0	0.0	1.0
43	47	27
0.8363169088545395	-0.13157736692492739	-0.5322231308444685	0.04004374884382078
0.24525964572902698	0.9580083562007475	0.1485515849001376	-0.08780249283960428
0.49032825183724155	-0.2547690531746567	0.8334693565684068	-0.11812230571272031
0.0	0.0	0.0	1.0
44	46	28
0.9379990969051882	-0.10955326250490273	-0.32887066667410014	-0.008286048038524507
0.15763198245053273	0.9797812995371781	0.12321063970471755	-0.03496082081356072
0.3087233119353197	-0.1674120325969165	0.9363030555142499	-0.02434733022773261
0.0	0.0	0.0	1.0
44	47	29
0.8427016723594097	-0.17000818152601585	-0.510833897808938	-0.0013739074409473417
0.22454924326609996	0.9733530677406922	0.04649273510779982	-0.060560447578820176
0.4893176391547433	-0.1538868847601703	0.8584214633560163	-0.05848157675330756
0.0	0.0	0.0	1.0
44	48	30
0.7381176964356231	-0.26185561756378384	-0.6217830095594372	0.039455678216449686
0.27037358923743465	0.9591726528880828	-0.08298263686713785	-0.08366165388320629
0.618126782154392	-0.10686274484841847	0.7787811137031828	-0.09596788419378166
0.0	0.0	0.0	1.0
44	49	31
0.6807099995505985	-0.3034381197163245	-0.666752870594701	0.11782501576167626
0.2006743206488751	0.9526007491302732	-0.22865193276207052	-0.1260934440499093
0.7045309879531425	0.021845481327141005	0.7093370168538536	-0.21214569188769694
0.0	0.0	0.0	1.0
45	49	32
0.7754134558582438	-0.35213791159187796	-0.5241497541873947	0.07260988734708085
0.18799497912093524	0.9211663775180309	-0.3407495077908136	-0.11085494729309187
0.6028199925172556	0.16568424441652096	0.7804849195121187	-0.15344783441172516
0.0	0.0	0.0	1.0
46	49	33
0.891023393880374	-0.27215240224515475	-0.3633325123161092	0.10684723037811361
0.15906868742072242	0.9368006351179535	-0.3116114075388402	-0.0996109799642041
0.42517587988793054	0.21985824456055925	0.8780020658142242	-0.17955923319264744
0.0	0.0	0.0	1.0
