5	20	1
0.9915727711609682	-0.09701825216108897	-0.08585487990827034	-0.17543204923270342
0.1150245628320491	0.9642124033695837	0.23888043211949944	0.3005429831112209
0.059606666971569904	-0.24674279507863672	0.9672461373175104	-0.35011124698219676
0.0	0.0	0.0	1.0
5	23	2
0.9925717246540237	0.06732635408131976	-0.10133421708827182	-0.4493846016305129
-0.018069262377087076	0.9052630974451759	0.4244669108779323	0.38424205990332266
0.12031203322237559	-0.4194829380238789	0.8997550400246377	-0.47998037166551727
0.0	0.0	0.0	1.0
5	33	3
0.9873281489228302	-0.14229954319878735	0.07024344996389364	-0.43894200398230676
0.09606404746796904	0.8882599762386083	0.4491836499622556	0.1520058645053634
-0.1263129948946338	-0.4367438595757252	0.8906738721207569	-0.04479917288638269
0.0	0.0	0.0	1.0
5	34	4
0.9784808646991057	-0.15262002277901698	0.13886131968164944	-0.23080081386524975
0.06973925550919638	0.8779912291716564	0.4735693970162532	0.1566238796662526
-0.19419519520794748	-0.4536944723402823	0.8697411027994805	0.03990357397114144
0.0	0.0	0.0	1.0
5	43	5
0.5781155248472387	0.611317861139937	-0.5404377156564153	-0.21996431983312884
-0.32859451652291366	0.7806810226371845	0.5315664555771848	0.26538289805839077
0.7468656565619294	-0.12972204829531014	0.6521995366332247	-0.47902382953407624
0.0	0.0	0.0	1.0
5	44	6
0.5428788331384117	0.5659116594968961	-0.6205050976896705	-0.22426011469270896
-0.39473376908358915	0.8241051063997168	0.4062464109589679	0.2568741562764921
0.7412610347935898	0.024391677568006514	0.6707736213099955	-0.5230058537082435
0.0	0.0	0.0	1.0
6	21	7
0.8498009789083883	-0.3088838024354581	0.42711725346186735	-0.22392717232152998
0.1439435626273401	0.9155017542136059	0.37568188876976616	0.22732517743079453
-0.5070686585608932	-0.25777416863892355	0.8224561192418719	-0.2931399326800201
0.0	0.0	0.0	1.0
6	22	8
0.9814031329857993	-0.048277560357194424	0.18578838146439128	-0.3181729993370695
-0.035944978786446494	0.9045188857347898	0.42491607413847593	0.31990454606224233
-0.18856305948371802	-0.4236922460834708	0.8859622898242385	-0.43945379512800786
0.0	0.0	0.0	1.0
6	23	9
0.9944574718326588	-0.05240082427054484	0.09115137905414283	-0.46222750739049817
0.025844216534593463	0.9621824097967918	0.27117720561565783	0.31528463840378235
-0.10191413086742174	-0.267318599511038	0.9582037359179206	-0.4537961110783772
0.0	0.0	0.0	1.0
6	26	10
0.9993186125236128	0.03184043748448929	-0.01866876038869234	-0.4833493106004838
-0.027811086486378957	0.9820970139817093	0.18631165834134716	0.3280921831395521
0.02426673262205665	-0.18566568407129136	0.9823133668154319	-0.546334923334951
0.0	0.0	0.0	1.0
6	33	11
0.930305762024272	-0.22750748351533825	0.2877006851625298	-0.43692808795139537
0.13029985313629422	0.9382152914727259	0.32058401185179874	0.0832491823331402
-0.3428604016073682	-0.2607538898156899	0.9024712538805205	-0.015233229244004384
0.0	0.0	0.0	1.0
6	34	12
0.9078576551528069	-0.2248344193664299	0.35389839237508686	-0.22824903520113482
0.09885771270007111	0.9350528773043688	0.3404459741268306	0.08874220920331602
-0.4074576920801722	-0.2740908904315871	0.8711214281540932	0.07138769045768703
0.0	0.0	0.0	1.0
15	22	14
0.7615828530677633	-0.2961847222352743	0.5764254058022871	-0.11305912260881854
0.026138787476696786	0.9027674398955581	0.42933403101525675	0.2797753400480668
-0.6475404164003862	-0.31190638305261115	0.6952740700495509	-0.3806431782098631
0.0	0.0	0.0	1.0
15	23	15
0.8116957672438095	-0.3085493539859777	0.4959307438150111	-0.2612421524768608
0.15961027320738663	0.933936353148987	0.3198238227824732	0.27164901904178
-0.5618492812994427	-0.1804440483726823	0.807319861665945	-0.3842147440280643
0.0	0.0	0.0	1.0
15	33	16
0.6274648675982858	-0.4499578467638429	0.6354729109612698	-0.22140481161199843
0.2232725565937474	0.8858273626079292	0.40676674792924616	0.06495183384942442
-0.7459472783238456	-0.1133481877238095	0.6562888105670743	0.0036259408843567274
0.0	0.0	0.0	1.0
17	22	17
0.731961793698623	-0.29155563098790827	0.6158142726482483	0.07960310931140595
0.05091910434050501	0.9247007102235044	0.37727423721677106	0.2354093713788364
-0.6794404317045932	-0.24479360887571627	0.6916913908546276	-0.27334207655621656
0.0	0.0	0.0	1.0
17	23	18
0.783807041894084	-0.31059053125543373	0.5377545391229053	-0.07656369898269602
0.18863757459346264	0.9441048567104705	0.2703362878635012	0.21512267705617819
-0.5916606349880911	-0.11045079374538354	0.7985852190588015	-0.26889242399707664
0.0	0.0	0.0	1.0
18	22	50
0.74818858	-0.25451683	0.61272742	0.08574393
-0.06512325	0.89086702	0.44957193	0.28677585
-0.66028239	-0.37626743	0.64996154	-0.21447664
0.00000000	-0.00000000	0.00000000	1.00000000
18	23	19
0.8034932732236756	-0.26110110927341174	0.5349995956522207	-0.07770983710330634
0.07155565322857303	0.9345283995472841	0.3486205534202279	0.25573664465355456
-0.5909976083845758	-0.24183208409574655	0.7695705978323694	-0.20188081834843907
0.0	0.0	0.0	1.0
