5	20	1
0.9915727711609685	-0.097018252161089	-0.08585487990827036	-0.17543204923269987
0.11502456283204926	0.9642124033695836	0.23888043211949953	0.30054298311122446
0.05960666697156986	-0.24674279507863667	0.9672461373175105	-0.35011124698219676
0.0	0.0	0.0	1.0
5	23	2
0.9925717246540239	0.06732635408131976	-0.10133421708827181	-0.4493846016305129
-0.01806926237708699	0.9052630974451759	0.4244669108779323	0.38424205990332266
0.1203120332223755	-0.419482938023879	0.8997550400246376	-0.47998037166551905
0.0	0.0	0.0	1.0
5	33	3
0.9873281489228303	-0.14229954319878732	0.07024344996389367	-0.43894200398230676
0.09606404746796901	0.8882599762386084	0.4491836499622556	0.15200586450535986
-0.12631299489463393	-0.4367438595757251	0.8906738721207569	-0.044799172886379135
0.0	0.0	0.0	1.0
5	34	4
0.9784808646991057	-0.15262002277901704	0.13886131968164944	-0.23080081386524975
0.06973925550919646	0.8779912291716565	0.4735693970162532	0.15662387966625793
-0.19419519520794748	-0.4536944723402823	0.8697411027994805	0.03990357397113789
0.0	0.0	0.0	1.0
5	43	5
0.5781155248472386	0.611317861139937	-0.5404377156564153	-0.21996431983313594
-0.32859451652291366	0.7806810226371845	0.531566455577185	0.2653828980583899
0.7468656565619294	-0.12972204829531014	0.6521995366332247	-0.47902382953407624
0.0	0.0	0.0	1.0
5	44	6
0.5428788331384117	0.565911659496896	-0.6205050976896707	-0.22426011469271606
-0.39473376908358926	0.8241051063997167	0.4062464109589678	0.2568741562764877
0.74126103479359	0.024391677568006476	0.6707736213099956	-0.5230058537082435
0.0	0.0	0.0	1.0
6	21	7
0.849800978908388	-0.30888380243545804	0.4271172534618673	-0.22392717232153353
0.14394356262734	0.9155017542136058	0.375681888769766	0.22732517743079098
-0.5070686585608931	-0.2577741686389236	0.822456119241872	-0.29313993268001654
0.0	0.0	0.0	1.0
6	22	8
0.9814031329857995	-0.04827756035719444	0.18578838146439133	-0.31817299933706594
-0.03594497878644643	0.9045188857347898	0.42491607413847604	0.3199045460622441
-0.1885630594837181	-0.42369224608347084	0.8859622898242386	-0.43945379512801497
0.0	0.0	0.0	1.0
6	23	9
0.994457471832659	-0.05240082427054484	0.09115137905414294	-0.46222750739049817
0.025844216534593546	0.9621824097967918	0.27117720561565795	0.31528463840378235
-0.10191413086742179	-0.2673185995110381	0.9582037359179205	-0.4537961110783772
0.0	0.0	0.0	1.0
6	26	10
0.9993186125236129	0.031840437484489253	-0.01866876038869224	-0.4833493106004838
-0.027811086486378873	0.9820970139817092	0.18631165834134736	0.3280921831395503
0.02426673262205665	-0.18566568407129136	0.9823133668154318	-0.5463349233349493
0.0	0.0	0.0	1.0
6	33	11
0.9303057620242721	-0.22750748351533825	0.2877006851625298	-0.4369280879513989
0.13029985313629422	0.938215291472726	0.32058401185179886	0.08324918233313665
-0.3428604016073683	-0.26075388981568987	0.9024712538805204	-0.01523322924400083
0.0	0.0	0.0	1.0
6	34	12
0.9078576551528069	-0.22483441936642995	0.35389839237508686	-0.22824903520113304
0.0988577127000712	0.9350528773043689	0.3404459741268307	0.08874220920332135
-0.4074576920801722	-0.2740908904315871	0.8711214281540932	0.07138769045768348
0.0	0.0	0.0	1.0
15	22	13
0.7615828530677634	-0.29618472223527437	0.5764254058022872	-0.11305912260881498
0.026138787476696845	0.902767439895558	0.42933403101525686	0.2797753400480686
-0.6475404164003863	-0.3119063830526112	0.6952740700495509	-0.3806431782098702
0.0	0.0	0.0	1.0
15	23	14
0.8116957672438097	-0.30854935398597777	0.49593074381501134	-0.2612421524768608
0.1596102732073867	0.933936353148987	0.3198238227824733	0.27164901904178
-0.5618492812994428	-0.18044404837268238	0.8073198616659449	-0.3842147440280643
0.0	0.0	0.0	1.0
15	33	15
0.6274648675982859	-0.4499578467638428	0.6354729109612699	-0.22140481161200198
0.22327255659374734	0.8858273626079293	0.40676674792924616	0.06495183384942087
-0.7459472783238456	-0.1133481877238094	0.6562888105670742	0.00362594088436028
0.0	0.0	0.0	1.0
17	22	16
0.7319617936986231	-0.2915556309879083	0.6158142726482484	0.0796031093114095
0.050919104340505075	0.9247007102235044	0.3772742372167711	0.2354093713788382
-0.6794404317045933	-0.24479360887571627	0.6916913908546277	-0.27334207655622367
0.0	0.0	0.0	1.0
17	23	17
0.7838070418940842	-0.3105905312554338	0.5377545391229054	-0.07656369898269602
0.1886375745934627	0.9441048567104705	0.2703362878635013	0.21512267705617819
-0.5916606349880912	-0.11045079374538362	0.7985852190588014	-0.26889242399707664
0.0	0.0	0.0	1.0
18	22	18
0.7481885766843352	-0.25451682539115883	0.6127274224776286	0.08574392653291554
-0.06512324638142095	0.8908670182811543	0.4495719278946137	0.28677584684684365
-0.6602823923182147	-0.37626743488134307	0.6499615359656383	-0.21447664499793467
0.0	0.0	0.0	1.0
18	23	19
0.8034932732236757	-0.2611011092734118	0.5349995956522209	-0.07770983710330634
0.07155565322857309	0.9345283995472841	0.348620553420228	0.2557366446535528
-0.5909976083845758	-0.2418320840957466	0.7695705978323693	-0.20188081834843907
0.0	0.0	0.0	1.0
