0	18	66
3095.000000000000	0.000000000000	0.000000000000	0.000000000000	8761.251950000000	-2066.690190000000
0.000000000000	3095.000000000000	0.000000000000	-8761.251950000000	0.000000000000	-4076.209720000000
0.000000000000	0.000000000000	3095.000000000000	2066.690190000000	4076.209720000000	0.000000000000
0.000000000000	-8761.251950000000	2066.690190000000	26560.142599999999	2710.304690000000	11610.060500000000
8761.251950000000	0.000000000000	4076.209720000000	2710.304690000000	30550.091799999998	-5746.911620000000
-2066.690190000000	-4076.209720000000	0.000000000000	11610.060500000000	-5746.911620000000	6834.172360000000
0	22	66
1753.000000000000	0.000000000000	0.000000000000	0.000000000000	3664.653320000000	-646.731323000000
0.000000000000	1753.000000000000	0.000000000000	-3664.653320000000	0.000000000000	-684.521057000000
0.000000000000	0.000000000000	1753.000000000000	646.731323000000	684.521057000000	0.000000000000
0.000000000000	-3664.653320000000	646.731323000000	7998.154790000000	235.177902000000	1462.566650000000
3664.653320000000	0.000000000000	684.521057000000	235.177902000000	8073.024900000000	-1323.499020000000
-646.731323000000	-684.521057000000	0.000000000000	1462.566650000000	-1323.499020000000	593.582336000000
0	33	66
2921.000000000000	0.000000000000	0.000000000000	0.000000000000	6060.877930000000	-2095.675290000000
0.000000000000	2921.000000000000	0.000000000000	-6060.877930000000	0.000000000000	-841.665222000000
0.000000000000	0.000000000000	2921.000000000000	2095.675290000000	841.665222000000	0.000000000000
0.000000000000	-6060.877930000000	2095.675290000000	14291.687500000000	629.007629000000	1767.422850000000
6060.877930000000	0.000000000000	841.665222000000	629.007629000000	13169.435500000000	-4384.848140000000
-2095.675290000000	-841.665222000000	0.000000000000	1767.422850000000	-4384.848140000000	2120.902100000000
0	39	66
1405.000000000000	0.000000000000	0.000000000000	0.000000000000	3800.440920000000	-552.248779000000
0.000000000000	1405.000000000000	0.000000000000	-3800.440920000000	0.000000000000	1586.683720000000
0.000000000000	0.000000000000	1405.000000000000	552.248779000000	-1586.683720000000	0.000000000000
0.000000000000	-3800.440920000000	552.248779000000	10601.989299999999	-637.112976000000	-4327.286130000000
3800.440920000000	0.000000000000	-1586.683720000000	-637.112976000000	12186.437500000000	-1518.811400000000
-552.248779000000	1586.683720000000	0.000000000000	-4327.286130000000	-1518.811400000000	2092.059330000000
0	51	66
2887.000000000000	0.000000000000	0.000000000000	0.000000000000	7258.041020000000	-59.625225100000
0.000000000000	2887.000000000000	0.000000000000	-7258.041020000000	0.000000000000	1461.911740000000
0.000000000000	0.000000000000	2887.000000000000	59.625225100000	-1461.911740000000	0.000000000000
0.000000000000	-7258.041020000000	59.625225100000	18329.339800000002	-86.582649200000	-3678.483640000000
7258.041020000000	0.000000000000	-1461.911740000000	-86.582649200000	19250.062500000000	-138.052444000000
-59.625225100000	1461.911740000000	0.000000000000	-3678.483640000000	-138.052444000000	1034.451420000000
0	64	66
4029.000000000000	0.000000000000	0.000000000000	0.000000000000	11329.674800000001	-2740.599370000000
0.000000000000	4029.000000000000	0.000000000000	-11329.674800000001	0.000000000000	-4764.512700000000
0.000000000000	0.000000000000	4029.000000000000	2740.599370000000	4764.512700000000	0.000000000000
0.000000000000	-11329.674800000001	2740.599370000000	34158.660199999998	3236.329590000000	13436.686500000000
11329.674800000001	0.000000000000	4764.512700000000	3236.329590000000	37978.109400000001	-7568.598140000000
-2740.599370000000	-4764.512700000000	0.000000000000	13436.686500000000	-7568.598140000000	7649.607420000000
1	22	66
3225.000000000000	0.000000000000	0.000000000000	0.000000000000	6906.360350000000	-753.145813000000
0.000000000000	3225.000000000000	0.000000000000	-6906.360350000000	0.000000000000	-1139.376590000000
0.000000000000	0.000000000000	3225.000000000000	753.145813000000	1139.376590000000	0.000000000000
0.000000000000	-6906.360350000000	753.145813000000	15106.711900000000	263.180267000000	2426.475830000000
6906.360350000000	0.000000000000	1139.376590000000	263.180267000000	15360.608399999999	-1565.803100000000
-753.145813000000	-1139.376590000000	0.000000000000	2426.475830000000	-1565.803100000000	712.441223000000
1	33	66
2583.000000000000	0.000000000000	0.000000000000	0.000000000000	5048.292970000000	-1390.230100000000
0.000000000000	2583.000000000000	0.000000000000	-5048.292970000000	0.000000000000	-338.751953000000
0.000000000000	0.000000000000	2583.000000000000	1390.230100000000	338.751953000000	0.000000000000
0.000000000000	-5048.292970000000	1390.230100000000	10758.645500000001	129.064392000000	617.538940000000
5048.292970000000	0.000000000000	338.751953000000	129.064392000000	10106.625000000000	-2759.907710000000
-1390.230100000000	-338.751953000000	0.000000000000	617.538940000000	-2759.907710000000	978.024902000000
1	39	66
4082.000000000000	0.000000000000	0.000000000000	0.000000000000	11463.828100000001	-1426.416750000000
0.000000000000	4082.000000000000	0.000000000000	-11463.828100000001	0.000000000000	4897.118160000000
0.000000000000	0.000000000000	4082.000000000000	1426.416750000000	-4897.118160000000	0.000000000000
0.000000000000	-11463.828100000001	1426.416750000000	33032.117200000001	-1731.726070000000	-13809.377899999999
11463.828100000001	0.000000000000	-4897.118160000000	-1731.726070000000	38422.410199999998	-3996.619140000000
-1426.416750000000	4897.118160000000	0.000000000000	-13809.377899999999	-3996.619140000000	6564.211910000000
1	44	66
3411.000000000000	0.000000000000	0.000000000000	0.000000000000	9470.916020000001	-903.261536000000
0.000000000000	3411.000000000000	0.000000000000	-9470.916020000001	0.000000000000	4005.589110000000
0.000000000000	0.000000000000	3411.000000000000	903.261536000000	-4005.589110000000	0.000000000000
0.000000000000	-9470.916020000001	903.261536000000	26854.318400000000	-1119.885860000000	-11221.293900000001
9470.916020000001	0.000000000000	-4005.589110000000	-1119.885860000000	31345.476600000002	-2557.886230000000
-903.261536000000	4005.589110000000	0.000000000000	-11221.293900000001	-2557.886230000000	5143.938960000000
1	51	66
2374.000000000000	0.000000000000	0.000000000000	0.000000000000	5993.910640000000	148.791840000000
0.000000000000	2374.000000000000	0.000000000000	-5993.910640000000	0.000000000000	1315.642580000000
0.000000000000	0.000000000000	2374.000000000000	-148.791840000000	-1315.642580000000	0.000000000000
0.000000000000	-5993.910640000000	-148.791840000000	15230.150400000000	12.095636400000	-3372.991210000000
5993.910640000000	0.000000000000	-1315.642580000000	12.095636400000	16241.473599999999	380.430145000000
148.791840000000	1315.642580000000	0.000000000000	-3372.991210000000	380.430145000000	1113.779300000000
1	64	66
3823.000000000000	0.000000000000	0.000000000000	0.000000000000	9973.290040000000	-2660.405030000000
0.000000000000	3823.000000000000	0.000000000000	-9973.290040000000	0.000000000000	-4539.162110000000
0.000000000000	0.000000000000	3823.000000000000	2660.405030000000	4539.162110000000	0.000000000000
0.000000000000	-9973.290040000000	2660.405030000000	28117.863300000001	3137.848140000000	11925.978499999999
9973.290040000000	0.000000000000	4539.162110000000	3137.848140000000	31747.275399999999	-6859.390140000000
-2660.405030000000	-4539.162110000000	0.000000000000	11925.978499999999	-6859.390140000000	7396.366210000000
2	21	66
3622.000000000000	0.000000000000	0.000000000000	0.000000000000	8021.749510000000	-1433.489010000000
0.000000000000	3622.000000000000	0.000000000000	-8021.749510000000	0.000000000000	-2221.483400000000
0.000000000000	0.000000000000	3622.000000000000	1433.489010000000	2221.483400000000	0.000000000000
0.000000000000	-8021.749510000000	1433.489010000000	18658.859400000001	899.831299000000	4857.774410000000
8021.749510000000	0.000000000000	2221.483400000000	899.831299000000	19438.630900000000	-3044.948970000000
-1433.489010000000	-2221.483400000000	0.000000000000	4857.774410000000	-3044.948970000000	2149.472410000000
2	51	66
3078.000000000000	0.000000000000	0.000000000000	0.000000000000	8260.888670000000	-678.293945000000
0.000000000000	3078.000000000000	0.000000000000	-8260.888670000000	0.000000000000	-507.245911000000
0.000000000000	0.000000000000	3078.000000000000	678.293945000000	507.245911000000	0.000000000000
0.000000000000	-8260.888670000000	678.293945000000	22496.322300000000	48.513568900000	1186.229980000000
8260.888670000000	0.000000000000	507.245911000000	48.513568900000	22727.435500000000	-1835.100590000000
-678.293945000000	-507.245911000000	0.000000000000	1186.229980000000	-1835.100590000000	631.624512000000
4	49	66
5000.000000000000	0.000000000000	0.000000000000	0.000000000000	15214.958000000001	-3281.844730000000
0.000000000000	5000.000000000000	0.000000000000	-15214.958000000001	0.000000000000	-5867.562500000000
0.000000000000	0.000000000000	5000.000000000000	3281.844730000000	5867.562500000000	0.000000000000
0.000000000000	-15214.958000000001	3281.844730000000	49022.722699999998	3783.793700000000	17983.605500000001
15214.958000000001	0.000000000000	5867.562500000000	3783.793700000000	53787.886700000003	-9785.583979999999
-3281.844730000000	-5867.562500000000	0.000000000000	17983.605500000001	-9785.583979999999	9476.375980000001
6	51	66
3106.000000000000	0.000000000000	0.000000000000	0.000000000000	8172.820310000000	-584.500305000000
0.000000000000	3106.000000000000	0.000000000000	-8172.820310000000	0.000000000000	-1773.505000000000
0.000000000000	0.000000000000	3106.000000000000	584.500305000000	1773.505000000000	0.000000000000
0.000000000000	-8172.820310000000	584.500305000000	21876.277300000002	312.909424000000	4453.312010000000
8172.820310000000	0.000000000000	1773.505000000000	312.909424000000	23009.234400000001	-1536.097410000000
-584.500305000000	-1773.505000000000	0.000000000000	4453.312010000000	-1536.097410000000	1428.227910000000
8	34	66
4048.000000000000	0.000000000000	0.000000000000	0.000000000000	7120.094240000000	-1707.810180000000
0.000000000000	4048.000000000000	0.000000000000	-7120.094240000000	0.000000000000	-24.456516300000
0.000000000000	0.000000000000	4048.000000000000	1707.810180000000	24.456516300000	0.000000000000
0.000000000000	-7120.094240000000	1707.810180000000	13507.659200000000	-94.142089800000	-107.772720000000
7120.094240000000	0.000000000000	24.456516300000	-94.142089800000	13017.034200000000	-3030.582520000000
-1707.810180000000	-24.456516300000	0.000000000000	-107.772720000000	-3030.582520000000	1174.352420000000
8	53	66
4143.000000000000	0.000000000000	0.000000000000	0.000000000000	13823.571300000000	-92.755600000000
0.000000000000	4143.000000000000	0.000000000000	-13823.571300000000	0.000000000000	-4375.559080000000
0.000000000000	0.000000000000	4143.000000000000	92.755600000000	4375.559080000000	0.000000000000
0.000000000000	-13823.571300000000	92.755600000000	46775.410199999998	497.613556000000	14474.152300000000
13823.571300000000	0.000000000000	4375.559080000000	497.613556000000	52299.175799999997	-329.504639000000
-92.755600000000	-4375.559080000000	0.000000000000	14474.152300000000	-329.504639000000	6721.842770000000
9	54	66
5000.000000000000	0.000000000000	0.000000000000	0.000000000000	15368.433600000000	-1889.776490000000
0.000000000000	5000.000000000000	0.000000000000	-15368.433600000000	0.000000000000	-5436.644530000000
0.000000000000	0.000000000000	5000.000000000000	1889.776490000000	5436.644530000000	0.000000000000
0.000000000000	-15368.433600000000	1889.776490000000	48437.500000000000	2015.806520000000	16561.503900000000
15368.433600000000	0.000000000000	5436.644530000000	2015.806520000000	54443.414100000002	-5778.750980000000
-1889.776490000000	-5436.644530000000	0.000000000000	16561.503900000000	-5778.750980000000	7485.772950000000
10	13	66
5000.000000000000	0.000000000000	0.000000000000	0.000000000000	12359.590800000000	293.662354000000
0.000000000000	5000.000000000000	0.000000000000	-12359.590800000000	0.000000000000	-5564.085450000000
0.000000000000	0.000000000000	5000.000000000000	-293.662354000000	5564.085450000000	0.000000000000
0.000000000000	-12359.590800000000	-293.662354000000	31245.568400000000	-404.990173000000	13982.230500000000
12359.590800000000	0.000000000000	5564.085450000000	-404.990173000000	37646.078099999999	936.266052000000
293.662354000000	-5564.085450000000	0.000000000000	13982.230500000000	936.266052000000	6585.686520000000
11	13	66
2520.000000000000	0.000000000000	0.000000000000	0.000000000000	5748.491700000000	-579.493652000000
0.000000000000	2520.000000000000	0.000000000000	-5748.491700000000	0.000000000000	-2700.447020000000
0.000000000000	0.000000000000	2520.000000000000	579.493652000000	2700.447020000000	0.000000000000
0.000000000000	-5748.491700000000	579.493652000000	13674.543900000001	567.412842000000	6430.777340000000
5748.491700000000	0.000000000000	2700.447020000000	567.412842000000	16708.304700000001	-1233.853640000000
-579.493652000000	-2700.447020000000	0.000000000000	6430.777340000000	-1233.853640000000	3341.685060000000
11	56	66
5000.000000000000	0.000000000000	0.000000000000	0.000000000000	11385.865200000000	-1551.756590000000
0.000000000000	5000.000000000000	0.000000000000	-11385.865200000000	0.000000000000	-4513.622560000000
0.000000000000	0.000000000000	5000.000000000000	1551.756590000000	4513.622560000000	0.000000000000
0.000000000000	-11385.865200000000	1551.756590000000	27509.808600000000	1108.309570000000	10698.716800000000
11385.865200000000	0.000000000000	4513.622560000000	1108.309570000000	31623.330099999999	-3387.459230000000
-1551.756590000000	-4513.622560000000	0.000000000000	10698.716800000000	-3387.459230000000	5490.933590000000
12	14	66
5000.000000000000	0.000000000000	0.000000000000	0.000000000000	9946.333010000000	-4579.999020000000
0.000000000000	5000.000000000000	0.000000000000	-9946.333010000000	0.000000000000	-5087.762700000000
0.000000000000	0.000000000000	5000.000000000000	4579.999020000000	5087.762700000000	0.000000000000
0.000000000000	-9946.333010000000	4579.999020000000	25567.455099999999	4814.710940000000	10531.428700000000
9946.333010000000	0.000000000000	5087.762700000000	4814.710940000000	26776.804700000001	-8843.135740000000
-4579.999020000000	-5087.762700000000	0.000000000000	10531.428700000000	-8843.135740000000	10250.059600000001
13	53	66
4058.000000000000	0.000000000000	0.000000000000	0.000000000000	7805.162110000000	-1514.293700000000
0.000000000000	4058.000000000000	0.000000000000	-7805.162110000000	0.000000000000	2218.393800000000
0.000000000000	0.000000000000	4058.000000000000	1514.293700000000	-2218.393800000000	0.000000000000
0.000000000000	-7805.162110000000	1514.293700000000	15834.039100000000	-807.510681000000	-4348.840820000000
7805.162110000000	0.000000000000	-2218.393800000000	-807.510681000000	16627.831999999999	-2858.540530000000
-1514.293700000000	2218.393800000000	0.000000000000	-4348.840820000000	-2858.540530000000	1949.822630000000
13	58	66
2427.000000000000	0.000000000000	0.000000000000	0.000000000000	7091.268550000000	-2178.996090000000
0.000000000000	2427.000000000000	0.000000000000	-7091.268550000000	0.000000000000	-3002.514890000000
0.000000000000	0.000000000000	2427.000000000000	2178.996090000000	3002.514890000000	0.000000000000
0.000000000000	-7091.268550000000	2178.996090000000	22851.298800000000	2677.930420000000	8863.560550000000
7091.268550000000	0.000000000000	3002.514890000000	2677.930420000000	24701.263700000000	-6332.479980000000
-2178.996090000000	-3002.514890000000	0.000000000000	8863.560550000000	-6332.479980000000	5776.589840000000
14	18	66
5000.000000000000	0.000000000000	0.000000000000	0.000000000000	11321.564500000000	-6329.463870000000
0.000000000000	5000.000000000000	0.000000000000	-11321.564500000000	0.000000000000	-5286.352540000000
0.000000000000	0.000000000000	5000.000000000000	6329.463870000000	5286.352540000000	0.000000000000
0.000000000000	-11321.564500000000	6329.463870000000	34554.285199999998	6662.956050000000	12054.978499999999
11321.564500000000	0.000000000000	5286.352540000000	6662.956050000000	32368.111300000000	-14403.833000000001
-6329.463870000000	-5286.352540000000	0.000000000000	12054.978499999999	-14403.833000000001	13977.715800000000
14	61	66
2941.000000000000	0.000000000000	0.000000000000	0.000000000000	6130.766110000000	-3842.756590000000
0.000000000000	2941.000000000000	0.000000000000	-6130.766110000000	0.000000000000	-4039.450680000000
0.000000000000	0.000000000000	2941.000000000000	3842.756590000000	4039.450680000000	0.000000000000
0.000000000000	-6130.766110000000	3842.756590000000	18126.599600000001	5276.644530000000	8436.383790000000
6130.766110000000	0.000000000000	4039.450680000000	5276.644530000000	18674.902300000002	-7984.466800000000
-3842.756590000000	-4039.450680000000	0.000000000000	8436.383790000000	-7984.466800000000	10594.870100000000
14	62	66
5000.000000000000	0.000000000000	0.000000000000	0.000000000000	10146.562500000000	-6405.673340000000
0.000000000000	5000.000000000000	0.000000000000	-10146.562500000000	0.000000000000	-6026.141600000000
0.000000000000	0.000000000000	5000.000000000000	6405.673340000000	6026.141600000000	0.000000000000
0.000000000000	-10146.562500000000	6405.673340000000	29669.464800000002	7699.591310000000	12342.252899999999
10146.562500000000	0.000000000000	6026.141600000000	7699.591310000000	28835.296900000001	-13043.635700000001
-6405.673340000000	-6026.141600000000	0.000000000000	12342.252899999999	-13043.635700000001	15684.064500000000
16	57	66
2919.000000000000	0.000000000000	0.000000000000	0.000000000000	9229.767580000000	-3360.719730000000
0.000000000000	2919.000000000000	0.000000000000	-9229.767580000000	0.000000000000	-646.070984000000
0.000000000000	0.000000000000	2919.000000000000	3360.719730000000	646.070984000000	0.000000000000
0.000000000000	-9229.767580000000	3360.719730000000	33729.035199999998	595.195740000000	1718.108640000000
9229.767580000000	0.000000000000	646.070984000000	595.195740000000	30536.691400000000	-10868.433600000000
-3360.719730000000	-646.070984000000	0.000000000000	1718.108640000000	-10868.433600000000	4884.221190000000
16	61	66
4903.000000000000	0.000000000000	0.000000000000	0.000000000000	16033.361300000000	-3621.188720000000
0.000000000000	4903.000000000000	0.000000000000	-16033.361300000000	0.000000000000	-5415.064450000000
0.000000000000	0.000000000000	4903.000000000000	3621.188720000000	5415.064450000000	0.000000000000
0.000000000000	-16033.361300000000	3621.188720000000	55963.367200000001	3575.797360000000	17748.781200000001
16033.361300000000	0.000000000000	5415.064450000000	3575.797360000000	59128.355499999998	-11828.636699999999
-3621.188720000000	-5415.064450000000	0.000000000000	17748.781200000001	-11828.636699999999	9896.115229999999
16	63	66
1025.000000000000	0.000000000000	0.000000000000	0.000000000000	3196.131100000000	-660.334839000000
0.000000000000	1025.000000000000	0.000000000000	-3196.131100000000	0.000000000000	-1019.358400000000
0.000000000000	0.000000000000	1025.000000000000	660.334839000000	1019.358400000000	0.000000000000
0.000000000000	-3196.131100000000	660.334839000000	10767.942400000000	570.250977000000	3236.319580000000
3196.131100000000	0.000000000000	1019.358400000000	570.250977000000	11323.510700000001	-2087.836180000000
-660.334839000000	-1019.358400000000	0.000000000000	3236.319580000000	-2087.836180000000	1780.907350000000
16	64	66
1532.000000000000	0.000000000000	0.000000000000	0.000000000000	4312.114260000000	-1056.572880000000
0.000000000000	1532.000000000000	0.000000000000	-4312.114260000000	0.000000000000	-1881.781740000000
0.000000000000	0.000000000000	1532.000000000000	1056.572880000000	1881.781740000000	0.000000000000
0.000000000000	-4312.114260000000	1056.572880000000	13069.149400000000	1306.907350000000	5346.743650000000
4312.114260000000	0.000000000000	1881.781740000000	1306.907350000000	14691.172900000000	-3017.286870000000
-1056.572880000000	-1881.781740000000	0.000000000000	5346.743650000000	-3017.286870000000	3190.960940000000
17	58	66
2663.000000000000	0.000000000000	0.000000000000	0.000000000000	7898.396480000000	-3273.329590000000
0.000000000000	2663.000000000000	0.000000000000	-7898.396480000000	0.000000000000	-1849.660160000000
0.000000000000	0.000000000000	2663.000000000000	3273.329590000000	1849.660160000000	0.000000000000
0.000000000000	-7898.396480000000	3273.329590000000	27608.896499999999	2305.664310000000	5512.003910000000
7898.396480000000	0.000000000000	1849.660160000000	2305.664310000000	24862.400399999999	-9732.689450000000
-3273.329590000000	-1849.660160000000	0.000000000000	5512.003910000000	-9732.689450000000	5471.736820000000
17	61	66
2730.000000000000	0.000000000000	0.000000000000	0.000000000000	8900.637699999999	-3307.789790000000
0.000000000000	2730.000000000000	0.000000000000	-8900.637699999999	0.000000000000	-2349.801760000000
0.000000000000	0.000000000000	2730.000000000000	3307.789790000000	2349.801760000000	0.000000000000
0.000000000000	-8900.637699999999	3307.789790000000	33255.285199999998	2840.070800000000	7712.998540000000
8900.637699999999	0.000000000000	2349.801760000000	2840.070800000000	31176.955099999999	-10789.818400000000
-3307.789790000000	-2349.801760000000	0.000000000000	7712.998540000000	-10789.818400000000	6190.874020000000
18	56	66
5000.000000000000	0.000000000000	0.000000000000	0.000000000000	12790.699199999999	-3413.278560000000
0.000000000000	5000.000000000000	0.000000000000	-12790.699199999999	0.000000000000	3756.363040000000
0.000000000000	0.000000000000	5000.000000000000	3413.278560000000	-3756.363040000000	0.000000000000
0.000000000000	-12790.699199999999	3413.278560000000	35317.988299999997	-2561.042240000000	-9596.084960000000
12790.699199999999	0.000000000000	-3756.363040000000	-2561.042240000000	36094.347699999998	-8667.966800000000
-3413.278560000000	3756.363040000000	0.000000000000	-9596.084960000000	-8667.966800000000	5482.338380000000
18	57	66
5000.000000000000	0.000000000000	0.000000000000	0.000000000000	14291.239299999999	-2754.901610000000
0.000000000000	5000.000000000000	0.000000000000	-14291.239299999999	0.000000000000	4220.849610000000
0.000000000000	0.000000000000	5000.000000000000	2754.901610000000	-4220.849610000000	0.000000000000
0.000000000000	-14291.239299999999	2754.901610000000	43227.070299999999	-2402.637940000000	-12234.046899999999
14291.239299999999	0.000000000000	-4220.849610000000	-2402.637940000000	45587.796900000001	-7698.346680000000
-2754.901610000000	4220.849610000000	0.000000000000	-12234.046899999999	-7698.346680000000	5784.519040000000
18	58	66
5000.000000000000	0.000000000000	0.000000000000	0.000000000000	15096.946300000000	-2397.524410000000
0.000000000000	5000.000000000000	0.000000000000	-15096.946300000000	0.000000000000	4521.178710000000
0.000000000000	0.000000000000	5000.000000000000	2397.524410000000	-4521.178710000000	0.000000000000
0.000000000000	-15096.946300000000	2397.524410000000	47281.578099999999	-2331.860840000000	-13679.122100000001
15096.946300000000	0.000000000000	-4521.178710000000	-2331.860840000000	50608.152300000002	-7189.760740000000
-2397.524410000000	4521.178710000000	0.000000000000	-13679.122100000001	-7189.760740000000	6008.742680000000
21	25	66
5000.000000000000	0.000000000000	0.000000000000	0.000000000000	16153.040999999999	-598.622192000000
0.000000000000	5000.000000000000	0.000000000000	-16153.040999999999	0.000000000000	-5907.458500000000
0.000000000000	0.000000000000	5000.000000000000	598.622192000000	5907.458500000000	0.000000000000
0.000000000000	-16153.040999999999	598.622192000000	53272.847699999998	708.558411000000	19095.820299999999
16153.040999999999	0.000000000000	5907.458500000000	708.558411000000	59470.835899999998	-1801.798950000000
-598.622192000000	-5907.458500000000	0.000000000000	19095.820299999999	-1801.798950000000	8058.118160000000
21	32	66
3968.000000000000	0.000000000000	0.000000000000	0.000000000000	11583.418000000000	-1311.949580000000
0.000000000000	3968.000000000000	0.000000000000	-11583.418000000000	0.000000000000	-4607.350590000000
0.000000000000	0.000000000000	3968.000000000000	1311.949580000000	4607.350590000000	0.000000000000
0.000000000000	-11583.418000000000	1311.949580000000	34950.703099999999	1466.762820000000	13596.074199999999
11583.418000000000	0.000000000000	4607.350590000000	1466.762820000000	39773.054700000001	-3607.963130000000
-1311.949580000000	-4607.350590000000	0.000000000000	13596.074199999999	-3607.963130000000	6380.312990000000
22	25	66
5000.000000000000	0.000000000000	0.000000000000	0.000000000000	15932.630900000000	-2285.753420000000
0.000000000000	5000.000000000000	0.000000000000	-15932.630900000000	0.000000000000	-4233.381840000000
0.000000000000	0.000000000000	5000.000000000000	2285.753420000000	4233.381840000000	0.000000000000
0.000000000000	-15932.630900000000	2285.753420000000	52699.277300000002	2012.174800000000	13474.780300000000
15932.630900000000	0.000000000000	4233.381840000000	2012.174800000000	55077.667999999998	-7141.472170000000
-2285.753420000000	-4233.381840000000	0.000000000000	13474.780300000000	-7141.472170000000	5747.564450000000
22	27	66
5000.000000000000	0.000000000000	0.000000000000	0.000000000000	15633.152300000000	-2116.155520000000
0.000000000000	5000.000000000000	0.000000000000	-15633.152300000000	0.000000000000	-5401.710940000000
0.000000000000	0.000000000000	5000.000000000000	2116.155520000000	5401.710940000000	0.000000000000
0.000000000000	-15633.152300000000	2116.155520000000	50931.875000000000	2585.004640000000	16830.488300000001
15633.152300000000	0.000000000000	5401.710940000000	2585.004640000000	55328.757799999999	-6316.453610000000
-2116.155520000000	-5401.710940000000	0.000000000000	16830.488300000001	-6316.453610000000	7877.699220000000
22	32	66
5000.000000000000	0.000000000000	0.000000000000	0.000000000000	15290.677700000000	-2621.582520000000
0.000000000000	5000.000000000000	0.000000000000	-15290.677700000000	0.000000000000	-4591.788570000000
0.000000000000	0.000000000000	5000.000000000000	2621.582520000000	4591.788570000000	0.000000000000
0.000000000000	-15290.677700000000	2621.582520000000	49060.082000000002	2471.786620000000	14151.742200000001
15290.677700000000	0.000000000000	4591.788570000000	2471.786620000000	52008.082000000002	-7743.837400000000
-2621.582520000000	-4591.788570000000	0.000000000000	14151.742200000001	-7743.837400000000	6590.545900000000
22	48	66
3271.000000000000	0.000000000000	0.000000000000	0.000000000000	6519.772950000000	-2030.263790000000
0.000000000000	3271.000000000000	0.000000000000	-6519.772950000000	0.000000000000	229.541214000000
0.000000000000	0.000000000000	3271.000000000000	2030.263790000000	-229.541214000000	0.000000000000
0.000000000000	-6519.772950000000	2030.263790000000	14730.698200000001	-39.036865200000	-191.110855000000
6519.772950000000	0.000000000000	-229.541214000000	-39.036865200000	13842.893599999999	-4190.356930000000
-2030.263790000000	229.541214000000	0.000000000000	-191.110855000000	-4190.356930000000	1775.824710000000
23	28	66
5000.000000000000	0.000000000000	0.000000000000	0.000000000000	13624.252000000000	-6950.806150000000
0.000000000000	5000.000000000000	0.000000000000	-13624.252000000000	0.000000000000	-5957.137210000000
0.000000000000	0.000000000000	5000.000000000000	6950.806150000000	5957.137210000000	0.000000000000
0.000000000000	-13624.252000000000	6950.806150000000	47811.964800000002	8272.689450000000	16358.318400000000
13624.252000000000	0.000000000000	5957.137210000000	8272.689450000000	45374.968800000002	-18855.119100000000
-6950.806150000000	-5957.137210000000	0.000000000000	16358.318400000000	-18855.119100000000	17055.500000000000
23	31	66
5000.000000000000	0.000000000000	0.000000000000	0.000000000000	12549.573200000001	-7083.805660000000
0.000000000000	5000.000000000000	0.000000000000	-12549.573200000001	0.000000000000	-5802.390140000000
0.000000000000	0.000000000000	5000.000000000000	7083.805660000000	5802.390140000000	0.000000000000
0.000000000000	-12549.573200000001	7083.805660000000	41947.210899999998	8226.085940000001	14707.738300000001
12549.573200000001	0.000000000000	5802.390140000000	8226.085940000001	38920.406300000002	-17780.119100000000
-7083.805660000000	-5802.390140000000	0.000000000000	14707.738300000001	-17780.119100000000	17045.656299999999
35	39	66
5000.000000000000	0.000000000000	0.000000000000	0.000000000000	9930.100590000000	-2389.187990000000
0.000000000000	5000.000000000000	0.000000000000	-9930.100590000000	0.000000000000	5593.892090000000
0.000000000000	0.000000000000	5000.000000000000	2389.187990000000	-5593.892090000000	0.000000000000
0.000000000000	-9930.100590000000	2389.187990000000	21477.054700000001	-2673.238040000000	-11247.580099999999
9930.100590000000	0.000000000000	-5593.892090000000	-2673.238040000000	26740.679700000001	-4577.516110000000
-2389.187990000000	5593.892090000000	0.000000000000	-11247.580099999999	-4577.516110000000	7916.371090000000
35	51	66
5000.000000000000	0.000000000000	0.000000000000	0.000000000000	14580.360400000000	1081.055300000000
0.000000000000	5000.000000000000	0.000000000000	-14580.360400000000	0.000000000000	4839.427730000000
0.000000000000	0.000000000000	5000.000000000000	-1081.055300000000	-4839.427730000000	0.000000000000
0.000000000000	-14580.360400000000	-1081.055300000000	45182.570299999999	1041.710330000000	-15301.198200000001
14580.360400000000	0.000000000000	-4839.427730000000	1041.710330000000	50369.636700000003	3428.111080000000
1081.055300000000	4839.427730000000	0.000000000000	-15301.198200000001	3428.111080000000	6506.453130000000
35	52	66
4776.000000000000	0.000000000000	0.000000000000	0.000000000000	14254.323200000001	223.276749000000
0.000000000000	4776.000000000000	0.000000000000	-14254.323200000001	0.000000000000	6094.460450000000
0.000000000000	0.000000000000	4776.000000000000	-223.276749000000	-6094.460450000000	0.000000000000
0.000000000000	-14254.323200000001	-223.276749000000	43812.007799999999	76.404151900000	-18424.287100000001
14254.323200000001	0.000000000000	-6094.460450000000	76.404151900000	51835.136700000003	931.684509000000
223.276749000000	6094.460450000000	0.000000000000	-18424.287100000001	931.684509000000	8612.506840000000
39	48	66
5000.000000000000	0.000000000000	0.000000000000	0.000000000000	9736.272460000000	-2622.973630000000
0.000000000000	5000.000000000000	0.000000000000	-9736.272460000000	0.000000000000	367.723907000000
0.000000000000	0.000000000000	5000.000000000000	2622.973630000000	-367.723907000000	0.000000000000
0.000000000000	-9736.272460000000	2622.973630000000	20943.714800000002	-270.686829000000	-377.919098000000
9736.272460000000	0.000000000000	-367.723907000000	-270.686829000000	20565.287100000001	-4967.713380000000
-2622.973630000000	367.723907000000	0.000000000000	-377.919098000000	-4967.713380000000	2750.953120000000
43	48	66
5000.000000000000	0.000000000000	0.000000000000	0.000000000000	10407.086900000000	-4211.703130000000
0.000000000000	5000.000000000000	0.000000000000	-10407.086900000000	0.000000000000	-5478.804690000000
0.000000000000	0.000000000000	5000.000000000000	4211.703130000000	5478.804690000000	0.000000000000
0.000000000000	-10407.086900000000	4211.703130000000	25475.339800000002	4620.640140000000	11417.834999999999
10407.086900000000	0.000000000000	5478.804690000000	4620.640140000000	28063.902300000002	-8740.728520000001
-4211.703130000000	-5478.804690000000	0.000000000000	11417.834999999999	-8740.728520000001	9931.518550000001
49	51	66
4073.000000000000	0.000000000000	0.000000000000	0.000000000000	10721.345700000000	3145.782230000000
0.000000000000	4073.000000000000	0.000000000000	-10721.345700000000	0.000000000000	-422.220917000000
0.000000000000	0.000000000000	4073.000000000000	-3145.782230000000	422.220917000000	0.000000000000
0.000000000000	-10721.345700000000	-3145.782230000000	32443.039100000002	160.921890000000	161.402084000000
10721.345700000000	0.000000000000	422.220917000000	160.921890000000	30336.083999999999	9005.487300000001
3145.782230000000	-422.220917000000	0.000000000000	161.402084000000	9005.487300000001	3718.638920000000
54	56	66
5000.000000000000	0.000000000000	0.000000000000	0.000000000000	11486.520500000001	-2788.890140000000
0.000000000000	5000.000000000000	0.000000000000	-11486.520500000001	0.000000000000	-5254.606450000000
0.000000000000	0.000000000000	5000.000000000000	2788.890140000000	5254.606450000000	0.000000000000
0.000000000000	-11486.520500000001	2788.890140000000	28953.978500000001	2898.306880000000	12287.663100000000
11486.520500000001	0.000000000000	5254.606450000000	2898.306880000000	33325.636700000003	-6328.634770000000
-2788.890140000000	-5254.606450000000	0.000000000000	12287.663100000000	-6328.634770000000	7546.301760000000
57	59	66
3862.000000000000	0.000000000000	0.000000000000	0.000000000000	11298.597700000000	-1053.704830000000
0.000000000000	3862.000000000000	0.000000000000	-11298.597700000000	0.000000000000	-5080.266110000000
0.000000000000	0.000000000000	3862.000000000000	1053.704830000000	5080.266110000000	0.000000000000
0.000000000000	-11298.597700000000	1053.704830000000	33914.667999999998	1383.060060000000	14841.872100000001
11298.597700000000	0.000000000000	5080.266110000000	1383.060060000000	40165.359400000001	-2876.080570000000
-1053.704830000000	-5080.266110000000	0.000000000000	14841.872100000001	-2876.080570000000	7246.064940000000
57	60	66
4245.000000000000	0.000000000000	0.000000000000	0.000000000000	11584.964800000000	-1636.921260000000
0.000000000000	4245.000000000000	0.000000000000	-11584.964800000000	0.000000000000	-5477.248540000000
0.000000000000	0.000000000000	4245.000000000000	1636.921260000000	5477.248540000000	0.000000000000
0.000000000000	-11584.964800000000	1636.921260000000	32871.652300000002	2093.193120000000	14988.467800000000
11584.964800000000	0.000000000000	5477.248540000000	2093.193120000000	39228.085899999998	-4237.703610000000
-1636.921260000000	-5477.248540000000	0.000000000000	14988.467800000000	-4237.703610000000	7889.227050000000
57	62	66
5000.000000000000	0.000000000000	0.000000000000	0.000000000000	12096.665000000001	-2457.061040000000
0.000000000000	5000.000000000000	0.000000000000	-12096.665000000001	0.000000000000	-4770.124020000000
0.000000000000	0.000000000000	5000.000000000000	2457.061040000000	4770.124020000000	0.000000000000
0.000000000000	-12096.665000000001	2457.061040000000	31208.408200000002	2227.962650000000	11836.410200000000
12096.665000000001	0.000000000000	4770.124020000000	2227.962650000000	34839.625000000000	-5778.679200000000
-2457.061040000000	-4770.124020000000	0.000000000000	11836.410200000000	-5778.679200000000	6241.067870000000
60	64	66
3573.000000000000	0.000000000000	0.000000000000	0.000000000000	5870.295410000000	-1225.976930000000
0.000000000000	3573.000000000000	0.000000000000	-5870.295410000000	0.000000000000	-3181.656010000000
0.000000000000	0.000000000000	3573.000000000000	1225.976930000000	3181.656010000000	0.000000000000
0.000000000000	-5870.295410000000	1225.976930000000	10734.996100000000	953.048035000000	5248.045900000000
5870.295410000000	0.000000000000	3181.656010000000	953.048035000000	12684.955099999999	-2035.729000000000
-1225.976930000000	-3181.656010000000	0.000000000000	5248.045900000000	-2035.729000000000	3847.364010000000
