0	18	1
-0.18929032784799998	0.37052365706699997	-0.909332476211	0.251897034425
-0.28702781869200006	0.8647456185790001	0.412105682696	-1.18820286397
0.939037850631	0.33901060415000006	-0.057339241200000016	3.4117355194520003
0.0	0.0	0.0	1.0
0	22	2
-0.395970753536	0.361771854317	-0.8439973653349999	1.2005703763989999
-0.227847975605	0.851669103815	0.471958187443	-0.785319806846
0.889550085083	0.37918444988	-0.25480946006300004	2.074024303298
0.0	0.0	0.0	1.0
0	33	3
-0.134261746199	0.5394146771889999	-0.831271123514	0.7604734652549999
-0.358707915972	0.755519540909	0.548196694729	-0.1665077045710001
0.9237468714429999	0.371784290557	0.09205309734199998	0.472112097431
0.0	0.0	0.0	1.0
0	39	4
0.864243976161	-0.192570605646	0.46476445817599993	0.9884486346360001
0.15439877065500002	0.980784109318	0.11926725716	-0.2055160521870001
-0.478800354955	-0.03131939375800002	0.877368997139	0.5549065940670002
0.0	0.0	0.0	1.0
0	51	5
0.856281069691	-0.05897013741400001	0.5131360544010001	-0.6259188507069999
0.10337165941899998	0.992926630858	-0.05839468801099997	-0.3462977546169999
-0.506063428054	0.103044022974	0.8563240315489999	1.217700826487
0.0	0.0	0.0	1.0
0	64	6
-0.938969507539	0.253834617063	-0.232185454688	-1.797078820602
0.017951005588000033	0.710172377664	0.7037995312199999	-1.34986669616
0.34353777780499994	0.6566778756250001	-0.67138882556	4.4192252377
0.0	0.0	0.0	1.0
1	22	7
-0.5357006206079999	0.342537273148	-0.771814789945	1.2183928040290004
-0.21492303489100004	0.828614179821	0.516918113724	-0.878212013986
0.816603622183	0.44279384363900004	-0.370271827676	2.19194508409
0.0	0.0	0.0	1.0
1	33	8
-0.288885807974	0.5142987656729999	-0.807495773739	1.054722280139
-0.35935541975400004	0.723528232548	0.589380705164	-0.22368125407100004
0.887364348106	0.46044057022	-0.024202380116000014	0.5525736647069999
0.0	0.0	0.0	1.0
1	39	9
0.932854094039	-0.136885323474	0.33324823029699996	1.265486618728
0.11392863740799998	0.989620819576	0.087580204929	-0.27507581934600006
-0.3417779698079999	-0.04373539192800002	0.9387668243869999	0.6678398651459999
0.0	0.0	0.0	1.0
1	44	10
0.8485498158279999	-0.172771852532	0.500119496686	1.005061873524
0.22874010794499997	0.9720812115779999	-0.05228573646000001	-0.07668688460400011
-0.477126128925	0.15876254638999998	0.86438075994	0.06667359200400014
0.0	0.0	0.0	1.0
1	51	11
0.926553100044	-0.024512432162000015	0.3753707854050001	-0.43499732314899986
0.06361750866499999	0.99371009642	-0.092143361648	-0.338447158785
-0.3707526838609999	0.109253806316	0.9222886561439999	1.0797174432049998
0.0	0.0	0.0	1.0
1	64	12
-0.97781961654	0.18732858367	-0.09372126669200004	-2.121326963124
0.06320469626399998	0.690444058622	0.720618679656	-1.308303313849
0.19970006585600003	0.698711381778	-0.686972295656	4.053639904221
0.0	0.0	0.0	1.0
2	21	13
-0.7727459383	0.25731753933699997	-0.580221404873	0.13574891727299976
-0.141697362204	0.821130849921	0.552870027846	-0.742345009339
0.6187028606999999	0.5094457169819999	-0.598065355383	2.996863548518
0.0	0.0	0.0	1.0
2	51	14
0.991956087887	-0.04343913994799999	0.11891619953200006	-0.7254965201649999
0.042604871502999984	0.99904511077	0.009535091513000018	-0.23219972894899987
-0.11921813972299992	-0.004393595827999987	0.9928648206319999	1.03286503639
0.0	0.0	0.0	1.0
4	49	15
0.84596620937	0.26329009413500004	-0.46371294550900005	-0.5878251779069997
-0.079152392984	0.9219685650880001	0.37908305455	0.023997114408000078
0.5273346112539999	-0.28398913800500003	0.8007969495739999	0.24965785332500007
0.0	0.0	0.0	1.0
6	51	16
0.9901535792750001	0.10032091783399998	-0.09765863848699995	-0.8062728760879999
-0.09956496989500002	0.99495014316	0.012608631850000001	-0.2116570680049999
0.09842838932100002	-0.002761826496000048	0.995147174054	0.8988155261349999
0.0	0.0	0.0	1.0
8	34	17
0.07299275122600002	0.442410368863	-0.893840977057	1.302195348632
-0.284216939538	0.868291691061	0.40655605651099996	-0.09608193265999987
0.955980915148	0.22436833609	0.18912167372399993	0.42476528794000007
0.0	0.0	0.0	1.0
8	53	18
0.9789273944660001	-0.06633411080299997	0.19314477960699997	-1.103297066026
0.07459926785399998	0.996566912403	-0.035838160953	-0.28335861243199995
-0.19010677265199996	0.049491042153999965	0.9805210482760001	0.9153078231219998
0.0	0.0	0.0	1.0
9	54	19
0.9984372805189999	-0.04539346839099999	-0.032702499755	-0.51975372803
0.044945047344	0.998882868118	-0.01435184386099999	-0.15137350805499994
0.03331464077099999	0.01286110004699999	0.999368195888	0.9219974917929998
0.0	0.0	0.0	1.0
10	13	20
0.512855840156	0.17636741409099999	-0.8401695947269999	0.32021792167700003
-0.26417711685300005	0.963601930354	0.04102120973600003	-0.3142799748030002
0.816821606178	0.20091464926600003	0.540779038188	0.7974023558529999
0.0	0.0	0.0	1.0
11	13	21
0.645495417557	0.213276518708	-0.7333867231219999	0.2561829655630001
-0.220889967613	0.9713159130219999	0.08805376341	-0.15519043680400013
0.73113016039	0.10515984180099998	0.674089923139	0.3692033891949999
0.0	0.0	0.0	1.0
11	56	22
0.8250667469030001	0.260674476842	-0.501315237042	-0.11196912057399996
-0.160486332811	0.958793029915	0.23442863349800003	0.027394815691999815
0.5417711024040001	-0.11296722573500005	0.832908752316	0.023749526213999894
0.0	0.0	0.0	1.0
12	14	23
0.6899961615079999	0.068105553313	-0.720606495749	0.31724410643299994
0.0021622824350000036	0.9953663163530001	0.096144279054	-0.00771402780899998
0.7238138550109999	-0.067893011058	0.686651056481	0.35368189447599996
0.0	0.0	0.0	1.0
13	53	24
0.368468203692	-0.22005415020199998	0.903225170258	-0.942949396338
0.202393828374	0.967261328307	0.153090308322	0.07933439414700003
-0.90734445815	0.126398213773	0.40094679729599997	-0.03457934914899995
0.0	0.0	0.0	1.0
13	58	25
0.8312463315540001	0.263764728043	-0.48935331168699997	-0.735060315729
-0.11605722196299999	0.9432106288609999	0.311253249704	-0.11047163287599994
0.543666028661	-0.20193413873299998	0.8146543379000001	0.82228004325
0.0	0.0	0.0	1.0
14	18	26
0.461429627187	0.25774694789599994	-0.848915222103	0.6606778773830001
-0.056984794079000006	0.9635025857930001	0.26156081207299997	0.017709863337999905
0.8853503475119999	-0.07231425130299998	0.459274756915	0.3890907610289999
0.0	0.0	0.0	1.0
14	61	27
0.132138509047	0.481036701134	-0.8666912903349999	-0.3075150159719999
-0.03934380349699999	0.8762092754459999	0.48031829754099997	-0.19314715339300015
0.9904550275899999	-0.029364868005000017	0.13470601492900003	2.747528678089
0.0	0.0	0.0	1.0
14	62	28
-0.25407350033399995	0.442540050491	-0.8600088385729999	-0.08239830237199974
-0.013062144868999998	0.8875324514949999	0.46055826257500004	-0.23328161921800006
0.9671003225239999	0.12825163718499996	-0.21971897214400005	2.9948678708160004
0.0	0.0	0.0	1.0
16	57	29
0.796230158369	-0.26740342336600004	0.5427046274410001	-0.7638727017110001
0.074448763107	0.933505279339	0.350743124736	0.050943866138999955
-0.6004055359179999	-0.238866428895	0.763189747987	0.6245298228939999
0.0	0.0	0.0	1.0
16	61	30
0.6820588940919999	0.346172739199	-0.644185085349	0.838156029098
-0.010080835572999988	0.8852364962189999	0.465026982662	-0.1324775674910001
0.731233623675	-0.31067918026999997	0.607272679445	2.536882056903
0.0	0.0	0.0	1.0
16	63	31
0.06940083979000003	0.443134513679	-0.8937722193570001	1.1479895811290002
-0.038740667421	0.8964475490909999	0.44144764475	-0.14470981501800004
0.996838302565	0.0039881687360000095	0.07938166477699993	2.704617760631
0.0	0.0	0.0	1.0
16	64	32
0.045516622443000025	0.441212070909	-0.8962544129440001	0.6524440914010003
-0.0053553785670000026	0.8972746649089999	0.441437254176	-0.09084533418200005
0.998950810776	-0.015293542401999977	0.04320528720799993	2.3024157782390002
0.0	0.0	0.0	1.0
17	58	33
0.9337082427099999	-0.11959791816299997	0.3374903533589999	-0.468663716159
-0.058750766907	0.8786075289299999	0.473910383538	0.1644822268680001
-0.3532013709200001	-0.462320087351	0.813335627861	1.486957673373
0.0	0.0	0.0	1.0
17	61	34
0.7375306747029999	0.357519991196	-0.5729236808529999	0.997322664394
0.027617274030000007	0.831693084945	0.554543936547	0.09822107424900002
0.6747557211749999	-0.42481421978000006	0.6035270989070001	2.6492722791200003
0.0	0.0	0.0	1.0
18	56	35
-0.04437417046500003	-0.38331154747	0.922560282602	-0.8722823916210001
0.344366131717	0.860992288057	0.37429997509800006	-0.2764891036710001
-0.937789048971	0.33430461219299995	0.09378751707799998	1.040860492738
0.0	0.0	0.0	1.0
18	57	36
0.43384728796300004	-0.36861396250800005	0.822140708363	-0.6472363597290001
0.311023713046	0.917656918879	0.24731774595500003	-0.24927128890000003
-0.845608583796	0.14840372139799998	0.512764551012	0.9416813493720001
0.0	0.0	0.0	1.0
18	58	37
0.725807039751	-0.30947568466200004	0.6143649954049999	-0.14906297081500008
0.208932986645	0.9500685578610001	0.23175798292300004	-0.41834152500300004
-0.655413972869	-0.03985393637600001	0.75422060784	1.387344341777
0.0	0.0	0.0	1.0
21	25	38
0.998463425388	0.020310286604000007	-0.05162500247600001	-1.7914769145480003
-0.02277584503	0.998602047561	-0.047695464300999954	-0.25548270936100004
0.050581972673	0.04879109585099999	0.997528822586	0.827815848977
0.0	0.0	0.0	1.0
21	32	39
0.9899404280399999	0.09883347109600003	-0.101286949208	-2.029198912876
-0.081638851723	0.983457059218	0.16170081255099994	-0.2519312863569999
0.11558959847600002	-0.15181050657199993	0.981629104234	0.8852651504149999
0.0	0.0	0.0	1.0
22	25	40
0.993296315182	0.052735663949000006	-0.10290503819100003	-1.2305753736210001
-0.047470630460999995	0.997467407377	0.05292649109900004	-0.14359784451900018
0.10543258175399998	-0.047692993954000035	0.993284455699	0.730005751113
0.0	0.0	0.0	1.0
22	27	41
0.999134181612	-0.02883340367999999	-0.030150660897000022	-1.635614327472
0.030730064799000003	0.9974521711540001	0.06434501360400004	-0.221320824373
0.02821466850000001	-0.06522183034600003	0.9974750428170001	1.021354194316
0.0	0.0	0.0	1.0
22	32	42
0.979492775789	0.140580517622	-0.14436563442900002	-1.4705954867689999
-0.099322777764	0.960184639106	0.261106951376	-0.12727235726900002
0.17532037233600004	-0.24141856520599997	0.95445501481	0.7741494459170001
0.0	0.0	0.0	1.0
22	48	43
-0.916220243606	-0.194480545413	0.3503315278410001	-1.1707800088419997
0.199244195963	0.5374199027060002	0.8194358416859999	-0.567144556878
-0.347636275085	0.820581521188	-0.45365174443799994	2.298245009166
0.0	0.0	0.0	1.0
23	28	44
0.94330046381	0.15567978284	-0.29318290326300006	-1.104221155466
0.011632637273000002	0.867162550797	0.49788447369	0.028368762873000032
0.33174522822200003	-0.47306898322	0.8161846088010001	0.8603165035299999
0.0	0.0	0.0	1.0
23	31	45
0.6830201141750001	0.39246043519999996	-0.616010363042	-0.8774673523440002
0.030130882815000003	0.82752170276	0.5606201801230001	0.033359506604000055
0.729781519619	-0.40147950772	0.553391426122	0.681287195592
0.0	0.0	0.0	1.0
35	39	46
0.48817521453	-0.38074415000399997	0.785321794158	-0.04263606586500006
0.43396146228	0.886594108912	0.160082759662	0.005707992609999886
-0.7572134776709999	0.262644660338	0.598042489954	-0.0021762543010001214
0.0	0.0	0.0	1.0
35	51	47
0.47901758221800006	-0.20552765088	0.853411273344	-1.0928932251300003
0.38557046426600006	0.922657583328	0.00578295502000004	-0.6418086468699999
-0.788596366675	0.326274876866	0.5212199407849999	1.239995094762
0.0	0.0	0.0	1.0
35	52	48
0.32638107114599996	-0.25327247973	0.910681061595	-1.030679382471
0.46974278230600003	0.8795024036660001	0.07624855050599996	-0.9329667628440002
-0.82025949266	0.40289320483299995	0.4060306611470001	1.8160521661009998
0.0	0.0	0.0	1.0
39	48	49
0.9741563720190001	-0.14128332999199994	0.17625942019799998	-1.0705046048190001
0.09039908352600004	0.9588900539599999	0.26898369352400003	0.5760993432340001
-0.207021638692	-0.24610585328199996	0.9468832280999999	-0.9317851922909998
0.0	0.0	0.0	1.0
43	48	50
0.799974360089	0.42219546521	-0.426390781548	-0.15472110812500015
-0.198228944176	0.856635214822	0.476312291852	0.45870065980100017
0.566354320487	-0.2965207287169999	0.7689766027189999	-0.955140110344
0.0	0.0	0.0	1.0
49	51	51
0.9865034293099999	0.09935248185999998	-0.13017981801399994	-0.571597593122
-0.135666483039	0.9410423694500001	-0.309887022823	-0.3232641411070001
0.091711789211	0.32335853815199994	0.941827626846	0.43984523075700005
0.0	0.0	0.0	1.0
54	56	52
0.758059869204	0.24395677414900005	-0.6048422294240001	0.08987524266600003
-0.035681348630000005	0.941524254661	0.335035299052	0.06904309610599987
0.65121295942	-0.23239749400100002	0.7224490760519999	0.033413210347999954
0.0	0.0	0.0	1.0
57	59	53
0.743249481217	0.349020014324	-0.57077115573	-0.2587976108980001
-0.29300874789500003	0.936776994534	0.19127720039399998	-0.5739194947480001
0.601452587216	0.025073885668000017	0.798521070696	1.2410468968839998
0.0	0.0	0.0	1.0
57	60	54
0.48839902028099996	0.486773933215	-0.724246721284	-0.17234305286700013
-0.36138891719899996	0.8682628319550001	0.33986645438000007	-0.8416648780500001
0.794281306734	0.09574448714000004	0.599967137038	1.8126707917049998
0.0	0.0	0.0	1.0
57	62	55
-0.28019160967499995	0.48603295875200003	-0.827816542419	0.32967175236199997
-0.311076012197	0.7698433943899999	0.5572852172380001	-1.187980209384
0.908146995276	0.41366085420399995	-0.06451811972100005	2.487124438966
0.0	0.0	0.0	1.0
60	64	56
0.44069307438200006	0.378179255416	-0.814115984476	0.31149776270600016
-0.421417787255	0.887931916685	0.18434217079999995	0.09422510573000001
0.792592270079	0.26183603239700004	0.5506752895720001	-0.11610118739999988
0.0	0.0	0.0	1.0
