0	11	1
0.940055711883509	0.03985924912845178	-0.3386834114173155	-0.06553988261122187
0.0901760005171371	0.9287403760866614	0.35959644744320646	0.05764405829476074
0.32888217376095863	-0.36858186620897465	0.8694732745945841	0.0432920546786715
0.0	0.0	0.0	1.0
3	9	2
0.9407206292498655	-0.18756670516737964	-0.28260094007517056	-0.034595499625874375
-0.017057444478267233	0.8059674994145215	-0.5917140865173267	-0.22036512518014506
0.3387530425869576	0.5614581911886956	0.7549907742080721	-0.08795156901781288
0.0	0.0	0.0	1.0
4	13	3
0.7064878819013246	-0.16203020059705775	-0.6889273414341011	-0.10638703650389528
-0.08431050414750868	0.9472385732892485	-0.3092425266739911	-0.12925653759523673
0.702685140848913	0.2765599631628071	0.6555518805168198	-0.13080621149491983
0.0	0.0	0.0	1.0
5	10	4
0.8875357172470645	-7.092961586001481e-05	-0.4607389120674113	-0.08716256908514249
0.054195630581213336	0.9930737567423801	0.10424584344052798	-0.01651091887899075
0.45754041348553776	-0.1174919694909884	0.8813923132685298	0.030951518363366664
0.0	0.0	0.0	1.0
5	11	5
0.8393881735305924	0.023827144845983934	-0.5430097617807299	-0.08456188844602805
0.19319876504447156	0.920717129056205	0.33904879115368647	0.06373446753296177
0.5080370367522434	-0.389502402053871	0.7682357727344356	0.0013782274547473837
0.0	0.0	0.0	1.0
5	12	6
0.7926127028597131	0.04274006229383443	-0.6082254769806044	-0.11608396909719756
0.22627189239969547	0.9056882493793371	0.35851037177692674	0.06883120496612387
0.5661854856159899	-0.4217842150535262	0.7081891868665313	-0.014579963236077381
0.0	0.0	0.0	1.0
5	13	7
0.6839695639192012	0.06595576740150946	-0.72652272212516	-0.1271175005643112
-0.07067165016163394	0.9972109402498508	0.023997241752234246	-0.03496342028589868
0.7260792352326173	0.03493116812679435	0.6867233049938405	-0.09365349416633142
0.0	0.0	0.0	1.0
6	10	8
0.8681796039511099	0.12773793483454016	-0.47952812449438714	-0.0977554304693482
0.050325877108434475	0.9386582643501323	0.34115655834937786	0.07834411846535314
0.4936916918036656	-0.3203178597730916	0.8084954592894457	0.017867648605114684
0.0	0.0	0.0	1.0
7	14	9
0.5175285716295949	0.4143841745570738	-0.7486320173095866	-0.16148934798991563
-0.3393904283965578	0.902556274491486	0.2649643647924774	0.05679224858358899
0.785479681114665	0.1169518632591518	0.6077367285851184	-0.1414745097446271
0.0	0.0	0.0	1.0
7	15	10
0.39265155955849224	0.4352880442381008	-0.8101536779762545	-0.17309969569550462
-0.5176154753073956	0.832731763170102	0.19655000052316923	-0.010637705298783023
0.7601965740492316	0.3421724232710302	0.5522852891996168	-0.1861590526905281
0.0	0.0	0.0	1.0
7	16	11
0.37327849493335513	0.4385817471662819	-0.817501706147588	-0.2334758752877152
-0.5643081149307922	0.806769257113697	0.17515585570045367	-0.06786991452327339
0.7363556059740953	0.3959409134961921	0.5486448523494538	-0.19517238774185944
0.0	0.0	0.0	1.0
8	15	12
0.6148285230988044	0.42104357808949683	-0.6668645164465938	-0.14894537711592315
-0.47391260159432774	0.8731176835197474	0.11433450957069023	-0.0017272520322747552
0.6303908670370705	0.24573944503958367	0.7363554598480494	-0.13236037484512977
0.0	0.0	0.0	1.0
9	11	13
0.9831373225758592	0.10690651286039911	-0.14836422747112277	-0.023008134550076262
-0.0015453321119232365	0.8161435838931389	0.5778469292836568	0.1892388985109692
0.18286212140483996	-0.5678736531949821	0.8025464695135274	-0.03764373691705785
0.0	0.0	0.0	1.0
11	17	14
0.7684882660343447	-0.22680071207327088	-0.5983203899033942	-0.2533378809909342
-0.2542864781187943	0.749813542138974	-0.6108339355680312	-0.27039733266022187
0.5871663073518836	0.6215634871190044	0.5185505151592869	-0.1988110678230649
0.0	0.0	0.0	1.0
29	32	15
0.9822356739268667	0.018128979527417315	0.18677349090509476	0.2065541491233707
-0.1456955744572705	0.7009490092398025	0.6981713923625565	0.32050404477670236
-0.11826152255230767	-0.7129809137752934	0.6911383667505554	0.00898960622206145
0.0	0.0	0.0	1.0
32	34	16
0.8586236239751772	-0.2139228145729097	-0.46583528684099357	-0.06049517902035275
-0.012684566149466565	0.8996128895757164	-0.43650413724712056	-0.15640007843011472
0.5124496182836582	0.38070166907266423	0.7697154701273256	-0.04914893619164551
0.0	0.0	0.0	1.0
35	45	17
0.8364694879731764	0.2969262157537347	-0.46060130178882525	-0.5581018880193127
-0.43384806559608763	0.8722948462026258	-0.22556050170344488	-0.29878655677877397
0.3348053042440786	0.3885053917227785	0.8584688448908367	0.11322120547068897
0.0	0.0	0.0	1.0
35	48	18
0.6904248119390066	0.2874699795201232	-0.6638331997006587	-0.5506498084268959
-0.2576035189765379	0.9551991567544279	0.1457221614879195	-0.05098127401201469
0.675983674540402	0.07039559326228141	0.7335465799991101	0.10158526559255276
0.0	0.0	0.0	1.0
36	45	19
0.8917728265144677	0.2818031892802158	-0.3540172667200858	-0.49292573210400353
-0.3812043913782426	0.8894035891784056	-0.25227844304444197	-0.30216790480720856
0.2437713455372483	0.35992796936127175	0.9005704810490238	0.12681582418008144
0.0	0.0	0.0	1.0
37	48	20
0.8496341768869172	0.14825456780294183	-0.5061049540803488	-0.47301894146746887
-0.17555676463163677	0.9844487989996191	-0.006342522809565458	-0.0999304362474579
0.49729417463923625	0.09423900457929028	0.8624485913119003	0.08532006688969884
0.0	0.0	0.0	1.0
38	47	21
0.9324189420016367	0.058212034679031174	-0.35665969771671335	-0.47212752963772225
-0.16386740214317458	0.9477490410018354	-0.27371374275469035	-0.19829909438350626
0.3220904101568904	0.31366077905925144	0.8932382105040716	-0.004337639351788839
0.0	0.0	0.0	1.0
38	48	22
0.905123186817711	0.0362924564732015	-0.4235975439722053	-0.43023110703506956
-0.1115768253174902	0.9817032121759561	-0.15430296658004952	-0.13301655777755184
0.41024704645484283	0.18692690701545903	0.8926117948677824	0.0006909642281808178
0.0	0.0	0.0	1.0
38	49	23
0.8846610098982977	0.038163167637064746	-0.4646703914074122	-0.36945675849256504
-0.14138720526593815	0.9716717606906787	-0.18937665003301296	-0.10368037126284528
0.4442799269608291	0.2332325880991694	0.8649958918859153	-0.024506381281319503
0.0	0.0	0.0	1.0
39	47	24
0.9521404245226125	0.08119165794344951	-0.2946801307575395	-0.37988355642825916
-0.1703929031496361	0.9413698750208279	-0.2911854588720583	-0.19584352128795715
0.2537611145689366	0.3274608662284229	0.9101507533931509	-0.05344610034555859
0.0	0.0	0.0	1.0
39	48	25
0.9299312429622032	0.05815229596350857	-0.3631063018537305	-0.334539698388088
-0.12704919782253593	0.9774204230397215	-0.16884248628426618	-0.13642013506398787
0.3450889377039611	0.20314432156071252	0.9163220108673985	-0.04123984752533228
0.0	0.0	0.0	1.0
39	49	26
0.9121941276661772	0.05923013744358078	-0.4054549950084817	-0.27202725316283943
-0.15419327817669795	0.9663842524921882	-0.2057322365650851	-0.10637110214853933
0.3796398140707702	0.25018618594157016	0.89066288069973	-0.0622803761908783
0.0	0.0	0.0	1.0
40	45	27
0.9773608379710366	0.11062044979975903	-0.1803578994005384	-0.27515292896539006
-0.19122744289841637	0.8266302972218669	-0.5292583108086681	-0.27450739639981414
0.0905425628839125	0.5517656447973477	0.8290696426965316	-0.13882588617206768
0.0	0.0	0.0	1.0
41	45	28
0.9819087188487883	0.12795150612975825	-0.13958381862713098	-0.19395910171216163
-0.17680195480210123	0.8834425704798526	-0.4339011094759374	-0.24026085520758936
0.06779598688863957	0.4507298949796628	0.8900820190654922	-0.14168469837192685
0.0	0.0	0.0	1.0
44	47	29
0.9713105937460047	0.13062474487411432	-0.1987277222212402	-0.011689967103985574
-0.08716138049156319	0.9730327002454271	0.21356567544555816	0.07708527450375299
0.2212654324130817	-0.19011724759159773	0.9565024762318726	0.013768850814283735
0.0	0.0	0.0	1.0
44	48	30
0.9516669573044763	0.1465639732886115	-0.2699054622191962	0.028082919669198233
-0.04877616066363802	0.9397630402736175	0.338328772725828	0.14604822613181
0.30323392766193996	-0.3088113874574544	0.9014904076635678	0.016127253942486035
0.0	0.0	0.0	1.0
44	49	31
0.9365966520897776	0.17004277385961492	-0.3063857460385694	0.09060209811842874
-0.07437784730205994	0.9509133926347164	0.30038571718732887	0.168649831765291
0.34242470133298764	-0.25855197944777414	0.9032697795419771	0.023963319568802308
0.0	0.0	0.0	1.0
45	47	32
0.9845301814806917	0.0782766352809823	-0.15675754873686246	0.006641495831753822
-0.030416821982574095	0.9574307736555634	0.2870559746836881	0.10578069003748122
0.17255419960965598	-0.27784712521735444	0.9450005003253106	0.021738084464312066
0.0	0.0	0.0	1.0
45	48	33
0.9686391528161434	0.10095365418556698	-0.2270386272291685	0.045818713360858236
0.001026375090613991	0.912106960761826	0.4099510622452155	0.17570169263245805
0.2484695289711254	-0.3973275969974507	0.8833990434156435	0.021520929599383336
0.0	0.0	0.0	1.0
45	49	34
0.9565200973878706	0.12814863716176536	-0.2620063336159063	0.10838814757963729
-0.022355589595711108	0.927877326389048	0.37221472121048194	0.19780394952394373
0.2908085425472709	-0.3501734813892429	0.8903982184056192	0.0314914015869268
0.0	0.0	0.0	1.0
