0	11	1
0.940055711883509	0.03985924912845178	-0.3386834114173156	-0.06553988261122176
0.0901760005171371	0.9287403760866615	0.35959644744320646	0.057644058294761186
0.32888217376095863	-0.36858186620897465	0.8694732745945841	0.0432920546786715
0.0	0.0	0.0	1.0
3	9	2
0.9407206292498654	-0.18756670516737964	-0.2826009400751705	-0.03459549962587482
-0.01705744447826729	0.8059674994145216	-0.5917140865173268	-0.22036512518014506
0.3387530425869576	0.5614581911886956	0.7549907742080721	-0.08795156901781288
0.0	0.0	0.0	1.0
4	13	3
0.7064878819013245	-0.16203020059705772	-0.688927341434101	-0.10638703650389528
-0.08431050414750864	0.9472385732892484	-0.30924252667399105	-0.12925653759523673
0.7026851408489129	0.276559963162807	0.6555518805168197	-0.13080621149491806
0.0	0.0	0.0	1.0
5	10	4
0.8875357172470645	-7.092961586002166e-05	-0.46073891206741113	-0.08716256908514138
0.054195630581213336	0.9930737567423801	0.10424584344052798	-0.016510918878990862
0.4575404134855377	-0.1174919694909884	0.88139231326853	0.03095151836336844
0.0	0.0	0.0	1.0
5	11	5
0.8393881735305925	0.023827144845983934	-0.54300976178073	-0.08456188844602794
0.19319876504447162	0.9207171290562051	0.33904879115368647	0.06373446753296177
0.5080370367522434	-0.389502402053871	0.7682357727344356	0.0013782274547473837
0.0	0.0	0.0	1.0
5	12	6
0.7926127028597132	0.04274006229383445	-0.6082254769806045	-0.11608396909719801
0.2262718923996955	0.9056882493793372	0.3585103717769268	0.06883120496612431
0.5661854856159899	-0.42178421505352615	0.7081891868665313	-0.014579963236075605
0.0	0.0	0.0	1.0
5	13	7
0.6839695639192012	0.06595576740150946	-0.7265227221251599	-0.1271175005643112
-0.07067165016163392	0.9972109402498507	0.023997241752234277	-0.034963420285899126
0.7260792352326172	0.03493116812679428	0.6867233049938404	-0.09365349416633142
0.0	0.0	0.0	1.0
6	10	8
0.8681796039511099	0.12773793483454013	-0.47952812449438703	-0.0977554304693471
0.05032587710843448	0.9386582643501323	0.34115655834937786	0.07834411846535314
0.4936916918036656	-0.3203178597730916	0.8084954592894458	0.01786764860511646
0.0	0.0	0.0	1.0
7	14	9
0.517528571629595	0.4143841745570738	-0.7486320173095867	-0.16148934798991474
-0.33939042839655786	0.9025562744914861	0.2649643647924774	0.05679224858358899
0.785479681114665	0.11695186325915184	0.6077367285851184	-0.1414745097446271
0.0	0.0	0.0	1.0
7	15	10
0.3926515595584923	0.4352880442381008	-0.8101536779762545	-0.17309969569550285
-0.5176154753073956	0.8327317631701018	0.19655000052316912	-0.010637705298783023
0.7601965740492316	0.3421724232710302	0.5522852891996168	-0.1861590526905281
0.0	0.0	0.0	1.0
7	16	11
0.3732784949333551	0.438581747166282	-0.8175017061475879	-0.2334758752877152
-0.5643081149307924	0.8067692571136971	0.17515585570045356	-0.06786991452327516
0.7363556059740954	0.39594091349619204	0.5486448523494538	-0.19517238774185766
0.0	0.0	0.0	1.0
8	15	12
0.6148285230988044	0.42104357808949683	-0.6668645164465937	-0.14894537711592049
-0.47391260159432774	0.8731176835197472	0.11433450957069011	-0.0017272520322747552
0.6303908670370705	0.24573944503958367	0.7363554598480494	-0.13236037484512977
0.0	0.0	0.0	1.0
9	11	13
0.9831373225758593	0.10690651286039912	-0.1483642274711228	-0.02300813455007615
-0.0015453321119232488	0.816143583893139	0.5778469292836569	0.18923889851096876
0.18286212140483996	-0.5678736531949821	0.8025464695135274	-0.03764373691705785
0.0	0.0	0.0	1.0
11	17	14
0.7684882660343448	-0.22680071207327096	-0.5983203899033943	-0.2533378809909342
-0.25428647811879435	0.749813542138974	-0.6108339355680312	-0.27039733266022276
0.5871663073518837	0.6215634871190046	0.518550515159287	-0.198811067823064
0.0	0.0	0.0	1.0
29	32	15
0.9822356739268666	0.018128979527417394	0.18677349090509468	0.2065541491233707
-0.14569557445727055	0.7009490092398025	0.6981713923625564	0.320504044776703
-0.1182615225523079	-0.7129809137752935	0.6911383667505554	0.008989606222063226
0.0	0.0	0.0	1.0
32	34	16
0.8586236239751772	-0.21392281457290974	-0.46583528684099357	-0.06049517902035364
-0.01268456614946657	0.8996128895757164	-0.43650413724712056	-0.15640007843011472
0.5124496182836582	0.38070166907266423	0.7697154701273256	-0.049148936191647286
0.0	0.0	0.0	1.0
35	45	17
0.8364694879731764	0.29692621575373473	-0.4606013017888254	-0.5581018880193109
-0.4338480655960877	0.8722948462026259	-0.225560501703445	-0.29878655677876953
0.33480530424407867	0.3885053917227784	0.8584688448908367	0.11322120547068364
0.0	0.0	0.0	1.0
35	48	18
0.6904248119390067	0.2874699795201232	-0.6638331997006585	-0.5506498084268959
-0.25760351897653777	0.9551991567544278	0.14572216148791953	-0.050981274012014244
0.6759836745404019	0.0703955932622814	0.73354657999911	0.10158526559255099
0.0	0.0	0.0	1.0
36	45	19
0.8917728265144677	0.2818031892802158	-0.354017266720086	-0.49292573210400176
-0.3812043913782426	0.8894035891784056	-0.2522784430444421	-0.3021679048072041
0.24377134553724833	0.3599279693612717	0.9005704810490239	0.12681582418007611
0.0	0.0	0.0	1.0
37	48	21
0.8496341768869173	0.1482545678029418	-0.5061049540803487	-0.47301894146746976
-0.1755567646316367	0.9844487989996191	-0.006342522809565358	-0.09993043624745745
0.4972941746392362	0.0942390045792903	0.8624485913119002	0.08532006688969884
0.0	0.0	0.0	1.0
38	47	22
0.9324189420016368	0.058212034679031174	-0.35665969771671335	-0.47212752963772225
-0.16386740214317458	0.9477490410018357	-0.27371374275469035	-0.19829909438350626
0.3220904101568904	0.31366077905925144	0.8932382105040716	-0.004337639351788839
0.0	0.0	0.0	1.0
38	48	23
0.905123186817711	0.036292456473201506	-0.4235975439722051	-0.43023110703506956
-0.11157682531749015	0.9817032121759561	-0.1543029665800494	-0.13301655777755228
0.4102470464548427	0.18692690701545897	0.8926117948677823	0.0006909642281790415
0.0	0.0	0.0	1.0
38	49	24
0.8846610098982974	0.03816316763706471	-0.4646703914074124	-0.36945675849256504
-0.14138720526593818	0.9716717606906786	-0.18937665003301304	-0.10368037126284706
0.4442799269608292	0.2332325880991695	0.8649958918859156	-0.024506381281317727
0.0	0.0	0.0	1.0
39	47	25
0.9521404245226126	0.08119165794344951	-0.2946801307575395	-0.37988355642825916
-0.17039290314963612	0.9413698750208281	-0.2911854588720584	-0.19584352128795715
0.2537611145689366	0.32746086622842296	0.9101507533931509	-0.05344610034555859
0.0	0.0	0.0	1.0
39	48	26
0.9299312429622032	0.05815229596350858	-0.36310630185373033	-0.334539698388088
-0.12704919782253588	0.9774204230397215	-0.16884248628426612	-0.13642013506398787
0.345088937703961	0.20314432156071247	0.9163220108673984	-0.04123984752533228
0.0	0.0	0.0	1.0
39	49	27
0.9121941276661771	0.059230137443580744	-0.40545499500848187	-0.27202725316283943
-0.15419327817669798	0.9663842524921881	-0.20573223656508519	-0.1063711021485411
0.37963981407077024	0.25018618594157027	0.8906628806997302	-0.06228037619087652
0.0	0.0	0.0	1.0
40	45	28
0.9773608379710367	0.110620449799759	-0.1803578994005385	-0.2751529289653883
-0.1912274428984164	0.8266302972218669	-0.5292583108086683	-0.2745073963998097
0.09054256288391252	0.5517656447973477	0.8290696426965317	-0.138825886172073
0.0	0.0	0.0	1.0
41	45	29
0.9819087188487884	0.12795150612975825	-0.1395838186271311	-0.19395910171215985
-0.17680195480210123	0.8834425704798528	-0.4339011094759375	-0.24026085520758492
0.06779598688863957	0.45072989497966276	0.8900820190654923	-0.14168469837193218
0.0	0.0	0.0	1.0
44	47	30
0.9713105937460048	0.13062474487411432	-0.1987277222212402	-0.011689967103985574
-0.08716138049156319	0.9730327002454273	0.21356567544555824	0.07708527450375299
0.2212654324130817	-0.1901172475915977	0.9565024762318726	0.013768850814283735
0.0	0.0	0.0	1.0
44	48	31
0.9516669573044763	0.14656397328861143	-0.26990546221919604	0.028082919669197345
-0.04877616066363798	0.9397630402736173	0.3383287727258281	0.1460482261318109
0.3032339276619399	-0.30881138745745434	0.9014904076635677	0.016127253942486035
0.0	0.0	0.0	1.0
44	49	32
0.9365966520897775	0.170042773859615	-0.3063857460385696	0.09060209811842963
-0.07437784730205997	0.9509133926347164	0.30038571718732876	0.1686498317652901
0.34242470133298775	-0.2585519794477743	0.9032697795419773	0.023963319568804084
0.0	0.0	0.0	1.0
45	47	33
0.9845301814806918	0.07827663528098229	-0.15675754873686248	0.006641495831753822
-0.03041682198257408	0.9574307736555636	0.28705597468368815	0.10578069003748122
0.17255419960965598	-0.2778471252173544	0.9450005003253107	0.021738084464312066
0.0	0.0	0.0	1.0
45	48	34
0.9686391528161434	0.10095365418556687	-0.22703862722916837	0.04581871336085735
0.0010263750906140325	0.9121069607618258	0.40995106224521555	0.17570169263245805
0.24846952897112534	-0.3973275969974507	0.8833990434156433	0.021520929599383336
0.0	0.0	0.0	1.0
45	49	35
0.9565200973878705	0.12814863716176547	-0.26200633361590653	0.10838814757963817
-0.022355589595711135	0.9278773263890479	0.3722147212104818	0.19780394952394195
0.29080854254727095	-0.350173481389243	0.8903982184056195	0.03149140158692858
0.0	0.0	0.0	1.0
