60	61	1
0.97900611	-0.08705658	0.18430446	0.321946
0.16134174	0.88353992	-0.4396888	-0.19423878
-0.12456255	0.46019402	0.87903678	-0.84894419
0.0	0.0	0.0	1.0
61	62	2
0.9954921	0.07254815	-0.06108945	-0.18706448
-0.067642	0.99458712	0.07887416	0.2461333
0.06648094	-0.0743864	0.99501103	0.0422992
0.0	0.0	0.0	1.0
88	89	3
0.72002584	-0.46946824	0.51104045	1.81169116
0.50421679	0.8599059	0.0795422	-0.72146654
-0.47678924	0.20040277	0.8558684	0.48311231
0.0	0.0	0.0	1.0
89	90	4
0.91835076	0.31729281	-0.23655319	-0.21744247
-0.32313532	0.94623822	0.01472436	0.51687044
0.22850759	0.06291655	0.97150695	-0.37481892
0.0	0.0	0.0	1.0
90	91	5
0.99808913	0.02386227	-0.05699771	-0.08598217
-0.02288215	0.99957985	0.01778691	-0.12450846
0.0573982	-0.01644869	0.99821591	0.07597572
0.0	0.0	0.0	1.0
152	153	6
0.89703143	-0.13084321	-0.42215502	0.29310605
0.01786715	0.96512842	-0.26116732	-0.14607199
0.4416056	0.22673252	0.86808807	-1.40253031
0.0	0.0	0.0	1.0
153	154	7
0.9773367	0.06198647	0.20241213	-0.53122288
-0.05067294	0.99687439	-0.06061002	0.11428516
-0.20553647	0.04897958	0.97742319	0.32222736
0.0	0.0	0.0	1.0
154	155	8
0.97022855	-0.00143506	0.24218702	-0.14975829
-0.07401573	0.95038354	0.30214673	0.50209594
-0.2306042	-0.31107703	0.92198312	0.83889598
0.0	0.0	0.0	1.0
157	158	9
0.84401077	0.17653653	-0.50643909	0.56442654
-0.22429903	0.97391605	-0.03431625	0.38710728
0.48717102	0.14255707	0.86159265	-1.16123033
0.0	0.0	0.0	1.0
165	166	10
0.97399765	0.14040428	-0.17780662	-0.89963406
-0.16771598	0.97447473	-0.1492327	0.3020671
0.15231515	0.17517331	0.97268414	-0.77512676
0.0	0.0	0.0	1.0
166	167	11
0.79155368	0.32356098	-0.51841199	-0.01517776
-0.26906756	0.94620335	0.17972769	0.76608771
0.54867601	-0.00277626	0.83603042	-0.99031436
0.0	0.0	0.0	1.0
175	176	12
0.99795657	0.00785921	-0.06341155	-0.24873562
0.0023381	0.98725075	0.15915586	-0.2797516
0.06385394	-0.15897888	0.98521483	0.61697376
0.0	0.0	0.0	1.0
189	190	13
0.9606393	0.04953409	-0.27334723	-0.26683399
-0.11691549	0.96467698	-0.23607045	0.20341854
0.25199822	0.25873703	0.93249768	-1.12007213
0.0	0.0	0.0	1.0
12	35	14
0.88544852	0.38101837	-0.26609337	-1.19183266
-0.06717764	0.67148882	0.73796314	0.93079376
0.459856	-0.63555294	0.62016469	0.69288939
0.0	0.0	0.0	1.0
18	88	15
-0.66890585	-0.52652675	0.52472401	3.17783475
0.57395464	0.08274744	0.8146956	-0.47228387
-0.47237849	0.84612221	0.24685231	0.36406299
0.0	0.0	0.0	1.0
19	88	16
-0.80643421	-0.39386332	0.44106138	3.4843955
0.38658673	0.21324685	0.89726067	-0.69496769
-0.44745281	0.89409024	-0.01970736	0.63773394
0.0	0.0	0.0	1.0
23	32	17
-0.60134941	-0.3856605	0.69974595	4.09605932
0.54870927	0.43726188	0.71254516	-0.34176221
-0.5807727	0.81244558	-0.05133169	-0.67420077
0.0	0.0	0.0	1.0
21	90	18
-0.4729878	-0.61988926	0.62611502	2.63774204
0.52400416	0.37337533	0.76551294	0.08693543
-0.70830953	0.69016516	0.14822289	0.42472744
0.0	0.0	0.0	1.0
24	90	19
0.69848168	-0.43728644	0.56648332	1.88624656
0.42023498	0.8913644	0.16991667	-0.24234378
-0.57924521	0.11937229	0.80636549	-0.29226068
0.0	0.0	0.0	1.0
23	174	20
-0.19505781	0.75525987	-0.62572753	1.81709158
-0.71704924	0.32546777	0.61636871	2.41981649
0.66917312	0.56890494	0.47807366	-2.90937209
0.0	0.0	0.0	1.0
25	90	21
0.98290533	0.05348036	0.176174	1.05297017
-0.07015672	0.99348313	0.08982936	0.00414363
-0.17022175	-0.10065354	0.98025173	-0.18255976
0.0	0.0	0.0	1.0
28	174	22
-0.08925013	0.77308249	-0.6279946	1.43221164
-0.9845137	0.02704158	0.17320733	4.19069624
0.15088539	0.63372904	0.75869733	-1.85295188
0.0	0.0	0.0	1.0
31	88	23
0.76052225	0.50636607	-0.40644634	0.34728026
-0.46206218	0.86183858	0.20912267	1.58090055
0.45618388	0.02876106	0.88942093	-1.90193355
0.0	0.0	0.0	1.0
31	91	24
0.91158694	0.34929827	-0.21679364	0.76643455
-0.34251761	0.93694723	0.06937032	0.6636253
0.22735509	0.01101857	0.97374988	-1.00315905
0.0	0.0	0.0	1.0
32	90	25
0.93918747	0.3089793	-0.14986002	0.86568421
-0.27188921	0.93562895	0.22510973	0.80970252
0.20976755	-0.17067492	0.96273971	-0.62272155
0.0	0.0	0.0	1.0
32	91	26
0.93077785	0.31951705	-0.1776545	0.6442588
-0.27023134	0.92860234	0.25430769	0.77493113
0.24622594	-0.18869625	0.95066601	-0.58668298
0.0	0.0	0.0	1.0
37	40	27
0.97759682	-0.04658535	-0.20526542	-0.0808252
-0.05097535	0.89377075	-0.44561839	0.42869276
0.20421945	0.4460983	0.87137276	-1.30186689
0.0	0.0	0.0	1.0
42	174	28
0.43540707	0.75216651	-0.4946371	0.07812697
-0.7263667	0.61811495	0.30054331	3.03517437
0.53180069	0.22842917	0.81548011	-1.93025172
0.0	0.0	0.0	1.0
43	174	29
0.39894703	0.74849558	-0.52971214	0.19462299
-0.86273402	0.50211596	0.05974318	3.38498545
0.3106944	0.43316647	0.84607053	-1.72753012
0.0	0.0	0.0	1.0
44	174	30
0.11586713	0.7748186	-0.62147492	1.22866547
-0.82194841	0.42607853	0.37796617	3.00969172
0.55765229	0.46702668	0.68622863	-2.34686136
0.0	0.0	0.0	1.0
45	174	31
-0.10971275	0.73501128	-0.66911966	2.31941104
-0.8052147	0.32895374	0.49337468	2.93336797
0.58274567	0.59291464	0.5557512	-2.3749516
0.0	0.0	0.0	1.0
59	61	32
0.99128044	-0.04116501	-0.12517294	0.17163874
-0.06555872	0.66995335	-0.73950279	0.94999027
0.11430157	0.74126071	0.66141284	-1.71271801
0.0	0.0	0.0	1.0
61	207	33
0.88015282	0.26838151	-0.39153922	0.0243896
-0.11820822	0.92276418	0.36678714	0.59289724
0.45973718	-0.27654573	0.8438983	-0.32682779
0.0	0.0	0.0	1.0
79	98	34
-0.30749369	-0.53084016	0.78971916	2.45858574
0.44809186	0.65136927	0.61231655	-0.39085418
-0.83944058	0.5421505	0.03757301	1.07029533
0.0	0.0	0.0	1.0
81	98	35
-0.10306611	-0.49505535	0.86272699	1.92640316
0.44620419	0.75216663	0.48491922	-1.40985775
-0.8889764	0.43493122	0.14337291	2.08399868
0.0	0.0	0.0	1.0
88	90	36
0.93626863	-0.17516178	0.30449826	1.20145273
0.19461162	0.98027372	-0.0344904	-0.39874068
-0.2924504	0.09155122	0.95188832	0.34210154
0.0	0.0	0.0	1.0
88	91	37
0.95477992	-0.16160324	0.24955785	1.17603314
0.17323232	0.98455817	-0.02520855	-0.55209136
-0.24163054	0.06730013	0.96803176	0.43796158
0.0	0.0	0.0	1.0
89	91	38
0.89524406	0.34140635	-0.28632224	-0.3561011
-0.34159681	0.93846494	0.05094054	0.41971168
0.28609464	0.05220248	0.95677817	-0.32966235
0.0	0.0	0.0	1.0
86	174	39
0.34311897	0.77441424	-0.53155625	2.05483508
-0.80165982	0.5363571	0.26393798	3.14168215
0.48950109	0.33556512	0.80485082	-2.39129782
0.0	0.0	0.0	1.0
88	174	40
-0.97689867	-0.21313411	0.01556997	4.56422758
0.04287325	-0.12408908	0.99134386	0.56330132
-0.2093572	0.96911103	0.13036028	-0.18841019
0.0	0.0	0.0	1.0
90	174	41
-0.84988439	-0.50397122	0.15398106	3.50978756
0.17983554	-0.00271714	0.98369277	0.32280463
-0.49533415	0.86371648	0.09294128	0.49021238
0.0	0.0	0.0	1.0
91	175	42
-0.55471611	-0.6107918	0.56499827	3.63554811
0.51922631	0.27648893	0.80867618	-0.91394281
-0.65014905	0.74194825	0.16376625	1.00720835
0.0	0.0	0.0	1.0
91	176	43
-0.52783382	-0.69119948	0.49359357	4.28713608
0.56496274	0.14820865	0.81169659	-0.61131436
-0.63419926	0.70730299	0.31227234	1.05237865
0.0	0.0	0.0	1.0
92	175	44
0.49468175	-0.51858324	0.69739604	0.77534914
0.52635777	0.81731576	0.23439607	-0.73751014
-0.69154668	0.25112867	0.67727208	0.91072065
0.0	0.0	0.0	1.0
96	216	45
0.49272835	0.45003954	-0.74477023	1.42127252
-0.59153277	0.80094147	0.09263361	0.15486769
0.6382066	0.39491287	0.66086012	-0.68168122
0.0	0.0	0.0	1.0
96	217	46
0.55288225	0.39659783	-0.73282409	0.92887217
-0.57521057	0.81795949	0.00870266	0.0425447
0.60287178	0.41671631	0.6803624	-0.88261396
0.0	0.0	0.0	1.0
104	219	47
0.46648437	0.37872106	-0.79935127	2.27397275
-0.27219492	0.92131203	0.27765676	0.55467886
0.84160709	0.08805703	0.5328635	-1.38514328
0.0	0.0	0.0	1.0
150	158	48
0.89326423	0.08775317	-0.44088253	-0.35408852
-0.19431779	0.95977378	-0.20267043	0.25924301
0.4053627	0.26670974	0.87438387	-1.40601516
0.0	0.0	0.0	1.0
151	154	49
0.97918451	-0.08515009	-0.18424693	-0.41451815
-0.05342413	0.76761591	-0.63867909	0.2408919
0.19581459	0.63522804	0.74708879	-2.13731527
0.0	0.0	0.0	1.0
152	154	50
0.97004324	-0.08521322	-0.22749686	-0.441111
0.01123679	0.95119876	-0.30837551	-0.10287758
0.24267237	0.29658133	0.92366129	-1.3789835
0.0	0.0	0.0	1.0
152	155	51
0.99999714	0.00098531	0.00229301	-0.841272
-0.00100436	0.99996495	0.0083129	0.14363025
-0.00228475	-0.00831517	0.99996293	-0.47693586
0.0	0.0	0.0	1.0
151	158	52
0.99986404	-0.00745721	0.01472405	-0.46996549
0.00992929	0.98439229	-0.1757064	0.03352242
-0.01318397	0.17582871	0.98433244	-0.56897902
0.0	0.0	0.0	1.0
152	157	53
0.85950041	-0.19992021	0.47041681	-0.42083389
0.0456466	0.94668025	0.31892413	0.29265901
-0.5090934	-0.25264218	0.82279718	1.51442254
0.0	0.0	0.0	1.0
154	156	54
0.77208143	-0.20195633	0.60258085	0.45077512
-0.14512275	0.86708689	0.47655106	1.03749216
-0.61873204	-0.45538446	0.64015269	2.16934204
0.0	0.0	0.0	1.0
154	157	55
0.71174401	-0.24968617	0.65656489	0.71761537
-0.16703331	0.84772253	0.50345308	1.19189978
-0.6822902	-0.46799794	0.56165546	2.52448249
0.0	0.0	0.0	1.0
154	158	56
0.97625273	-0.02394122	0.21530747	0.26576909
-0.08614164	0.86902165	0.48721707	0.84147245
-0.19877151	-0.49419415	0.84632277	1.30655789
0.0	0.0	0.0	1.0
155	158	57
0.99935818	0.0279951	-0.02234799	0.26409623
-0.02287122	0.97882652	0.2034103	0.17726052
0.02756933	-0.20276856	0.97883856	0.64029539
0.0	0.0	0.0	1.0
152	189	58
0.99407089	-0.01229323	0.10803916	-0.60901874
-0.02533278	0.94006467	0.34005216	0.5029484
-0.10574421	-0.34077272	0.93417996	0.51641059
0.0	0.0	0.0	1.0
154	188	59
0.78711319	-0.33451483	0.51822031	1.55992997
-0.19375457	0.66354525	0.72261196	1.75492156
-0.58558673	-0.66918492	0.45747119	2.35997319
0.0	0.0	0.0	1.0
154	189	60
0.93885857	-0.08244845	0.3342858	0.30310628
-0.13817134	0.79907185	0.58514315	1.14504397
-0.31536269	-0.59555566	0.73882306	1.58727384
0.0	0.0	0.0	1.0
156	158	61
0.88781703	0.16042431	-0.43132979	0.42390856
-0.18090892	0.98347771	-0.00658514	0.26053971
0.42314696	0.08387787	0.90217006	-0.76687926
0.0	0.0	0.0	1.0
154	190	62
0.99573332	0.05490207	0.07417067	-0.34151909
-0.08005688	0.91370261	0.39841923	0.69293255
-0.04589586	-0.40265712	0.91419959	0.72839004
0.0	0.0	0.0	1.0
155	190	63
0.98243815	0.07889397	-0.16908753	-0.1746944
-0.06361515	0.99354184	0.0939545	0.21567141
0.17540802	-0.08154798	0.98111242	-0.09267516
0.0	0.0	0.0	1.0
159	190	64
0.94858491	-0.05429289	0.31183138	-0.65194392
0.12782717	0.96697748	-0.22048789	-0.2280938
-0.28956312	0.24901202	0.92419988	-0.07441266
0.0	0.0	0.0	1.0
158	190	65
0.98868209	0.06259054	-0.13634762	-0.48911494
-0.07872973	0.99007881	-0.11638647	0.20046246
0.12771025	0.1258038	0.98380029	-0.69116658
0.0	0.0	0.0	1.0
157	190	66
0.75692463	0.15818207	-0.63406837	0.54828382
-0.29729074	0.94739956	-0.11854439	0.70001
0.58196443	0.27823183	0.76413608	-1.96238923
0.0	0.0	0.0	1.0
166	190	67
0.99820477	0.00605661	0.05958962	0.5971846
0.00377388	0.98653829	-0.16348797	-0.11383617
-0.05977758	0.16341934	0.98474395	-0.04821797
0.0	0.0	0.0	1.0
166	192	68
0.57882702	0.49566236	-0.64751667	-0.60394645
-0.33385059	0.8685053	0.3663899	1.13428414
0.74397779	0.00409707	0.66819191	-1.34739864
0.0	0.0	0.0	1.0
174	176	69
0.82840931	0.33538261	-0.4486165	-1.15887284
-0.34746143	0.9358952	0.05805131	0.47852206
0.43932751	0.1077868	0.89183706	-0.95732296
0.0	0.0	0.0	1.0
176	178	70
0.9603309	0.22359687	-0.16663983	-0.84857351
-0.25021482	0.95472336	-0.16092157	-0.2169797
0.12311324	0.19623376	0.97279745	-0.16338028
0.0	0.0	0.0	1.0
