7	 8	 57	
 5.00000000e+03	  0.00000000e+00	  0.00000000e+00	  0.00000000e+00	  9.60413770e+03	  2.04405359e+03	
 0.00000000e+00	  5.00000000e+03	  0.00000000e+00	 -9.60413770e+03	  0.00000000e+00	  4.26147510e+03	
 0.00000000e+00	  0.00000000e+00	  5.00000000e+03	 -2.04405359e+03	 -4.26147510e+03	  0.00000000e+00	
 0.00000000e+00	 -9.60413770e+03	 -2.04405359e+03	  2.10637207e+04	  1.66650232e+03	 -8.18649854e+03	
 9.60413770e+03	  0.00000000e+00	 -4.26147510e+03	  1.66650232e+03	  2.35687754e+04	  4.73353662e+03	
 2.04405359e+03	  4.26147510e+03	  0.00000000e+00	 -8.18649854e+03	  4.73353662e+03	  6.05525049e+03	
10	 29	 57	
 5.00000000e+03	  0.00000000e+00	  0.00000000e+00	  0.00000000e+00	  8.12467969e+03	 -2.40177490e+03	
 0.00000000e+00	  5.00000000e+03	  0.00000000e+00	 -8.12467969e+03	  0.00000000e+00	 -1.38724463e+03	
 0.00000000e+00	  0.00000000e+00	  5.00000000e+03	  2.40177490e+03	  1.38724463e+03	  0.00000000e+00	
 0.00000000e+00	 -8.12467969e+03	  2.40177490e+03	  1.48731152e+04	  7.31781067e+02	  2.25978687e+03	
 8.12467969e+03	  0.00000000e+00	  1.38724463e+03	  7.31781067e+02	  1.48462158e+04	 -3.75588843e+03	
-2.40177490e+03	 -1.38724463e+03	  0.00000000e+00	  2.25978687e+03	 -3.75588843e+03	  2.44075171e+03	
28	 29	 57	
 5.00000000e+03	  0.00000000e+00	  0.00000000e+00	  0.00000000e+00	  1.29582432e+04	 -5.13665576e+03	
 0.00000000e+00	  5.00000000e+03	  0.00000000e+00	 -1.29582432e+04	  0.00000000e+00	 -4.22052490e+03	
 0.00000000e+00	  0.00000000e+00	  5.00000000e+03	  5.13665576e+03	  4.22052490e+03	  0.00000000e+00	
 0.00000000e+00	 -1.29582432e+04	  5.13665576e+03	  4.01086016e+04	  4.19822803e+03	  1.13034150e+04	
 1.29582432e+04	  0.00000000e+00	  4.22052490e+03	  4.19822803e+03	  3.87519297e+04	 -1.30440010e+04	
-5.13665576e+03	 -4.22052490e+03	  0.00000000e+00	  1.13034150e+04	 -1.30440010e+04	  9.55505859e+03	
42	 43	 57	
 5.00000000e+03	  0.00000000e+00	  0.00000000e+00	  0.00000000e+00	  9.64688184e+03	  2.20798364e+03	
 0.00000000e+00	  5.00000000e+03	  0.00000000e+00	 -9.64688184e+03	  0.00000000e+00	  2.69953687e+03	
 0.00000000e+00	  0.00000000e+00	  5.00000000e+03	 -2.20798364e+03	 -2.69953687e+03	  0.00000000e+00	
 0.00000000e+00	 -9.64688184e+03	 -2.20798364e+03	  2.09150938e+04	  1.30008203e+03	 -5.36112451e+03	
 9.64688184e+03	  0.00000000e+00	 -2.69953687e+03	  1.30008203e+03	  2.11653203e+04	  4.75112109e+03	
 2.20798364e+03	  2.69953687e+03	  0.00000000e+00	 -5.36112451e+03	  4.75112109e+03	  3.97509473e+03	
46	 47	 57	
 4.50000000e+03	  0.00000000e+00	  0.00000000e+00	  0.00000000e+00	  4.31546826e+03	  1.33881790e+02	
 0.00000000e+00	  4.50000000e+03	  0.00000000e+00	 -4.31546826e+03	  0.00000000e+00	 -1.16907861e+03	
 0.00000000e+00	  0.00000000e+00	  4.50000000e+03	 -1.33881790e+02	  1.16907861e+03	  0.00000000e+00	
 0.00000000e+00	 -4.31546826e+03	 -1.33881790e+02	  4.30680469e+03	 -2.75789108e+01	  1.14199829e+03	
 4.31546826e+03	  0.00000000e+00	  1.16907861e+03	 -2.75789108e+01	  4.62977637e+03	  1.46775787e+02	
 1.33881790e+02	 -1.16907861e+03	  0.00000000e+00	  1.14199829e+03	  1.46775787e+02	  5.70683167e+02	
46	 56	 57	
 1.59100000e+03	  0.00000000e+00	  0.00000000e+00	  0.00000000e+00	  1.46393616e+03	  1.42060532e+02	
 0.00000000e+00	  1.59100000e+03	  0.00000000e+00	 -1.46393616e+03	  0.00000000e+00	 -1.07283745e+02	
 0.00000000e+00	  0.00000000e+00	  1.59100000e+03	 -1.42060532e+02	  1.07283745e+02	  0.00000000e+00	
 0.00000000e+00	 -1.46393616e+03	 -1.42060532e+02	  1.46990125e+03	 -3.87500038e+01	  1.09109566e+02	
 1.46393616e+03	  0.00000000e+00	  1.07283745e+02	 -3.87500038e+01	  1.41161426e+03	  1.19631897e+02	
 1.42060532e+02	 -1.07283745e+02	  0.00000000e+00	  1.09109566e+02	  1.19631897e+02	  1.35557098e+02	
49	 50	 57	
 5.00000000e+03	  0.00000000e+00	  0.00000000e+00	  0.00000000e+00	  7.78299561e+03	 -7.02058716e+02	
 0.00000000e+00	  5.00000000e+03	  0.00000000e+00	 -7.78299561e+03	  0.00000000e+00	 -3.95422070e+03	
 0.00000000e+00	  0.00000000e+00	  5.00000000e+03	  7.02058716e+02	  3.95422070e+03	  0.00000000e+00	
 0.00000000e+00	 -7.78299561e+03	  7.02058716e+02	  1.30981367e+04	  5.74659302e+02	  6.16181592e+03	
 7.78299561e+03	  0.00000000e+00	  3.95422070e+03	  5.74659302e+02	  1.58399902e+04	 -1.14008521e+03	
-7.02058716e+02	 -3.95422070e+03	  0.00000000e+00	  6.16181592e+03	 -1.14008521e+03	  3.92950464e+03	
50	 51	 57	
 5.00000000e+03	  0.00000000e+00	  0.00000000e+00	  0.00000000e+00	  7.45535352e+03	  1.07007703e+03	
 0.00000000e+00	  5.00000000e+03	  0.00000000e+00	 -7.45535352e+03	  0.00000000e+00	  1.63852271e+03	
 0.00000000e+00	  0.00000000e+00	  5.00000000e+03	 -1.07007703e+03	 -1.63852271e+03	  0.00000000e+00	
 0.00000000e+00	 -7.45535352e+03	 -1.07007703e+03	  1.26211680e+04	  5.45924133e+02	 -2.07422485e+03	
 7.45535352e+03	  0.00000000e+00	 -1.63852271e+03	  5.45924133e+02	  1.27534912e+04	  1.07699402e+03	
 1.07007703e+03	  1.63852271e+03	  0.00000000e+00	 -2.07422485e+03	  1.07699402e+03	  2.01433545e+03	
50	 52	 57	
 5.00000000e+03	  0.00000000e+00	  0.00000000e+00	  0.00000000e+00	  6.38603125e+03	  2.11496753e+03	
 0.00000000e+00	  5.00000000e+03	  0.00000000e+00	 -6.38603125e+03	  0.00000000e+00	  2.53478662e+03	
 0.00000000e+00	  0.00000000e+00	  5.00000000e+03	 -2.11496753e+03	 -2.53478662e+03	  0.00000000e+00	
 0.00000000e+00	 -6.38603125e+03	 -2.11496753e+03	  1.03222109e+04	  9.80004700e+02	 -3.24237964e+03	
 6.38603125e+03	  0.00000000e+00	 -2.53478662e+03	  9.80004700e+02	  9.95786328e+03	  2.17457812e+03	
 2.11496753e+03	  2.53478662e+03	  0.00000000e+00	 -3.24237964e+03	  2.17457812e+03	  3.15330200e+03	
50	 54	 57	
 5.00000000e+03	  0.00000000e+00	  0.00000000e+00	  0.00000000e+00	  7.66274121e+03	  1.98122510e+03	
 0.00000000e+00	  5.00000000e+03	  0.00000000e+00	 -7.66274121e+03	  0.00000000e+00	 -1.47209937e+03	
 0.00000000e+00	  0.00000000e+00	  5.00000000e+03	 -1.98122510e+03	  1.47209937e+03	  0.00000000e+00	
 0.00000000e+00	 -7.66274121e+03	 -1.98122510e+03	  1.41975449e+04	 -7.19780029e+02	  2.17049023e+03	
 7.66274121e+03	  0.00000000e+00	  1.47209937e+03	 -7.19780029e+02	  1.29697422e+04	  2.63351831e+03	
 1.98122510e+03	 -1.47209937e+03	  0.00000000e+00	  2.17049023e+03	  2.63351831e+03	  2.26357495e+03	
51	 54	 57	
 5.00000000e+03	  0.00000000e+00	  0.00000000e+00	  0.00000000e+00	  8.04376807e+03	 -7.26754761e+02	
 0.00000000e+00	  5.00000000e+03	  0.00000000e+00	 -8.04376807e+03	  0.00000000e+00	 -2.73471631e+03	
 0.00000000e+00	  0.00000000e+00	  5.00000000e+03	  7.26754761e+02	  2.73471631e+03	  0.00000000e+00	
 0.00000000e+00	 -8.04376807e+03	  7.26754761e+02	  1.42804404e+04	  5.39729126e+02	  4.43719580e+03	
 8.04376807e+03	  0.00000000e+00	  2.73471631e+03	  5.39729126e+02	  1.46212432e+04	 -1.38000024e+03	
-7.26754761e+02	 -2.73471631e+03	  0.00000000e+00	  4.43719580e+03	 -1.38000024e+03	  2.88061304e+03	
