7	8	1
0.7843723287150001	0.017361316338000022	0.620054804057	-0.2789691208749999
0.32922531868500005	0.835543021689	-0.43986365797200006	0.2676550550150001
-0.525718292619	0.549156250725	0.649659350007	-0.4071066677730002
0.0	0.0	0.0	1.0
10	29	2
-0.564388321355	-0.25938786042	0.783708152467	-2.773165736435
0.36072733432	0.77642942958	0.516759435556	-0.6132794981240002
-0.7425301676250001	0.57435398325	-0.344638598563	2.1408847484580003
0.0	0.0	0.0	1.0
28	29	3
0.7887344153100001	0.206559869265	-0.579003222549	0.24410889309200007
-0.050471827744	0.9604388191680001	0.273886074792	-0.012404437763999996
0.6126658935260001	-0.186801605982	0.767958773612	0.15580540657799996
0.0	0.0	0.0	1.0
42	43	4
0.7485452596009999	-0.483170223161	0.45413281868800004	-0.10832276813199998
0.542047108553	0.840350011779	0.0006189991900000291	-0.268277741818
-0.381925561992	0.245695103454	0.890939322015	0.228253604822
0.0	0.0	0.0	1.0
46	47	5
0.946141874733	0.19858576428	-0.25571616987600004	-0.023327080044000022
-0.188804407815	0.9800254342639999	0.06251331919900002	-0.029467783958000017
0.263017895376	-0.010865907315999958	0.9647294246470001	0.0914717210920001
0.0	0.0	0.0	1.0
46	56	6
0.7432872906200001	-0.09786643681900001	0.6617848743329999	-0.8363324209190001
0.45397220311799996	0.8003946816449999	-0.391515544696	0.42689619449700006
-0.491370094516	0.5914364401040001	0.639344192162	-0.5688645317990001
0.0	0.0	0.0	1.0
49	50	7
0.47981370951000013	0.593881785081	-0.645829824828	0.109666382127
-0.5830124356830001	0.765886696699	0.27113777111599996	-0.276562286878
0.655649813688	0.24643360693500002	0.713718844977	0.2116610873310001
0.0	0.0	0.0	1.0
50	51	8
0.948050405365	-0.082395863383	0.307268608883	-0.016861044491000093
0.19701873006600004	0.9104346151730001	-0.363731203204	0.045904305300000184
-0.24978397973799996	0.4053724076689999	0.879368369999	-0.12661409539900034
0.0	0.0	0.0	1.0
50	52	9
0.662324719862	-0.11524964747100001	0.740300560106	-0.18847564839300024
0.39441985859400003	0.893732849217	-0.213734124128	0.08439452264600011
-0.6370032458139999	0.43354923573000004	0.637393070893	-0.1847588933900002
0.0	0.0	0.0	1.0
50	54	10
0.932178542616	0.161573728445	-0.32394219435100013	0.14104892128599983
-0.202472094557	0.974517809089	-0.096587559855	-0.11581254508399993
0.30007672512	0.15562483738799998	0.9411401925510001	0.06598487233099985
0.0	0.0	0.0	1.0
51	54	11
0.768907449361	0.306302309268	-0.5612204550850001	0.06973829159499983
-0.13950363813400002	0.9370035648869999	0.320266437403	-0.08216939466700005
0.62395497926	-0.167963459556	0.7631999856130001	0.2767076243300002
0.0	0.0	0.0	1.0
