11	16	1
0.7329186673152888	0.48232709059533996	-0.4797819139914628	0.2615711834450085
-0.2787466224950035	0.8562235778838213	0.4349500436983453	0.1782754335735528
0.6205888658370008	-0.18504546892135113	0.7619892303435153	-0.1270055607680014
0.0	0.0	0.0	1.0
12	16	2
0.8188961818724222	0.4375961848147223	-0.37137401972199047	0.11611146713232837
-0.2754320671538481	0.867308576922934	0.4146241737720619	0.16537080337742474
0.5035339131844414	-0.237245825609208	0.8307635595805978	-0.014218082469893777
0.0	0.0	0.0	1.0
13	16	3
0.9193294189095635	0.2934013369588362	-0.2622001590638246	-0.14157463106830112
-0.16545522874076887	0.8928142720798705	0.41893574838369224	0.203549208950815
0.3570124857991423	-0.3417575851425293	0.8693351472688157	0.05156398480056699
0.0	0.0	0.0	1.0
14	16	4
0.9489281863971392	0.26028243076551283	-0.17829272565510906	-0.28539320026285964
-0.15417249627361693	0.8756212669522598	0.45773161136837176	0.234294997430204
0.27525649990995316	-0.4068667363803864	0.871030007427156	0.08109747462057904
0.0	0.0	0.0	1.0
14	17	5
0.8756840856622933	0.38248942003158815	-0.2947530452440631	-0.4500097291412999
-0.12511785715526735	0.769276216779996	0.6265457187471265	0.33284643777664313
0.46639369418058013	-0.5117773991382746	0.7214991720657266	0.059655721066739886
0.0	0.0	0.0	1.0
19	21	6
0.8222072407923745	-0.18487563342360436	-0.5383272136382489	-0.03417447254234639
-0.07794644852643669	0.9002985712488616	-0.4282365426597017	-0.1519653194091052
0.5638257250017353	0.39405994031312963	0.7258216587090663	-0.19939265317356278
0.0	0.0	0.0	1.0
19	22	7
0.9055348556967658	-0.13182950539103921	-0.4032709691974076	-0.013879152776733763
-0.149621862560495	0.790208997003543	-0.5942919568911591	-0.21246338486041544
0.39701347996483555	0.598490356585594	0.695837289249186	-0.27960950237345494
0.0	0.0	0.0	1.0
20	21	8
0.9750509429032106	-0.06099342321374876	-0.213437058722674	-0.011824849047630799
-0.007830766824532749	0.9514607047881077	-0.3076703202427542	-0.13955664860236575
0.2218429006993639	0.30166565233983883	0.9272450346126393	-0.09908541811311262
0.0	0.0	0.0	1.0
20	22	9
0.9983376572756792	-0.02585880605574044	-0.05150849359884089	0.024594157479412546
-0.003437154420292986	0.8653972152623575	-0.5010746921717719	-0.21969208553742564
0.05753247976714783	0.5004188736851463	0.8638697300609101	-0.18378375790046897
0.0	0.0	0.0	1.0
23	24	10
0.9590553828835684	0.15528266577657665	-0.23685455988982274	-0.15814935185856874
-0.22662332515417646	0.9223399276394146	-0.3129388065999702	-0.11794354636146215
0.16986646578863795	0.3538023409829005	0.9197658461216209	-0.06362636810058138
0.0	0.0	0.0	1.0
23	34	11
0.2549926966039535	0.2936961798978776	-0.9212606387786594	-0.3974509219160426
-0.12053011355482174	0.9549793900014415	0.27108447400327884	0.15498950158436586
0.9594015251264751	0.04191509975817259	0.27891204156990723	-0.10906656509230815
0.0	0.0	0.0	1.0
23	45	12
0.9916524727028626	-0.08060335507081431	-0.10063967962780239	-1.5999892519728367
0.08522844781727687	0.9954532940540712	0.042528805823223444	0.05942540965709078
0.09675408278622499	-0.05075123919575634	0.9940136038050285	-0.1973789241848527
0.0	0.0	0.0	1.0
24	34	13
0.5083627747757292	0.5013986341437974	-0.7001189596355385	-0.3024629721644926
-0.03151094763464306	0.8232979549218844	0.5667342879245028	0.28316799057382824
0.860566306979962	-0.26604526802116757	0.4343335953102119	0.023288185398452357
0.0	0.0	0.0	1.0
25	27	14
0.544148601553056	0.6076133892455247	-0.5785396300611958	-0.15091499874406095
-0.5518042437397683	0.7786263515487171	0.2987526310302924	0.09813206501716454
0.6319923401152062	0.15667482719155842	0.7589721756233739	-0.002407462561932908
0.0	0.0	0.0	1.0
25	33	15
0.5950581981868871	0.5203350010218741	-0.612500753687586	-0.19373792946451285
0.24533579752952991	0.6081327248602226	0.754973428948327	0.4836522608861949
0.7653209313755324	-0.5995215473972305	0.234217549794149	0.06402799026646655
0.0	0.0	0.0	1.0
27	35	16
0.6785724375689837	-0.5866112963031496	0.4420709934354128	-0.029051648234097654
0.3021924457629986	0.7714968710341259	0.5598858767429367	0.17574055376046963
-0.6694918489986685	-0.24633254228498525	0.7007859947208277	0.1980799282368902
0.0	0.0	0.0	1.0
28	29	17
0.986075771004643	0.1105321341366292	-0.1242462977929239	-0.03482119299358724
-0.06461066370565854	0.9430868408279268	0.3262098180684258	0.14015122856799178
0.15323164942965167	-0.31364007938906985	0.9370966384695354	0.04585313958540473
0.0	0.0	0.0	1.0
28	30	18
0.9543951170092396	0.21531518996913918	-0.20680706389675335	-0.047976951413872995
-0.06798744061415736	0.8312630982787111	0.5517058432788086	0.26607778914669766
0.2907017152222622	-0.512485287734046	0.8079922358677796	0.02538322855902055
0.0	0.0	0.0	1.0
28	31	19
0.9770271223488697	0.1758067027221004	-0.12045724023099379	-0.027035413128870582
-0.041599346927369156	0.7116757346563133	0.7012752859733513	0.35573947511301707
0.20901531512808869	-0.6801542080375904	0.7026399694340487	0.0161722633878716
0.0	0.0	0.0	1.0
28	34	20
0.6656344733834405	-0.44099574858276036	0.6020409516040502	0.049062086713207116
0.15410953250701132	0.8705634251276524	0.46730042072858846	0.17979293293082033
-0.7301923819016125	-0.21827111167007696	0.6474387789616155	0.04944472224558828
0.0	0.0	0.0	1.0
29	30	21
0.9906002270871355	0.07393427197071578	-0.11508603709545992	-0.018567992653686985
-0.04370690432911147	0.9683177259241966	0.2458665025178759	0.1175711926041336
0.1296178740832185	-0.2385254217991219	0.9624472805421503	0.01919507897944352
0.0	0.0	0.0	1.0
29	31	22
0.9978215043526631	0.06338024082454052	-0.018308537861726207	-0.00033339262897169033
-0.04948792482800523	0.9026225562197748	0.42757837156848677	0.20790677558911563
0.043625713665625974	-0.4257408767195904	0.9037927594829381	0.03591773414991995
0.0	0.0	0.0	1.0
29	32	23
0.9634749921373981	-0.06471943275300915	0.25986009872905586	0.06447315353552678
-0.0789377589034991	0.8586095975618625	0.5065157867901733	0.2404177164081269
-0.25589980550554026	-0.508528132598833	0.8221400273320498	0.05787043993563031
0.0	0.0	0.0	1.0
29	34	24
0.5328205785965079	-0.26251258781168485	0.8044806570051308	0.06751903274842753
0.19012856396954114	0.9634976246023237	0.18847661897929918	0.042735815821396836
-0.8245928812601268	0.05253056224060955	0.5632825468130878	-0.012459081694342388
0.0	0.0	0.0	1.0
30	31	25
0.9952353502242034	0.013259076310472483	0.09659665909331284	0.014733064127583578
-0.03149631669310874	0.981315740136447	0.1898087511880957	0.0883040963530447
-0.09227518624462494	-0.19194680481917395	0.9770576347999637	0.03801708546130201
0.0	0.0	0.0	1.0
30	32	26
0.9197273818581447	-0.04088857459827074	0.3904224332506223	0.07886377384307135
-0.07300799837417928	0.9593924394488497	0.2724628426441392	0.12103524536574593
-0.38570898984438107	-0.27909552940462506	0.8793941933371076	0.0666421514931524
0.0	0.0	0.0	1.0
30	33	27
0.7101908246528258	-0.10467112032389252	0.6961845455453647	0.1233720562167405
0.052536062553010535	0.9940078617071242	0.09585576574247184	0.04097288766941346
-0.7020463740693151	-0.03150108055423845	0.7114342580249644	0.045689882551937434
0.0	0.0	0.0	1.0
36	39	28
0.9273011321716821	-0.14437141029421455	0.3453540632935738	-0.0026429395718215168
-0.02669872408249852	0.8947666786434575	0.44573509477778844	0.10321864179040117
-0.37336272928847103	-0.4225512886331807	0.8258636249011501	-0.18956206108462106
0.0	0.0	0.0	1.0
36	40	29
0.7665604622600141	-0.24215573704578386	0.5947652250608632	-0.28117855723094487
0.11428256197684457	0.9628349638909633	0.24472083053598373	0.08769519713759298
-0.631921362706101	-0.11962206384344684	0.7657453633726161	-0.17830423968660003
0.0	0.0	0.0	1.0
36	43	30
0.2987380926251881	-0.26764980925761744	0.9160343939606903	-0.6286400876360191
0.13054032126356488	0.9623048269508917	0.2385972091558844	0.005935960153247351
-0.9453649488103385	0.04830134777878488	0.3224162317982762	0.38644412874738576
0.0	0.0	0.0	1.0
37	39	31
0.8690463408265933	-0.11124731346454585	0.4820607869734252	-0.049635711014092115
-0.018601339911873977	0.9663536204473181	0.2565437232406731	0.03841928669208971
-0.4943809626551282	-0.23191538452235802	0.8377367201042005	-0.12267955491606011
0.0	0.0	0.0	1.0
37	40	32
0.6741846452206841	-0.1500610808971924	0.7231576177800875	-0.3071364488797921
0.14905904216533292	0.9866384976775199	0.0657708923646416	0.006032331684537421
-0.7233648177568249	0.06345144432992027	0.687544426729668	-0.11882390321446568
0.0	0.0	0.0	1.0
38	39	33
0.8971448608100241	0.02853168031684944	0.4408141276735829	-0.04008284223871175
-0.043935299572546514	0.9987271980794205	0.024774536932750425	-0.01891081763647774
-0.43954619985619103	-0.041593645545885786	0.8972564923542213	-0.07952212955744167
0.0	0.0	0.0	1.0
38	44	34
0.45447588416170964	0.12086295964615297	0.8825213041735462	-1.0507487948086913
0.10580624910867643	0.9764130387891206	-0.18820907956986466	-0.12622519591244083
-0.8844529143037373	0.17891279206198804	0.43096813389071387	0.23851852170530105
0.0	0.0	0.0	1.0
47	49	35
0.9943045928995948	0.06278509578007475	-0.0861190538003339	-0.1516284542867723
-0.006501384261673314	0.8422800242092381	0.5390009333137633	0.22814969425341736
0.10637756685335069	-0.5353712638950708	0.8378910890742056	-0.09073676934490749
0.0	0.0	0.0	1.0
48	49	36
0.9972390404759743	0.0018747227515965165	0.0742348308755213	-0.08447157530983931
-0.026147544749476254	0.9445230720580939	0.32740237740593814	0.17591516377613398
-0.06950276827897782	-0.3284395878085371	0.9419643346993956	0.002103349178914857
0.0	0.0	0.0	1.0
