11	16	1
0.7329186673152888	0.48232709059533996	-0.4797819139914628	0.26157118344500674
-0.27874662249500354	0.8562235778838214	0.4349500436983454	0.17827543357355324
0.6205888658370008	-0.1850454689213511	0.7619892303435153	-0.1270055607680023
0.0	0.0	0.0	1.0
12	16	2
0.8188961818724222	0.4375961848147223	-0.37137401972199047	0.11611146713232659
-0.2754320671538481	0.8673085769229341	0.4146241737720619	0.16537080337742519
0.5035339131844414	-0.23724582560920798	0.8307635595805978	-0.014218082469894665
0.0	0.0	0.0	1.0
13	16	3
0.9193294189095635	0.2934013369588362	-0.2622001590638246	-0.1415746310683029
-0.16545522874076887	0.8928142720798706	0.41893574838369224	0.20354920895081544
0.3570124857991423	-0.34175758514252924	0.8693351472688158	0.0515639848005661
0.0	0.0	0.0	1.0
14	16	4
0.9489281863971392	0.26028243076551283	-0.17829272565510906	-0.2853932002628614
-0.15417249627361693	0.87562126695226	0.45773161136837187	0.23429499743020443
0.27525649990995316	-0.4068667363803864	0.8710300074271561	0.08109747462057815
0.0	0.0	0.0	1.0
14	17	5
0.8756840856622935	0.38248942003158826	-0.2947530452440632	-0.45000972914130166
-0.1251178571552674	0.7692762167799961	0.6265457187471267	0.33284643777664336
0.4663936941805803	-0.5117773991382745	0.7214991720657266	0.059655721066736334
0.0	0.0	0.0	1.0
19	21	6
0.8222072407923744	-0.18487563342360439	-0.5383272136382489	-0.03417447254234639
-0.07794644852643669	0.9002985712488618	-0.42823654265970185	-0.1519653194091052
0.5638257250017353	0.39405994031312963	0.7258216587090663	-0.19939265317356455
0.0	0.0	0.0	1.0
19	22	7
0.9055348556967656	-0.13182950539103924	-0.4032709691974078	-0.013879152776731542
-0.14962186256049514	0.790208997003543	-0.5942919568911592	-0.21246338486041455
0.3970134799648359	0.5984903565855941	0.695837289249186	-0.2796095023734585
0.0	0.0	0.0	1.0
20	21	8
0.9750509429032105	-0.0609934232137488	-0.21343705872267404	-0.011824849047630799
-0.007830766824532742	0.951460704788108	-0.3076703202427542	-0.13955664860236552
0.2218429006993639	0.30166565233983883	0.9272450346126393	-0.0990854181131144
0.0	0.0	0.0	1.0
20	22	9
0.9983376572756791	-0.02585880605574045	-0.05150849359884109	0.024594157479415877
-0.00343715442029307	0.8653972152623575	-0.501074692171772	-0.21969208553742475
0.057532479767148106	0.5004188736851463	0.8638697300609103	-0.1837837579004743
0.0	0.0	0.0	1.0
23	24	10
0.9590553828835684	0.1552826657765766	-0.23685455988982265	-0.15814935185856963
-0.2266233251541766	0.9223399276394146	-0.31293880659997014	-0.1179435463614586
0.1698664657886381	0.3538023409829004	0.919765846121621	-0.06362636810058493
0.0	0.0	0.0	1.0
23	34	11
0.2549926966039536	0.2936961798978776	-0.9212606387786594	-0.39745092191604436
-0.1205301135548217	0.9549793900014415	0.2710844740032788	0.15498950158436497
0.9594015251264754	0.04191509975817261	0.2789120415699073	-0.10906656509230815
0.0	0.0	0.0	1.0
23	45	12
0.9916524727028625	-0.08060335507081426	-0.10063967962780242	-1.5999892519728367
0.0852284478172768	0.995453294054071	0.04252880582322344	0.05942540965709256
0.09675408278622516	-0.05075123919575634	0.9940136038050285	-0.19737892418485803
0.0	0.0	0.0	1.0
24	34	13
0.5083627747757293	0.5013986341437973	-0.7001189596355385	-0.30246297216449436
-0.031510947634643016	0.8232979549218844	0.5667342879245028	0.28316799057382736
0.8605663069799621	-0.26604526802116757	0.43433359531021193	0.023288185398454134
0.0	0.0	0.0	1.0
25	27	14
0.5441486015530557	0.6076133892455248	-0.5785396300611957	-0.15091499874406095
-0.5518042437397683	0.7786263515487171	0.2987526310302924	0.09813206501716498
0.6319923401152061	0.15667482719155854	0.7589721756233739	-0.002407462561931687
0.0	0.0	0.0	1.0
25	33	15
0.5950581981868868	0.5203350010218744	-0.6125007536875863	-0.19373792946451107
0.24533579752952991	0.6081327248602227	0.7549734289483272	0.4836522608861951
0.7653209313755325	-0.5995215473972306	0.23421754979414897	0.06402799026646566
0.0	0.0	0.0	1.0
27	35	16
0.6785724375689838	-0.5866112963031495	0.4420709934354126	-0.029051648234095877
0.3021924457629987	0.7714968710341257	0.5598858767429363	0.1757405537604714
-0.6694918489986688	-0.2463325422849853	0.7007859947208278	0.19807992823688664
0.0	0.0	0.0	1.0
28	29	17
0.9860757710046429	0.11053213413662914	-0.12424629779292379	-0.03482119299358724
-0.06461066370565854	0.9430868408279268	0.3262098180684258	0.14015122856799167
0.15323164942965162	-0.31364007938906985	0.9370966384695353	0.04585313958540562
0.0	0.0	0.0	1.0
28	30	18
0.9543951170092397	0.21531518996913923	-0.2068070638967534	-0.04797695141386944
-0.06798744061415735	0.831263098278711	0.5517058432788086	0.26607778914669755
0.2907017152222623	-0.5124852877340459	0.8079922358677796	0.025383228559022326
0.0	0.0	0.0	1.0
28	31	19
0.9770271223488693	0.17580670272210025	-0.12045724023099352	-0.02703541312886703
-0.041599346927369135	0.7116757346563135	0.7012752859733514	0.3557394751130173
0.20901531512808877	-0.6801542080375906	0.7026399694340489	0.016172263387874263
0.0	0.0	0.0	1.0
28	34	20
0.6656344733834405	-0.4409957485827604	0.6020409516040504	0.04906208671320356
0.15410953250701132	0.8705634251276523	0.4673004207285886	0.17979293293081944
-0.7301923819016126	-0.21827111167007698	0.6474387789616155	0.04944472224558828
0.0	0.0	0.0	1.0
29	30	21
0.9906002270871356	0.07393427197071578	-0.11508603709545998	-0.01856799265368521
-0.043706904329111465	0.9683177259241965	0.24586650251787584	0.11757119260413354
0.12961787408321856	-0.23852542179912187	0.9624472805421503	0.019195078979445297
0.0	0.0	0.0	1.0
29	31	22
0.9978215043526628	0.0633802408245405	-0.018308537861725996	-0.0003333926289681376
-0.04948792482800523	0.902622556219775	0.42757837156848694	0.2079067755891163
0.04362571366562603	-0.42574087671959043	0.9037927594829385	0.035917734149922616
0.0	0.0	0.0	1.0
29	32	23
0.9634749921373981	-0.06471943275300904	0.2598600987290557	0.06447315353552856
-0.07893775890349913	0.8586095975618626	0.5065157867901733	0.24041771640812712
-0.2558998055055403	-0.508528132598833	0.8221400273320497	0.057870439935629424
0.0	0.0	0.0	1.0
29	34	24
0.5328205785965078	-0.2625125878116849	0.8044806570051309	0.06751903274842398
0.19012856396954114	0.9634976246023237	0.18847661897929924	0.04273581582139595
-0.8245928812601269	0.05253056224060959	0.5632825468130878	-0.012459081694342388
0.0	0.0	0.0	1.0
30	31	25
0.9952353502242031	0.013259076310472528	0.09659665909331301	0.014733064127585354
-0.031496316693108754	0.9813157401364472	0.18980875118809581	0.08830409635304515
-0.09227518624462493	-0.19194680481917395	0.977057634799964	0.038017085461304674
0.0	0.0	0.0	1.0
30	32	26
0.9197273818581447	-0.04088857459827068	0.39042243325062215	0.07886377384307312
-0.07300799837417925	0.9593924394488498	0.27246284264413917	0.1210352453657466
-0.38570898984438107	-0.27909552940462506	0.8793941933371074	0.06664215149315152
0.0	0.0	0.0	1.0
30	33	27
0.7101908246528261	-0.10467112032389256	0.6961845455453645	0.12337205621674227
0.05253606255301058	0.9940078617071244	0.09585576574247184	0.040972887669413906
-0.7020463740693151	-0.03150108055423847	0.7114342580249645	0.04568988255193788
0.0	0.0	0.0	1.0
36	39	28
0.9273011321716821	-0.14437141029421455	0.3453540632935737	-0.002642939571819796
-0.026698724082498525	0.8947666786434577	0.44573509477778855	0.10321864179040073
-0.3733627292884711	-0.4225512886331807	0.8258636249011501	-0.18956206108462284
0.0	0.0	0.0	1.0
36	40	29
0.7665604622600141	-0.24215573704578386	0.594765225060863	-0.281178557230944
0.11428256197684455	0.9628349638909633	0.24472083053598373	0.08769519713759298
-0.6319213627061009	-0.11962206384344683	0.7657453633726162	-0.1783042396866018
0.0	0.0	0.0	1.0
36	43	30
0.2987380926251881	-0.26764980925761744	0.9160343939606903	-0.6286400876360209
0.13054032126356488	0.9623048269508918	0.2385972091558844	0.005935960153247573
-0.9453649488103384	0.048301347778784774	0.3224162317982765	0.386444128747384
0.0	0.0	0.0	1.0
37	39	31
0.8690463408265933	-0.11124731346454586	0.4820607869734251	-0.049635711014089506
-0.018601339911873987	0.9663536204473183	0.25654372324067315	0.03841928669208971
-0.49438096265512826	-0.23191538452235805	0.8377367201042005	-0.12267955491606189
0.0	0.0	0.0	1.0
37	40	32
0.6741846452206841	-0.15006108089719236	0.7231576177800874	-0.3071364488797894
0.1490590421653329	0.9866384976775199	0.06577089236464159	0.006032331684537421
-0.7233648177568249	0.0634514443299203	0.687544426729668	-0.11882390321446923
0.0	0.0	0.0	1.0
38	39	33
0.897144860810024	0.028531680316849398	0.4408141276735828	-0.04008284223871003
-0.04393529957254653	0.9987271980794207	0.024774536932750425	-0.018910817636478183
-0.43954619985619114	-0.04159364554588581	0.8972564923542214	-0.07952212955744345
0.0	0.0	0.0	1.0
38	44	34
0.45447588416170964	0.12086295964615297	0.8825213041735462	-1.0507487948086913
0.10580624910867643	0.9764130387891208	-0.1882090795698647	-0.12622519591244083
-0.8844529143037372	0.17891279206198807	0.430968133890714	0.23851852170530283
0.0	0.0	0.0	1.0
47	49	50
0.99430459	0.06278510	-0.08611905	-0.15162845
-0.00650138	0.84228002	0.53900093	0.22814969
0.10637757	-0.53537126	0.83789109	-0.09073677
-0.00000000	0.00000000	-0.00000000	1.00000020
48	49	35
0.9972390404759741	0.0018747227515966548	0.07423483087552105	-0.08447157530983931
-0.026147544749476268	0.944523072058094	0.3274023774059381	0.17591516377613353
-0.06950276827897782	-0.3284395878085371	0.9419643346993958	0.0021033491789166333
0.0	0.0	0.0	1.0
