12	23	1
0.9971178262008612	-0.07487211226140904	0.01225527566600583	-0.33666811522850837
0.07439828933634443	0.996600588095413	0.035388657383495156	0.9024650247774566
-0.014863157403251996	-0.03437487738879377	0.9992985180694853	-1.6056696948678535
0.0	0.0	0.0	1.0
12	25	2
0.34375581340768163	-0.5508175772776759	0.7605470507268357	-1.6936038074602011
0.500393454545089	0.7927838617644551	0.34799438515674097	0.14680891225383336
-0.7946308624122921	0.2609477220210886	0.5481495692518821	-0.592172694989975
0.0	0.0	0.0	1.0
13	21	3
0.9565250569236565	-0.14090655232117635	0.2553533374439925	-0.06414748422792861
-0.033933771474717864	0.8158301113260056	0.5772953868453625	0.07727214551821536
-0.2896695848044062	-0.5608626303217578	0.7755803896644026	-1.3061562527365005
0.0	0.0	0.0	1.0
13	22	4
0.9817673655842875	0.10364202352899009	0.15934582901534056	0.028980693170175834
-0.15128181717448216	0.933584632218583	0.32485930289760745	0.4142271027578478
-0.11509373857554629	-0.3430425016221761	0.9322421470833218	-1.4195167635690744
0.0	0.0	0.0	1.0
13	23	5
0.9679826743608454	-0.16391880624008692	0.19010582135820903	-0.24894430550675495
0.16994576282724047	0.985327953524077	-0.015732534596170585	0.7370041245881355
-0.18473760170791548	0.047536502170655366	0.9816376187204454	-1.3921525748300423
0.0	0.0	0.0	1.0
13	25	6
0.15340574430873583	-0.5168594719404168	0.8422131062610659	-1.411727965505995
0.5145052491122795	0.7694381057584847	0.37848294545408917	0.11366345641084748
-0.843653331618941	0.3752616821573937	0.3839630922191873	-0.5816983214140522
0.0	0.0	0.0	1.0
14	20	7
0.9551385744481186	-0.15401435982961179	0.25296211444619837	-0.2621580271712642
0.09676994850329694	0.9695590233376333	0.22492417471732312	0.1134140032277479
-0.2799032340899795	-0.1903546719981993	0.9409672117255488	-0.9974201429379409
0.0	0.0	0.0	1.0
14	21	8
0.9950160181790035	0.06081344370347377	0.07902506120101467	-0.160871091263969
-0.08785759631564728	0.9094919714494591	0.40633182840028614	0.043278982695910455
-0.04716217813415709	-0.41124965632881183	0.9103019581975291	-1.1242967253146472
0.0	0.0	0.0	1.0
14	22	9
0.9581017422492255	0.27899630368646	-0.06482274121344044	-0.1090576502807957
-0.2654346483311849	0.9498884120748506	0.16509505936448085	0.3590491322493667
0.10763532471617634	-0.14097173910355107	0.9841451462982511	-1.272940233909131
0.0	0.0	0.0	1.0
14	23	10
0.9994965712021393	0.025845681178765616	0.018401146154834017	-0.35095751478687764
-0.020757323012224337	0.9713303877720694	-0.23682602705261813	0.5966043540054258
-0.023994408118455834	0.23632486955568283	0.9713778188898163	-1.2761134400181893
0.0	0.0	0.0	1.0
14	25	11
0.3848658456081036	-0.2891791921785109	0.8765007355079607	-1.2923547121426286
0.4186949289548637	0.9010161616028229	0.11342119382804236	-0.013172835981950815
-0.8225404101140773	0.3233345292768708	0.4678481636009101	-0.46660510525684024
0.0	0.0	0.0	1.0
15	20	12
0.9844176095036052	-0.11154416484376896	0.13594075079386672	-0.30009834532299745
0.10055176971660167	0.9912746365304587	0.0852280894854942	0.018120591232442956
-0.14426146591649913	-0.07023095772006534	0.9870442198011935	-0.7751129010159591
0.0	0.0	0.0	1.0
15	21	13
0.9945463572033232	0.07947112743404756	-0.06754353507730726	-0.2617770122880411
-0.056043554643243274	0.9533795948959142	0.29652409141589203	0.00792592897645921
0.08795962830526534	-0.2911215489814644	0.9526339771919101	-0.9040491886795725
0.0	0.0	0.0	1.0
15	22	14
0.9326226991120404	0.2769902892640484	-0.23128188224350116	-0.2597317868464536
-0.2657687607954739	0.9607951663013389	0.07899019127626511	0.29463564837159634
0.2440939654678551	-0.012200580585007639	0.9696748253510237	-1.0910363624513235
0.0	0.0	0.0	1.0
15	23	15
0.9916777972217392	0.037036069676085116	-0.12330298191056988	-0.45864005583447154
-0.07863830488106713	0.932559498961904	-0.3523475880574723	0.4314765345895333
0.10193776403379036	0.3591116198938965	0.92771091617431	-1.130930514565972
0.0	0.0	0.0	1.0
15	24	16
0.928718255019154	-0.13523210949024186	0.3452459932955707	-0.8383854544773363
0.2851221612743956	0.8557178850848028	-0.43180097973625925	0.24499072506167716
-0.23703991354761214	0.4994586174788214	0.8332785623604019	-0.9561337624838525
0.0	0.0	0.0	1.0
15	25	17
0.5079769994183732	-0.1705125877668235	0.8443249164512096	-1.1403823818772556
0.4060502063395639	0.9118695598126123	-0.06014142434434765	-0.15416418858521935
-0.7596595398566984	0.37338879465803343	0.5324455177233296	-0.336349019286089
0.0	0.0	0.0	1.0
15	26	18
0.06128172304066835	-0.14211765352082922	0.9879509266586047	-1.03954948206147
0.2004304723463502	0.9714016746621672	0.12730445866808798	-0.14424518389274943
-0.9777895698724133	0.19021404137672562	0.08801399145598092	0.28317040530441634
0.0	0.0	0.0	1.0
16	20	50
0.96178597	-0.21296513	0.17208547	-0.19054590
0.21130179	0.97701559	0.02814370	-0.05806248
-0.17412383	0.00929376	0.98467986	-0.60034588
0.00000000	-0.00000000	-0.00000000	1.00000000
16	21	19
0.998401808843123	-0.037617253513629184	-0.04217532439645508	-0.20737988693616313
0.04655768747010352	0.9705103078899396	0.2365211832131577	-0.03798360235972854
0.032034307540444666	-0.23810677439748648	0.9707105833139419	-0.6960049931493395
0.0	0.0	0.0	1.0
16	22	20
0.9632831362724622	0.15482703273586856	-0.21934891470648105	-0.25935228668161414
-0.155857823261291	0.9876977245791148	0.01270608274246087	0.19290833961175116
0.21861767996268577	0.021947681916891018	0.9755637049842972	-0.896099133460972
0.0	0.0	0.0	1.0
16	23	21
0.9919868255455139	-0.082912419308505	-0.09532863687749833	-0.41030098778312174
0.036732826648479634	0.9112146400169393	-0.4102909341615254	0.26857277353242526
0.12088312796992678	0.40350160361141035	0.9069584866828746	-0.9913783268565531
0.0	0.0	0.0	1.0
16	25	22
0.4654825735489288	-0.1727440676007202	0.868035231119053	-0.9325040349430082
0.5089877390732981	0.8546043294286406	-0.10287264329922169	-0.22579937993676633
-0.7240560933206618	0.4897048566120922	0.48572805138190345	-0.33432565871335407
0.0	0.0	0.0	1.0
16	26	23
0.021769309170656066	-0.08510534179715155	0.9961340281514298	-0.8420187113133837
0.3072517450408994	0.9487202068181235	0.07433987380706086	-0.20334080009635186
-0.9513792507272076	0.30444566439259685	0.04680175618005126	0.20676089458788507
0.0	0.0	0.0	1.0
17	21	24
0.9669237237883486	0.1568900117978658	-0.20110718429265595	-0.1831543779822606
-0.06538108293855255	0.9145620877822709	0.3991260933619099	0.10450324659678506
0.2465439028342544	-0.37277593188924457	0.8945693278453596	-0.4987805349697649
0.0	0.0	0.0	1.0
17	22	25
0.8699056417630102	0.3640296553375871	-0.33278584340734707	-0.2587409762955367
-0.3054715796483405	0.9273896975762714	0.21595225706419116	0.27926865590559696
0.38723524062118997	-0.08620153580174796	0.9179423061885448	-0.6673451664977539
0.0	0.0	0.0	1.0
17	23	26
0.9581491073594673	0.11981978072742147	-0.25998742257105234	-0.4023221097191175
-0.1839306984855019	0.9535982535142137	-0.23836945231350049	0.26036538248471586
0.21936223040157066	0.27621321311183505	0.9357277316472441	-0.7471328884108136
0.0	0.0	0.0	1.0
17	25	27
0.6379298237365132	-0.21254633369832596	0.7401819490298753	-0.7362846146726553
0.33952233900108736	0.9403263858853537	-0.022600527678457993	-0.15268537258416415
-0.6912090643131257	0.2657259426455171	0.6720264582355148	-0.2080754084016104
0.0	0.0	0.0	1.0
17	26	28
0.21698367171851665	-0.23008648002473336	0.9486717593598596	-0.6256440490887245
0.16131518659481936	0.9669157077333935	0.1976146037155331	-0.08949150884005186
-0.9627541682939034	0.1101560571339678	0.24692136630669229	0.20944344846839016
0.0	0.0	0.0	1.0
18	22	29
0.5252367590740861	0.6225104940422788	-0.5801784596602672	-0.30945011451654547
-0.40015303550016545	0.7823930255559011	0.4772198892624774	0.4263468381017041
0.7510020225028676	-0.018493301099435186	0.6600410306088618	-0.6196692410658273
0.0	0.0	0.0	1.0
18	23	30
0.6929168399241893	0.4116327540509069	-0.5919669311497529	-0.4803309774028083
-0.49535674439937777	0.8683584127586934	0.023994175028480374	0.35986894274196124
0.5239162307425501	0.27660890650654923	0.8056050445958785	-0.6447118684588876
0.0	0.0	0.0	1.0
18	25	31
0.9238916771598622	-0.05514455314160211	0.3786597997034049	-0.737109335333347
0.05565734167377599	0.99840384890335	0.009600125074777767	-0.07169986940342378
-0.3785848149483233	0.012205777337334404	0.925486105457392	-0.06694755471639996
0.0	0.0	0.0	1.0
18	26	32
0.6512471393257288	-0.20771131532971707	0.7298857880996203	-0.5794909206337016
-0.011589963160067366	0.9589770226784272	0.2832473893183245	0.027446331030798573
-0.7587773565610672	-0.19292336979717598	0.6221235911103163	0.3127480383954419
0.0	0.0	0.0	1.0
19	21	33
0.8589906997157654	0.4304749135872862	-0.27717597620921947	-0.19122872205109417
-0.22771053969944202	0.8060918575530449	0.5462270755487999	0.30444128971979123
0.458566306252721	-0.40608813514826736	0.7904489605128269	-0.2611730155775231
0.0	0.0	0.0	1.0
19	22	34
0.6960632171148594	0.6198427873933912	-0.3623408748915533	-0.28991699531605064
-0.48782881099602116	0.7785804557751462	0.3947600334316465	0.4174985728454374
0.5268007263818714	-0.09801769520441074	0.8443183866307123	-0.39090660239726427
0.0	0.0	0.0	1.0
19	23	35
0.851010178040304	0.40026263458852746	-0.33995820429004864	-0.4314849936782007
-0.44433195489572674	0.8938597430449348	-0.0598673129485318	0.2720535083076514
0.279912322906661	0.20200204225153465	0.9385330362831095	-0.4380849111142965
0.0	0.0	0.0	1.0
19	25	36
0.7719228468196918	-0.1300106575989843	0.6222798102441858	-0.5144045775134368
0.09228239645003325	0.9914123669884015	0.09265812411379239	-0.05906499696926592
-0.6289825156941526	-0.01409946367951952	0.7772915035495536	-0.011855651371733502
0.0	0.0	0.0	1.0
19	26	37
0.4032850479513795	-0.2843751700028538	0.8697654010054001	-0.3599737146870412
-0.05275230874174252	0.9416805652069717	0.3323478724498242	0.06462242826681608
-0.913552695672101	-0.17991310828829257	0.36476423803441627	0.25598265778439305
0.0	0.0	0.0	1.0
20	21	38
0.9610024396139505	0.17302451574506095	-0.21572435446423768	-0.14372780704010954
-0.12120445156195211	0.9646980249057617	0.23381054398365042	0.13530134408016042
0.24856382519967668	-0.1985457409889045	0.9480484051084509	-0.09101328022942964
0.0	0.0	0.0	1.0
20	22	39
0.8557528543833006	0.3486386272924312	-0.38228010895331566	-0.3055495535451008
-0.35806054487260536	0.9324206466659292	0.048829403279874825	0.20813455836609576
0.37346974897008955	0.09509351481153168	0.9227554454154397	-0.26544220924372874
0.0	0.0	0.0	1.0
20	23	40
0.9553319735415505	0.12591900322526556	-0.2673673159031883	-0.3814680939929115
-0.22933295253390315	0.8864855353107756	-0.4019327147462645	0.035047220447036016
0.18640636251118073	0.4452953576438138	0.8757652447295139	-0.40424234932101266
0.0	0.0	0.0	1.0
20	25	41
0.6338594484812483	-0.045986608615510204	0.7720798345535057	-0.35087986530710846
0.289833541828097	0.9396165932483769	-0.1819810471645451	-0.22526788786261095
-0.7170904273286157	0.33912509517946005	0.6089132916089621	-0.08571526927457784
0.0	0.0	0.0	1.0
21	22	42
0.9651705829461503	0.14322878644893325	-0.21893155175909523	-0.20613239936890143
-0.19329908392253145	0.9543195546877833	-0.22783635294330606	0.030495248393594035
0.17629796506084125	0.26222024941351413	0.948767326769303	-0.1892315884543655
0.0	0.0	0.0	1.0
22	23	43
0.9636375733472644	-0.23771262009480895	0.12204699151695002	-0.005156430034852659
0.26646167299290924	0.8890664152846267	-0.3722354623900775	-0.16738800361874215
-0.020022722218506227	0.3912209700699035	0.9200789591623129	-0.24755912509307867
0.0	0.0	0.0	1.0
22	24	44
0.7488366130824229	-0.34948362565887037	0.5631208512638964	0.07346688573534711
0.6028046729869365	0.7122851445117759	-0.35955014097089616	-0.2005886374771069
-0.27544574866453664	0.6086961562255411	0.7440555395286595	-0.39522776373279933
0.0	0.0	0.0	1.0
23	24	45
0.8734108202284745	-0.3207914033237806	0.3663965452015074	0.11497872931087559
0.367684049211312	0.9277303368172055	-0.06422355551011778	-0.05930089152238498
-0.31931489583053824	0.1908115611067989	0.9282396723503614	-0.13514050499058533
0.0	0.0	0.0	1.0
23	25	46
0.39332656717465253	-0.49645544106934003	0.7738384504196284	0.1293793270676301
0.443858608168723	0.839632179898288	0.31306092659748425	0.04117571974291779
-0.8051606302839918	0.22033967536391283	0.5506057494360502	-0.17800249174116559
0.0	0.0	0.0	1.0
24	25	47
0.7863260414321168	-0.36565552857252154	0.4979830329053105	0.08458253770884218
0.23302853989866118	0.9220463194511396	0.3090766061517189	0.11082933173670662
-0.5721790378493126	-0.12699065172779292	0.8102372731666431	-0.010248857635463017
0.0	0.0	0.0	1.0
25	26	48
0.8895143939213852	-0.16412609752753235	0.42641167123013185	0.09295784197211265
0.04366418422101283	0.9595203378137882	0.27823432604092496	0.1470561995176063
-0.4548161678117794	-0.2288745121767791	0.8606735523765162	0.018708512348675137
0.0	0.0	0.0	1.0
28	36	49
0.971270927414111	-0.1090804450679525	0.21150452311657614	0.5556867632561069
0.15237265253726706	0.9677460554038225	-0.20062439844468483	0.41205998670043736
-0.1827985286264169	0.2270882082711436	0.9565645295284513	-1.9249653476557775
0.0	0.0	0.0	1.0
30	34	50
0.8566703829233439	0.3858089985805426	-0.3424430991907288	0.39156277392010436
-0.17919605813167686	0.8450447338299606	0.503773932130975	0.30153511945610323
0.4837402946380678	-0.3702037981031473	0.7930602616930363	-0.9006479939689594
0.0	0.0	0.0	1.0
30	36	51
0.9655770295855015	0.15926728328697745	-0.20565713434334354	0.26280112444859
-0.10108520417406498	0.9582435390247269	0.2674904333163231	0.5659717882406256
0.2396721076243193	-0.2374937229258379	0.9413575750446329	-1.405991123643411
0.0	0.0	0.0	1.0
30	37	52
0.8670972530479153	0.2058277847184437	-0.45362681964776863	0.706881320091153
-0.13461491695476602	0.973581824157693	0.18443795097164492	0.7082106231571326
0.4796053368042023	-0.09886070241090125	0.871897704443284	-1.5092345369116806
0.0	0.0	0.0	1.0
30	38	53
0.8439048810827273	0.3175078020051277	-0.4324502094854845	0.9804105153432743
-0.21588796858390402	0.9389032147672106	0.26805437911183755	0.6601189125643907
0.49113831975982797	-0.13285165241704464	0.8608912570276609	-1.6968255656780666
0.0	0.0	0.0	1.0
31	36	54
0.8299202021070229	0.11417550141452672	-0.5460736774077467	0.174466914644763
-0.11862708323802817	0.9925650676834167	0.02724105566357386	0.4001647658907227
0.5451240355161394	0.04217121049601959	0.8372940898370261	-1.2874357118965711
0.0	0.0	0.0	1.0
31	37	55
0.6547340023209126	0.08701125446585098	-0.7508345347005354	0.591953230615551
-0.17778907453798928	0.9832102274900502	-0.04109315976660142	0.533569941686596
0.7346528415812256	0.1603952578169874	0.6592108106908517	-1.4341182478594217
0.0	0.0	0.0	1.0
31	38	56
0.6270292874275241	0.19964612653039773	-0.7529778124210579	0.8457619348211063
-0.22467904229669464	0.9718727756424765	0.07058680543703463	0.5028552703790057
0.7458912717006719	0.12491829924852776	0.6542490407222924	-1.6162762420154486
0.0	0.0	0.0	1.0
32	37	57
0.7834914024342686	-0.10704031524612136	-0.6121141941782288	0.5520035736676484
-0.023380395174718252	0.9792768145045097	-0.20117236094953972	0.3233293985536815
0.620962803042048	0.1719283056198132	0.7647523313312222	-1.2394216059953178
0.0	0.0	0.0	1.0
34	37	58
0.9775681171026122	-0.20997209078205334	-0.016501770140556107	0.37255370976498553
0.1971365151892253	0.9397576733493984	-0.279271877377845	0.09612370400319505
0.0741469740179605	0.269754268131443	0.960070365939764	-0.7549226680480511
0.0	0.0	0.0	1.0
35	37	59
0.9380716305384532	-0.11936224420775526	-0.325229973711929	0.19422772429300855
-0.0008760489678838192	0.9379522470122397	-0.3467634991286578	0.023094452508355436
0.34644063780648676	0.32557396791693644	0.8797617673340631	-0.5999527616310686
0.0	0.0	0.0	1.0
37	43	60
0.8382136878742584	0.22774654797944363	-0.4955089812380692	1.2320881067079525
-0.20664185479361638	0.9735078183967797	0.09788518379667316	0.2075960424784702
0.50467506320004	0.020344196246936164	0.8630696088910463	-0.3335156277132931
0.0	0.0	0.0	1.0
41	43	61
0.5389139126739294	0.1557488587333739	-0.8278369978296284	0.28317731863174533
-0.10077873345453298	0.9876205958803743	0.12020449249479906	0.10266723201768277
0.8363107912294074	0.018648480497174845	0.5479386805300037	-0.3011828314774606
0.0	0.0	0.0	1.0
42	43	62
0.9049171923769815	0.11137684045149657	-0.4107554435684739	0.0897608767680231
-0.055333188427779394	0.98774676418725	0.1459266025744445	0.0673503497772756
0.42197522969096374	-0.1093231253551796	0.8999919716948345	-0.13730841091378637
0.0	0.0	0.0	1.0
43	44	63
0.9436114277669014	-0.15600818330291238	0.2919913742911579	0.1837908630254986
0.10361231788212162	0.9768631781933863	0.18709066100541868	0.07645182172074129
-0.31442335896738893	-0.14628698955550018	0.9379434506055228	-0.11311877749289337
0.0	0.0	0.0	1.0
43	45	64
0.46816116938315067	-0.355486214393721	0.8089835742321828	0.18986013693547074
0.3077194485069695	0.923791139111617	0.2278570182952778	0.10802895879346786
-0.8283319972453727	0.14226621789324767	0.5418731089387795	-0.4312280948590786
0.0	0.0	0.0	1.0
