12	23	1
0.9971178262008612	-0.074872112261409	0.012255275666005639	-0.33666811522850926
0.07439828933634453	0.9966005880954127	0.03538865738349506	0.9024650247774584
-0.014863157403252173	-0.03437487738879373	0.9992985180694854	-1.6056696948678562
0.0	0.0	0.0	1.0
12	25	2
0.34375581340768135	-0.5508175772776758	0.7605470507268356	-1.6936038074602047
0.500393454545089	0.7927838617644551	0.3479943851567409	0.14680891225383286
-0.7946308624122922	0.26094772202108857	0.5481495692518822	-0.592172694989975
0.0	0.0	0.0	1.0
13	21	3
0.9565250569236567	-0.14090655232117638	0.2553533374439926	-0.06414748422792772
-0.03393377147471788	0.8158301113260056	0.5772953868453625	0.07727214551821558
-0.2896695848044064	-0.5608626303217578	0.7755803896644026	-1.3061562527364987
0.0	0.0	0.0	1.0
13	22	4
0.9817673655842873	0.10364202352899007	0.1593458290153407	0.028980693170174945
-0.15128181717448205	0.933584632218583	0.3248593028976075	0.4142271027578487
-0.11509373857554629	-0.3430425016221761	0.9322421470833218	-1.4195167635690744
0.0	0.0	0.0	1.0
13	23	5
0.9679826743608454	-0.1639188062400869	0.19010582135820872	-0.24894430550675495
0.16994576282724055	0.9853279535240768	-0.015732534596170675	0.7370041245881372
-0.18473760170791567	0.04753650217065545	0.9816376187204454	-1.392152574830045
0.0	0.0	0.0	1.0
13	25	6
0.15340574430873558	-0.5168594719404167	0.8422131062610657	-1.4117279655059987
0.5145052491122795	0.7694381057584847	0.37848294545408906	0.11366345641084698
-0.8436533316189411	0.3752616821573937	0.38396309221918734	-0.5816983214140523
0.0	0.0	0.0	1.0
14	20	7
0.9551385744481186	-0.15401435982961176	0.25296211444619837	-0.2621580271712642
0.09676994850329693	0.9695590233376332	0.22492417471732307	0.11341400322774779
-0.2799032340899794	-0.19035467199819933	0.9409672117255488	-0.99742014293794
0.0	0.0	0.0	1.0
14	21	8
0.9950160181790036	0.06081344370347378	0.07902506120101464	-0.16087109126396812
-0.0878575963156473	0.9094919714494591	0.4063318284002861	0.04327898269591068
-0.047162178134157316	-0.4112496563288119	0.9103019581975291	-1.1242967253146454
0.0	0.0	0.0	1.0
14	22	9
0.9581017422492254	0.27899630368645995	-0.06482274121344037	-0.1090576502807957
-0.2654346483311848	0.9498884120748506	0.16509505936448085	0.35904913224936713
0.10763532471617634	-0.14097173910355107	0.9841451462982511	-1.272940233909131
0.0	0.0	0.0	1.0
14	23	10
0.9994965712021393	0.025845681178765584	0.018401146154833816	-0.35095751478687764
-0.020757323012224226	0.9713303877720691	-0.23682602705261815	0.5966043540054276
-0.023994408118456007	0.2363248695556829	0.9713778188898164	-1.276113440018192
0.0	0.0	0.0	1.0
14	25	11
0.38486584560810333	-0.28917919217851085	0.8765007355079605	-1.2923547121426322
0.41869492895486365	0.901016161602823	0.11342119382804226	-0.013172835981951314
-0.8225404101140774	0.3233345292768708	0.4678481636009102	-0.4666051052568402
0.0	0.0	0.0	1.0
15	20	12
0.9844176095036052	-0.11154416484376893	0.13594075079386672	-0.30009834532299745
0.10055176971660167	0.9912746365304586	0.08522808948549418	0.018120591232442845
-0.14426146591649902	-0.07023095772006537	0.9870442198011935	-0.7751129010159582
0.0	0.0	0.0	1.0
15	21	13
0.9945463572033233	0.07947112743404758	-0.06754353507730732	-0.26177701228804023
-0.05604355464324329	0.9533795948959142	0.29652409141589203	0.007925928976459433
0.08795962830526512	-0.2911215489814645	0.9526339771919101	-0.9040491886795707
0.0	0.0	0.0	1.0
15	22	14
0.9326226991120402	0.27699028926404834	-0.23128188224350102	-0.2597317868464545
-0.26576876079547385	0.9607951663013389	0.07899019127626507	0.2946356483715972
0.2440939654678551	-0.012200580585007639	0.9696748253510237	-1.0910363624513235
0.0	0.0	0.0	1.0
15	23	15
0.9916777972217391	0.03703606967608506	-0.12330298191056997	-0.4586400558344724
-0.07863830488106699	0.9325594989619038	-0.35234758805747235	0.43147653458953505
0.1019377640337902	0.35911161989389656	0.9277109161743101	-1.1309305145659747
0.0	0.0	0.0	1.0
15	24	16
0.928718255019154	-0.13523210949024186	0.34524599329557076	-0.8383854544773363
0.28512216127439555	0.8557178850848027	-0.43180097973625914	0.2449907250616776
-0.2370399135476121	0.4994586174788213	0.8332785623604018	-0.9561337624838534
0.0	0.0	0.0	1.0
15	25	17
0.5079769994183728	-0.1705125877668235	0.8443249164512093	-1.1403823818772592
0.40605020633956385	0.9118695598126123	-0.06014142434434773	-0.15416418858521985
-0.7596595398566985	0.37338879465803343	0.5324455177233297	-0.3363490192860889
0.0	0.0	0.0	1.0
15	26	18
0.06128172304066829	-0.1421176535208292	0.9879509266586047	-1.0395494820614717
0.20043047234635028	0.9714016746621672	0.12730445866808798	-0.14424518389274915
-0.9777895698724136	0.19021404137672562	0.08801399145598085	0.28317040530441634
0.0	0.0	0.0	1.0
16	20	19
0.9617859742318662	-0.21296513179994767	0.1720854664141555	-0.19054589972715114
0.21130178781762726	0.977015586065493	0.028143701638746455	-0.058062481316133084
-0.17412383409327162	0.009293762683917002	0.9846798629549038	-0.6003458795113671
0.0	0.0	0.0	1.0
16	21	20
0.9984018088431232	-0.0376172535136292	-0.04217532439645512	-0.20737988693616313
0.04655768747010352	0.9705103078899396	0.2365211832131577	-0.037983602359728315
0.032034307540444444	-0.23810677439748648	0.9707105833139419	-0.6960049931493377
0.0	0.0	0.0	1.0
16	22	21
0.963283136272462	0.15482703273586856	-0.2193489147064809	-0.2593522866816146
-0.15585782326129094	0.9876977245791148	0.012706082742460835	0.1929083396117516
0.21861767996268577	0.021947681916891018	0.9755637049842972	-0.896099133460972
0.0	0.0	0.0	1.0
16	23	22
0.9919868255455138	-0.08291241930850506	-0.09532863687749848	-0.41030098778312263
0.03673282664847974	0.9112146400169391	-0.41029093416152546	0.26857277353242703
0.12088312796992663	0.4035016036114104	0.9069584866828746	-0.9913783268565549
0.0	0.0	0.0	1.0
16	25	23
0.46548257354892864	-0.17274406760072014	0.8680352311190528	-0.9325040349430117
0.508987739073298	0.8546043294286406	-0.10287264329922177	-0.22579937993676685
-0.7240560933206618	0.4897048566120922	0.48572805138190356	-0.33432565871335396
0.0	0.0	0.0	1.0
16	26	24
0.02176930917065601	-0.08510534179715151	0.9961340281514298	-0.8420187113133872
0.3072517450408995	0.9487202068181235	0.07433987380706089	-0.20334080009635153
-0.9513792507272079	0.3044456643925969	0.04680175618005125	0.20676089458788507
0.0	0.0	0.0	1.0
17	21	25
0.9669237237883488	0.15689001179786582	-0.20110718429265606	-0.1831543779822606
-0.06538108293855256	0.9145620877822709	0.39912609336190985	0.10450324659678528
0.24654390283425417	-0.37277593188924457	0.8945693278453597	-0.4987805349697649
0.0	0.0	0.0	1.0
17	22	26
0.86990564176301	0.364029655337587	-0.33278584340734696	-0.25874097629553716
-0.3054715796483404	0.9273896975762714	0.2159522570641911	0.2792686559055974
0.38723524062118997	-0.08620153580174796	0.9179423061885448	-0.6673451664977539
0.0	0.0	0.0	1.0
17	23	27
0.9581491073594672	0.11981978072742142	-0.2599874225710525	-0.4023221097191184
-0.18393069848550175	0.9535982535142135	-0.23836945231350054	0.26036538248471763
0.21936223040157052	0.27621321311183505	0.9357277316472442	-0.7471328884108172
0.0	0.0	0.0	1.0
17	25	28
0.6379298237365131	-0.21254633369832593	0.7401819490298751	-0.7362846146726606
0.3395223390010873	0.9403263858853537	-0.0226005276784581	-0.1526853725841647
-0.6912090643131257	0.265725942645517	0.6720264582355149	-0.20807540840161026
0.0	0.0	0.0	1.0
17	26	29
0.2169836717185166	-0.23008648002473334	0.9486717593598596	-0.6256440490887281
0.16131518659481944	0.9669157077333935	0.1976146037155331	-0.08949150884005153
-0.9627541682939036	0.11015605713396778	0.24692136630669229	0.20944344846839016
0.0	0.0	0.0	1.0
18	22	30
0.525236759074086	0.6225104940422785	-0.5801784596602669	-0.3094501145165459
-0.4001530355001654	0.7823930255559011	0.4772198892624773	0.42634683810170454
0.7510020225028676	-0.018493301099435186	0.6600410306088618	-0.6196692410658273
0.0	0.0	0.0	1.0
18	23	31
0.6929168399241891	0.4116327540509068	-0.591966931149753	-0.4803309774028083
-0.49535674439937766	0.8683584127586934	0.023994175028480214	0.35986894274196213
0.52391623074255	0.2766089065065492	0.8056050445958787	-0.6447118684588912
0.0	0.0	0.0	1.0
18	25	32
0.9238916771598619	-0.05514455314160215	0.37865979970340485	-0.7371093353333505
0.05565734167377592	0.99840384890335	0.009600125074777715	-0.07169986940342432
-0.37858481494832324	0.012205777337334365	0.9254861054573921	-0.06694755471639985
0.0	0.0	0.0	1.0
18	26	33
0.6512471393257288	-0.20771131532971704	0.7298857880996205	-0.5794909206337033
-0.011589963160067286	0.9589770226784272	0.28324738931832444	0.027446331030799128
-0.7587773565610674	-0.19292336979717606	0.6221235911103165	0.312748038395441
0.0	0.0	0.0	1.0
19	21	34
0.8589906997157655	0.4304749135872863	-0.2771759762092195	-0.19122872205109417
-0.22771053969944205	0.8060918575530449	0.5462270755487999	0.30444128971979145
0.45856630625272077	-0.40608813514826747	0.790448960512827	-0.2611730155775231
0.0	0.0	0.0	1.0
19	22	35
0.6960632171148593	0.619842787393391	-0.36234087489155314	-0.2899169953160502
-0.4878288109960211	0.7785804557751462	0.39476003343164645	0.41749857284543784
0.5268007263818714	-0.09801769520441074	0.8443183866307123	-0.39090660239726427
0.0	0.0	0.0	1.0
19	23	36
0.851010178040304	0.40026263458852734	-0.33995820429004875	-0.4314849936782016
-0.4443319548957266	0.8938597430449347	-0.05986731294853191	0.2720535083076532
0.27991232290666085	0.2020020422515347	0.9385330362831096	-0.43808491111429826
0.0	0.0	0.0	1.0
19	25	37
0.7719228468196915	-0.1300106575989843	0.6222798102441857	-0.5144045775134404
0.09228239645003326	0.9914123669884015	0.09265812411379233	-0.059064996969266474
-0.6289825156941526	-0.014099463679519567	0.7772915035495536	-0.01185565137173339
0.0	0.0	0.0	1.0
19	26	38
0.40328504795137937	-0.2843751700028538	0.8697654010054001	-0.35997371468704475
-0.052752308741742436	0.9416805652069717	0.3323478724498242	0.06462242826681647
-0.9135526956721012	-0.17991310828829263	0.3647642380344163	0.25598265778439394
0.0	0.0	0.0	1.0
20	21	39
0.9610024396139506	0.17302451574506097	-0.2157243544642378	-0.14372780704010954
-0.12120445156195213	0.9646980249057617	0.23381054398365042	0.13530134408016065
0.24856382519967649	-0.19854574098890454	0.9480484051084509	-0.09101328022942787
0.0	0.0	0.0	1.0
20	22	40
0.8557528543833005	0.3486386272924311	-0.3822801089533155	-0.30554955354510127
-0.3580605448726053	0.9324206466659292	0.048829403279874777	0.20813455836609665
0.37346974897008955	0.09509351481153168	0.9227554454154397	-0.26544220924372874
0.0	0.0	0.0	1.0
20	23	41
0.9553319735415504	0.1259190032252655	-0.26736731590318846	-0.38146809399291237
-0.22933295253390304	0.8864855353107753	-0.4019327147462646	0.035047220447036904
0.1864063625111806	0.4452953576438139	0.875765244729514	-0.40424234932101444
0.0	0.0	0.0	1.0
20	25	42
0.6338594484812482	-0.04598660861551022	0.7720798345535055	-0.3508798653071138
0.28983354182809695	0.9396165932483769	-0.18198104716454516	-0.2252678878626115
-0.7170904273286157	0.33912509517946	0.6089132916089621	-0.0857152692745777
0.0	0.0	0.0	1.0
21	22	43
0.9651705829461502	0.14322878644893328	-0.2189315517590951	-0.20613239936890188
-0.19329908392253137	0.9543195546877833	-0.22783635294330612	0.03049524839359448
0.17629796506084125	0.26222024941351413	0.948767326769303	-0.1892315884543655
0.0	0.0	0.0	1.0
22	23	44
0.9636375733472644	-0.237712620094809	0.12204699151694993	-0.005156430034852659
0.2664616729929093	0.8890664152846265	-0.3722354623900775	-0.16738800361873948
-0.020022722218506355	0.39122097006990353	0.9200789591623129	-0.24755912509308045
0.0	0.0	0.0	1.0
22	24	45
0.7488366130824229	-0.34948362565887037	0.5631208512638964	0.07346688573534711
0.6028046729869364	0.7122851445117758	-0.35955014097089605	-0.20058863747710645
-0.27544574866453664	0.608696156225541	0.7440555395286594	-0.3952277637328002
0.0	0.0	0.0	1.0
23	24	46
0.8734108202284745	-0.3207914033237806	0.3663965452015074	0.11497872931087559
0.367684049211312	0.9277303368172054	-0.06422355551011776	-0.05930089152238453
-0.3193148958305382	0.19081156110679884	0.9282396723503612	-0.13514050499058622
0.0	0.0	0.0	1.0
23	25	47
0.39332656717465236	-0.49645544106933986	0.7738384504196282	0.12937932706762656
0.443858608168723	0.839632179898288	0.3130609265974842	0.041175719742917234
-0.8051606302839919	0.22033967536391277	0.5506057494360503	-0.17800249174116545
0.0	0.0	0.0	1.0
24	25	48
0.7863260414321165	-0.3656555285725215	0.4979830329053103	0.0845825377088404
0.23302853989866112	0.9220463194511397	0.30907660615171884	0.11082933173670606
-0.5721790378493126	-0.126990651727793	0.8102372731666431	-0.010248857635462879
0.0	0.0	0.0	1.0
25	26	49
0.8895143939213852	-0.16412609752753232	0.42641167123013185	0.0929578419721091
0.043664184221012876	0.9595203378137882	0.27823432604092485	0.14705619951760668
-0.4548161678117796	-0.22887451217677918	0.8606735523765163	0.018708512348676026
0.0	0.0	0.0	1.0
28	36	50
0.9712709274141111	-0.10908044506795256	0.21150452311657608	0.5556867632561078
0.15237265253726706	0.9677460554038224	-0.20062439844468485	0.4120599867004378
-0.1827985286264168	0.22708820827114348	0.9565645295284512	-1.924965347655774
0.0	0.0	0.0	1.0
30	34	51
0.8566703829233441	0.3858089985805426	-0.34244309919072885	0.3915627739201048
-0.17919605813167688	0.8450447338299606	0.503773932130975	0.30153511945610345
0.4837402946380677	-0.37020379810314724	0.7930602616930362	-0.9006479939689577
0.0	0.0	0.0	1.0
30	36	52
0.9655770295855016	0.15926728328697748	-0.2056571343433436	0.26280112444859083
-0.10108520417406498	0.9582435390247268	0.267490433316323	0.5659717882406258
0.2396721076243194	-0.2374937229258379	0.9413575750446327	-1.405991123643411
0.0	0.0	0.0	1.0
30	37	53
0.8670972530479154	0.20582778471844376	-0.45362681964776863	0.7068813200911532
-0.134614916954766	0.9735818241576927	0.18443795097164484	0.7082106231571326
0.47960533680420225	-0.09886070241090131	0.871897704443284	-1.5092345369116789
0.0	0.0	0.0	1.0
30	38	54
0.8439048810827272	0.31750780200512774	-0.43245020948548457	0.9804105153432738
-0.21588796858390402	0.9389032147672107	0.2680543791118376	0.6601189125643907
0.4911383197598281	-0.1328516524170447	0.860891257027661	-1.6968255656780684
0.0	0.0	0.0	1.0
31	36	55
0.829920202107023	0.1141755014145267	-0.5460736774077468	0.17446691464476377
-0.1186270832380282	0.9925650676834166	0.02724105566357383	0.4001647658907227
0.5451240355161394	0.04217121049601953	0.837294089837026	-1.2874357118965694
0.0	0.0	0.0	1.0
31	37	56
0.6547340023209126	0.08701125446585103	-0.7508345347005355	0.5919532306155517
-0.17778907453798926	0.9832102274900498	-0.04109315976660145	0.5335699416865956
0.7346528415812256	0.16039525781698735	0.6592108106908517	-1.4341182478594199
0.0	0.0	0.0	1.0
31	38	57
0.6270292874275241	0.19964612653039776	-0.7529778124210579	0.8457619348211063
-0.2246790422966947	0.9718727756424766	0.07058680543703466	0.5028552703790055
0.7458912717006722	0.12491829924852774	0.6542490407222925	-1.6162762420154486
0.0	0.0	0.0	1.0
32	37	58
0.7834914024342687	-0.10704031524612131	-0.6121141941782288	0.5520035736676482
-0.023380395174718238	0.9792768145045093	-0.20117236094953972	0.3233293985536815
0.620962803042048	0.17192830561981315	0.7647523313312222	-1.239421605995316
0.0	0.0	0.0	1.0
34	37	59
0.9775681171026123	-0.2099720907820533	-0.016501770140556142	0.37255370976498575
0.19713651518922523	0.9397576733493981	-0.2792718773778449	0.0961237040031946
0.07414697401796047	0.26975426813144293	0.960070365939764	-0.7549226680480493
0.0	0.0	0.0	1.0
35	37	60
0.9380716305384533	-0.11936224420775524	-0.3252299737119291	0.19422772429300877
-0.0008760489678838139	0.9379522470122393	-0.3467634991286577	0.02309445250835499
0.34644063780648676	0.3255739679169364	0.8797617673340631	-0.599952761631065
0.0	0.0	0.0	1.0
37	43	61
0.8382136878742587	0.22774654797944363	-0.4955089812380691	1.2320881067079534
-0.20664185479361638	0.9735078183967797	0.09788518379667316	0.2075960424784704
0.50467506320004	0.020344196246936192	0.8630696088910463	-0.33351562771329396
0.0	0.0	0.0	1.0
41	43	62
0.5389139126739296	0.1557488587333739	-0.8278369978296284	0.28317731863174533
-0.10077873345453298	0.9876205958803743	0.12020449249479906	0.10266723201768299
0.8363107912294074	0.018648480497174873	0.5479386805300037	-0.3011828314774615
0.0	0.0	0.0	1.0
42	43	63
0.9049171923769816	0.11137684045149655	-0.4107554435684738	0.089760876768024
-0.055333188427779394	0.98774676418725	0.1459266025744445	0.06735034977727582
0.42197522969096374	-0.10932312535517957	0.8999919716948345	-0.13730841091378726
0.0	0.0	0.0	1.0
43	44	64
0.9436114277669013	-0.15600818330291236	0.29199137429115796	0.1837908630254986
0.10361231788212162	0.9768631781933862	0.18709066100541866	0.07645182172074132
-0.3144233589673889	-0.14628698955550018	0.9379434506055226	-0.11311877749289248
0.0	0.0	0.0	1.0
43	45	65
0.4681611693831505	-0.355486214393721	0.8089835742321829	0.18986013693547119
0.3077194485069695	0.9237911391116171	0.22785701829527777	0.10802895879346841
-0.8283319972453728	0.14226621789324762	0.5418731089387797	-0.43122809485908126
0.0	0.0	0.0	1.0
