3	6	1
0.9512071759225973	0.14422414050598492	-0.2727719533701502	0.04793424329934024
0.101554974652586	0.6884430985040411	0.7181454757965693	0.3031514800651523
0.2913618553622503	-0.710806439882806	0.640205197222825	-0.09158284100384245
0.0	0.0	0.0	1.0
3	15	2
0.9383934633538533	0.15844778570029205	-0.30710286226990935	0.06495257434212194
0.10576036207202288	0.7143639012644124	0.6917363073316564	0.20152631411361943
0.3289872396071112	-0.6816002175349634	0.6535969062785307	-0.17530980269425359
0.0	0.0	0.0	1.0
3	16	3
0.8309507469954899	0.28434023054659013	-0.47819626894625644	0.2448143657290526
0.13857096601570001	0.7266637148908521	0.6728730170034921	0.18182039544484657
0.5388126961086181	-0.6253884540717284	0.5644203768855727	-0.2145874859533122
0.0	0.0	0.0	1.0
3	17	4
0.6063258384139343	0.3837144398712667	-0.696514576267576	0.3692941935343663
0.22216694471814022	0.7592659252150955	0.6116839898640203	0.17526362271371168
0.7635516856864728	-0.5256223593007257	0.37511384275916904	-0.24152666920734825
0.0	0.0	0.0	1.0
6	12	5
0.8714302264419499	0.12985572079138438	0.47301883649058263	-0.01250257947278914
0.2538740493873691	0.7057197119486539	-0.6614435410202056	-0.333200120414088
-0.4197110039399216	0.696489208854896	0.5820184954876098	-0.1628897925560502
0.0	0.0	0.0	1.0
6	19	6
0.6359021298903976	-0.28582459499558827	-0.7168910411576785	0.5650874666977351
-0.10225948877398888	0.8894978723794857	-0.44534998686667776	-0.12742338174032564
0.7649650593414082	0.3565079784806348	0.5364053750912853	-0.3641874560218314
0.0	0.0	0.0	1.0
7	12	7
0.6619869311541957	0.12292917778130756	0.7393658009484496	0.060344179905300666
0.38934725311494933	0.7865201346134054	-0.4793690548875028	-0.33796384413674185
-0.6404544905333894	0.6052062347981318	0.4728038624865036	-0.15597350612492436
0.0	0.0	0.0	1.0
7	23	8
0.39593693958418	-0.26394642875846797	-0.8795261027102719	0.4859519922005107
0.30394441596233984	0.9414806493643065	-0.145712077212803	-0.009752087466039292
0.8665170258701347	-0.20963427944396687	0.4529921563994902	0.3479053742542914
0.0	0.0	0.0	1.0
7	24	9
0.4605119354791991	-0.26775191579429475	-0.8463082367608168	0.4770870019102524
0.4658175798900648	0.8844880515361829	-0.026360033887466237	0.12244810578293627
0.7556074874741159	-0.3820861768730729	0.5320409793587603	0.34879271266733125
0.0	0.0	0.0	1.0
7	25	10
0.6024682408849499	-0.23396289177068205	-0.7630814407657216	0.5108631687736122
0.35722539294013833	0.9340082739322417	-0.004332760852871963	0.012428886224493297
0.7137380469379244	-0.2699817670466873	0.6462879010248229	0.2623398945515636
0.0	0.0	0.0	1.0
9	14	11
0.8665008662023654	-0.1716629005896232	0.46873029109224396	0.029070505687729953
-0.12189545701504083	0.8378161585697225	0.5321704569987209	0.13781713516290467
-0.4840637915533197	-0.5182623733059272	0.7050435807883826	-0.04735420979023669
0.0	0.0	0.0	1.0
12	15	12
0.8517133052772125	0.26596546777318525	-0.4514939013608695	0.044399282242592285
0.12665373923953538	0.731583379968857	0.6698839234379629	0.24920967529270616
0.5084714753908472	-0.6277326368764196	0.5894138993637908	-0.20254451899061887
0.0	0.0	0.0	1.0
14	25	13
0.09918181166901231	-0.26671362601857723	-0.9586588199106026	0.4806833680855359
0.3679180211359107	0.9049663716353697	-0.21371109279310838	0.11990289673837994
0.924553607920033	-0.3315116925303299	0.18788493393074807	0.22913493071077176
0.0	0.0	0.0	1.0
14	26	14
0.278236451156993	-0.24399582811100473	-0.9290051071810348	0.5270643737400534
0.25913713265675375	0.9504012802360383	-0.17200392097403785	-0.01589447430900324
0.9248958979400927	-0.19288200306137868	0.32766460469738734	0.02854704868971108
0.0	0.0	0.0	1.0
15	26	15
0.5113567002113382	-0.2816864123564808	-0.8118909903363194	0.44587580870258575
0.2611296120837643	0.951012885339375	-0.16548650802854384	-0.0662513784785462
0.8187342321157579	-0.12738618674262456	0.5598634575017539	-3.5582654762171526e-06
0.0	0.0	0.0	1.0
16	19	16
0.8205287835265241	-0.21885644395499942	-0.528047692654285	0.30017862798790096
-0.03611317005059278	0.9021040134434852	-0.4300050550718238	-0.06933968874131924
0.5704633242778089	0.3719010532659558	0.7322987505689593	-0.3187037072256028
0.0	0.0	0.0	1.0
16	23	17
0.3418349741814487	-0.32544490755014366	-0.8816090077578826	0.2858374768618653
0.31153141121799083	0.9243182497327426	-0.2204178160478973	0.002014454335183486
0.8866212112283877	-0.1993024052229125	0.4173506698574318	0.15153280528103133
0.0	0.0	0.0	1.0
16	24	18
0.408081507176144	-0.3285382553417802	-0.8517817280090583	0.26353375129709455
0.47878380700849404	0.8714209027192802	-0.10673186993434251	0.09862073794989282
0.7773259283721197	-0.36426402394889945	0.5129095942241289	0.16831080342783872
0.0	0.0	0.0	1.0
16	25	19
0.5550049621457581	-0.29264672977759953	-0.7786702566464119	0.2730669771618851
0.3724521795317356	0.9244256002241897	-0.08195678476500658	0.022377783293612938
0.7438070623288894	-0.24453106630928534	0.6220577150627787	0.11367771133361772
0.0	0.0	0.0	1.0
16	26	20
0.6972302019526153	-0.2537076583858996	-0.6704494757731323	0.2962221573474855
0.2544534981129062	0.961962805642851	-0.09940300457060555	-0.08715377972897745
0.6701667941336571	-0.10129146098998916	0.7352663293047399	-0.05851653517561623
0.0	0.0	0.0	1.0
17	19	21
0.9611753764308721	-0.12373444985069386	-0.24664041614443732	0.18173514758186796
0.002134539919940677	0.8971333317945497	-0.44175479992153993	-0.08660477580720927
0.27592964395368863	0.4240775134557563	0.8625666237810613	-0.23646077464553114
0.0	0.0	0.0	1.0
17	20	22
0.9119678292681894	-0.1469879893702209	-0.38302604114395067	0.26004138927346865
-0.14264212678276977	0.7617650456073509	-0.6319551076551347	-0.15081310482701324
0.3846657444876066	0.6309585204297878	0.6737385081628159	-0.2618589835406913
0.0	0.0	0.0	1.0
17	26	23
0.8918544840045287	-0.17028837807443914	-0.41904329843173543	0.16393351119844618
0.16938048367377737	0.9847514583475179	-0.039683165478664024	-0.0733516893717295
0.4194111593748862	-0.035586165269355936	0.9070985443379326	-0.00020653870141396676
0.0	0.0	0.0	1.0
17	27	24
0.9184865216762519	-0.15091527855226503	-0.3655230860229341	0.1584868099548359
0.0778415093419511	0.9752293301326396	-0.20704736456838543	-0.13930731089760906
0.38771547361294895	0.16171737427185054	0.9074823902346525	-0.24867869236382448
0.0	0.0	0.0	1.0
18	24	25
0.815591386471985	-0.15750621307512988	-0.5567787013198244	-0.027347268264403823
0.3069651661174869	0.9334493272409236	0.18559286212318268	0.14072068392646933
0.4904925763590882	-0.32227965329615166	0.8096622047266198	0.2296524640101239
0.0	0.0	0.0	1.0
18	25	26
0.9008806540162286	-0.11238815717656486	-0.41926474118650225	-0.0012560054643060402
0.19412142068015947	0.9682408356674838	0.15756509289270387	0.08251842074869224
0.38824065371794986	-0.22333568087664282	0.8940863926594894	0.21987082050270848
0.0	0.0	0.0	1.0
18	26	27
0.9648703472856944	-0.06948762781756149	-0.2533705914065633	0.04867693724894969
0.09409486716825698	0.9918141177132368	0.08631842534717299	-0.02167874704712567
0.2452983847139937	-0.10712698186703262	0.9635105261459991	0.09826788347868193
0.0	0.0	0.0	1.0
19	25	28
0.9306201964164901	0.05079136617712764	-0.3624447874242875	-0.11827595174045678
0.14656833675796277	0.8557192952188338	0.4962481632809885	0.19587253214619935
0.3353561911356485	-0.514941591885383	0.7889051974798339	0.22873206222706455
0.0	0.0	0.0	1.0
19	26	29
0.9816523047725604	0.034246768925136936	-0.18757912311718458	-0.055856384063956536
0.05074419619399335	0.9013450231857764	0.4301185373240405	0.09719324893929492
0.18380377465654457	-0.43174547714253747	0.8830695808714106	0.1378099465779284
0.0	0.0	0.0	1.0
22	27	30
0.8496265066207308	-0.0022899574302531296	0.5273801210575259	-0.026523472006047252
-0.1348163201688115	0.965822131407042	0.22138715667641823	0.0952875895677826
-0.5098623628094009	-0.2591958307526432	0.8202791933752999	-0.23843085986219054
0.0	0.0	0.0	1.0
23	27	31
0.8844126378441712	0.1487120954235299	0.44237904257988137	-0.033356730486719645
-0.07161866497057241	0.9798936453042797	-0.18622392228446105	-0.09637765864637297
-0.4611781622439667	0.13301621169111386	0.8772807469984165	-0.3180200629612701
0.0	0.0	0.0	1.0
24	27	32
0.9155035553804572	0.21386452315124638	0.3407571416039619	-0.03293461551673185
-0.07382136636756574	0.9219213993915012	-0.38027818960667115	-0.15055526286156568
-0.39547927209346145	0.32299088411475224	0.8598099836157035	-0.3889840826107685
0.0	0.0	0.0	1.0
25	27	33
0.9698903081729154	0.10688728675847942	0.21883358505604913	-0.005337359939796595
-0.03900616159870564	0.9551196942395523	-0.2936406542972321	-0.12043580789154233
-0.24039872320582106	0.27626340314012643	0.9305305557755906	-0.3629550895620806
0.0	0.0	0.0	1.0
25	28	34
0.9386426695531492	0.15128795984113763	0.3099385285152628	-0.09923268348252964
0.027023793588792554	0.8636313368838839	-0.5033988203787887	-0.06695726579249775
-0.34383084008061615	0.4808873988752294	0.8065528977528876	-0.6106319493773743
0.0	0.0	0.0	1.0
26	27	35
0.9980255983112958	0.02146478558549278	0.05902847445331465	-0.0035363606931069482
-0.009885080079651793	0.9817596935551034	-0.18986945776249844	-0.06571229832357994
-0.062027292118971296	0.18891109612478726	0.980033387761033	-0.22445097771156106
0.0	0.0	0.0	1.0
26	28	36
0.9857605965972238	0.05766238307093364	0.15795900671782004	-0.08203720143226786
0.013398737580908532	0.9094459002164483	-0.41560635664992057	-0.04650423300757155
-0.1676200275313524	0.4118048954486581	0.8957233238680959	-0.4641147957638189
0.0	0.0	0.0	1.0
26	29	37
0.9377884282623584	0.07136952280794594	0.33979279665239676	-0.280498099081478
0.130799402903242	0.8339285771386593	-0.5361480733808974	0.021344012481623473
-0.321627613476058	0.5472383148553563	0.7727135404441526	-0.6900824775781307
0.0	0.0	0.0	1.0
26	30	38
0.7843727049068772	0.14863688927123286	0.6022178732241144	-0.5834851134637227
0.25898110762813975	0.8037213775443265	-0.5356870544391963	0.08013297792818241
-0.5636383354281709	0.5761414985452268	0.5919230812250406	-0.7551608424996249
0.0	0.0	0.0	1.0
33	49	39
0.29450525206549644	-0.28174092110706306	0.9131750526259736	-1.2104972387420871
0.1691730121279865	0.9558326247384191	0.24034251775172058	-0.10607601946686444
-0.940556879558842	0.0837024521275768	0.3291606900714609	0.4573754383328757
0.0	0.0	0.0	1.0
34	49	40
0.5855719158399898	-0.0022004326837312244	0.8106175363719029	-1.1456557140408836
0.1604561591755074	0.9805247691155334	-0.11324826296815418	-0.17797860427210463
-0.7945813874938518	0.19638358903849434	0.5745207569459979	0.3566157954475016
0.0	0.0	0.0	1.0
35	37	41
0.5192145689937363	0.43914369983755197	0.7331910781188153	-0.06934992740229146
-0.38453331594398554	0.8861870136314098	-0.2584702368218442	0.12275059556292493
-0.7632500791791132	-0.1477348268371353	0.6289866394975258	0.1633171292526618
0.0	0.0	0.0	1.0
36	37	42
0.8028280333539257	0.30160293916053793	0.5142984785636997	-0.005174014779729617
-0.23081044480374513	0.9525725603976684	-0.19832365324230894	0.033566835586810215
-0.5497216423341106	0.04051440490946945	0.8343651433019208	0.0796275893773812
0.0	0.0	0.0	1.0
36	38	43
0.5974706066737285	0.3493257036519362	0.7218036465390484	0.1160450388166757
-0.11244028669923332	0.9277296771251006	-0.3559140383374858	-0.0554604101673123
-0.7939685467145113	0.13148836736464503	0.5935694930431272	0.120203687566291
0.0	0.0	0.0	1.0
36	39	44
0.5983229861141134	0.35141617958703847	0.7200807476197841	0.1810673550603591
0.11461439542691347	0.8519126671817008	-0.5109875886105759	-0.19747990165658139
-0.7930151941807201	0.3882672841174875	0.469441667043523	0.07955235556419889
0.0	0.0	0.0	1.0
41	44	45
0.7388194450608261	0.4229596090685071	-0.52464394012396	-0.3850069529934346
-0.2963998339107235	0.9031192844341082	0.3106811281498209	0.15829278144219233
0.6052215385782707	-0.07403285365809079	0.7926071618554981	-0.16380965244430465
0.0	0.0	0.0	1.0
46	49	46
0.7260356438950902	-0.2648084693399875	0.6346250134148413	-0.4250954833400692
0.21221381013213822	0.9641166492735984	0.15951376047375176	0.034558594424436775
-0.6540931515190955	0.018863470056349713	0.7561789174318739	0.004828056322970617
0.0	0.0	0.0	1.0
47	49	47
0.7127209852891025	-0.265089139988256	0.6494277893362148	-0.23333168903468388
0.2208462177426426	0.963557484266846	0.1509434394864307	0.006461067850595832
-0.6657745865956409	0.03584308671073123	0.745291608435756	0.02574950143953096
0.0	0.0	0.0	1.0
48	49	48
0.8831459651998145	-0.1411156843463882	0.44736959273687954	-0.0977823198509812
0.14919449631150403	0.9886559153271613	0.017333206093407386	0.001210648889902504
-0.4447406391946874	0.051437323147953434	0.8941811604468759	0.03645064585294039
0.0	0.0	0.0	1.0
