3	6	1
0.9512071759225973	0.1442241405059849	-0.2727719533701502	0.0479342432993403
0.101554974652586	0.6884430985040411	0.7181454757965692	0.30315148006515236
0.2913618553622503	-0.7108064398828061	0.640205197222825	-0.09158284100384244
0.0	0.0	0.0	1.0
3	15	2
0.9383934633538533	0.15844778570029205	-0.30710286226990935	0.06495257434212194
0.10576036207202288	0.7143639012644124	0.6917363073316564	0.20152631411361932
0.3289872396071112	-0.6816002175349634	0.6535969062785307	-0.17530980269425359
0.0	0.0	0.0	1.0
3	16	3
0.8309507469954899	0.28434023054659013	-0.47819626894625644	0.24481436572905255
0.13857096601570004	0.7266637148908521	0.6728730170034921	0.18182039544484657
0.5388126961086181	-0.6253884540717284	0.5644203768855727	-0.21458748595331223
0.0	0.0	0.0	1.0
3	17	4
0.6063258384139344	0.3837144398712667	-0.696514576267576	0.3692941935343664
0.22216694471814022	0.7592659252150956	0.6116839898640203	0.17526362271371163
0.7635516856864728	-0.5256223593007257	0.37511384275916904	-0.2415266692073483
0.0	0.0	0.0	1.0
6	12	5
0.8714302264419499	0.12985572079138455	0.4730188364905827	-0.012502579472789222
0.2538740493873692	0.7057197119486538	-0.6614435410202056	-0.3332001204140879
-0.41971100393992167	0.6964892088548961	0.5820184954876099	-0.1628897925560502
0.0	0.0	0.0	1.0
6	19	6
0.6359021298903975	-0.28582459499558827	-0.7168910411576785	0.5650874666977349
-0.10225948877398891	0.8894978723794859	-0.44534998686667787	-0.12742338174032575
0.7649650593414083	0.3565079784806348	0.5364053750912853	-0.36418745602183134
0.0	0.0	0.0	1.0
7	12	7
0.6619869311541956	0.1229291777813077	0.7393658009484496	0.060344179905300555
0.3893472531149494	0.7865201346134053	-0.47936905488750287	-0.3379638441367418
-0.6404544905333895	0.605206234798132	0.4728038624865037	-0.15597350612492425
0.0	0.0	0.0	1.0
7	23	8
0.39593693958418	-0.26394642875846797	-0.8795261027102719	0.4859519922005107
0.3039444159623398	0.9414806493643063	-0.14571207721280294	-0.009752087466039292
0.8665170258701347	-0.20963427944396684	0.45299215639949025	0.3479053742542914
0.0	0.0	0.0	1.0
7	24	9
0.46051193547919916	-0.2677519157942948	-0.8463082367608169	0.4770870019102524
0.46581757989006484	0.8844880515361829	-0.026360033887466234	0.12244810578293627
0.7556074874741159	-0.3820861768730729	0.5320409793587603	0.34879271266733125
0.0	0.0	0.0	1.0
7	25	10
0.60246824088495	-0.23396289177068202	-0.7630814407657216	0.5108631687736123
0.35722539294013833	0.9340082739322417	-0.004332760852871963	0.012428886224493297
0.7137380469379245	-0.2699817670466873	0.646287901024823	0.2623398945515637
0.0	0.0	0.0	1.0
9	14	11
0.8665008662023654	-0.17166290058962314	0.4687302910922439	0.029070505687729786
-0.12189545701504086	0.8378161585697225	0.532170456998721	0.13781713516290467
-0.48406379155331974	-0.5182623733059271	0.7050435807883826	-0.0473542097902368
0.0	0.0	0.0	1.0
12	15	12
0.8517133052772125	0.26596546777318525	-0.4514939013608695	0.044399282242592285
0.12665373923953538	0.731583379968857	0.6698839234379629	0.24920967529270605
0.5084714753908472	-0.6277326368764196	0.5894138993637908	-0.20254451899061887
0.0	0.0	0.0	1.0
14	25	13
0.09918181166901237	-0.26671362601857723	-0.9586588199106026	0.480683368085536
0.3679180211359107	0.9049663716353697	-0.21371109279310838	0.11990289673837994
0.9245536079200332	-0.3315116925303299	0.18788493393074807	0.22913493071077176
0.0	0.0	0.0	1.0
14	26	14
0.2782364511569931	-0.24399582811100473	-0.9290051071810347	0.5270643737400533
0.2591371326567538	0.9504012802360382	-0.17200392097403783	-0.01589447430900324
0.9248958979400926	-0.19288200306137862	0.3276646046973874	0.02854704868971108
0.0	0.0	0.0	1.0
15	26	15
0.5113567002113382	-0.2816864123564808	-0.8118909903363193	0.44587580870258575
0.2611296120837643	0.9510128853393749	-0.16548650802854387	-0.0662513784785462
0.8187342321157578	-0.1273861867426245	0.5598634575017539	-3.558265476328175e-06
0.0	0.0	0.0	1.0
16	19	16
0.820528783526524	-0.21885644395499942	-0.528047692654285	0.30017862798790085
-0.036113170050592794	0.9021040134434853	-0.4300050550718239	-0.06933968874131935
0.5704633242778091	0.37190105326595585	0.7322987505689593	-0.31870370722560276
0.0	0.0	0.0	1.0
16	23	17
0.3418349741814487	-0.3254449075501437	-0.8816090077578826	0.2858374768618653
0.3115314112179907	0.9243182497327423	-0.22041781604789726	0.0020144543351835417
0.8866212112283877	-0.1993024052229125	0.41735066985743186	0.15153280528103127
0.0	0.0	0.0	1.0
16	24	18
0.40808150717614405	-0.3285382553417802	-0.8517817280090584	0.2635337512970946
0.4787838070084941	0.8714209027192802	-0.10673186993434254	0.09862073794989282
0.7773259283721197	-0.36426402394889945	0.5129095942241289	0.16831080342783872
0.0	0.0	0.0	1.0
16	25	19
0.5550049621457582	-0.29264672977759953	-0.7786702566464119	0.27306697716188516
0.3724521795317356	0.9244256002241897	-0.08195678476500658	0.022377783293612938
0.7438070623288895	-0.2445310663092853	0.6220577150627788	0.11367771133361777
0.0	0.0	0.0	1.0
16	26	20
0.6972302019526153	-0.2537076583858996	-0.6704494757731323	0.2962221573474855
0.2544534981129062	0.9619628056428509	-0.09940300457060552	-0.08715377972897745
0.670166794133657	-0.1012914609899891	0.7352663293047398	-0.05851653517561629
0.0	0.0	0.0	1.0
17	19	21
0.9611753764308719	-0.12373444985069389	-0.24664041614443738	0.18173514758186793
0.0021345399199406735	0.8971333317945498	-0.44175479992154004	-0.08660477580720927
0.27592964395368874	0.42407751345575634	0.8625666237810614	-0.23646077464553114
0.0	0.0	0.0	1.0
17	20	22
0.9119678292681894	-0.14698798937022092	-0.38302604114395084	0.2600413892734687
-0.14264212678276972	0.7617650456073509	-0.6319551076551349	-0.15081310482701318
0.3846657444876066	0.630958520429788	0.6737385081628159	-0.2618589835406913
0.0	0.0	0.0	1.0
17	26	24
0.8918544840045286	-0.17028837807443908	-0.4190432984317353	0.16393351119844618
0.1693804836737774	0.9847514583475178	-0.039683165478664	-0.0733516893717295
0.4194111593748861	-0.03558616526935591	0.9070985443379325	-0.00020653870141402228
0.0	0.0	0.0	1.0
17	27	25
0.9184865216762517	-0.15091527855226505	-0.3655230860229342	0.15848680995483588
0.07784150934195111	0.9752293301326396	-0.20704736456838543	-0.13930731089760906
0.38771547361294906	0.16171737427185048	0.9074823902346523	-0.24867869236382437
0.0	0.0	0.0	1.0
18	24	26
0.8155913864719851	-0.1575062130751299	-0.5567787013198245	-0.02734726826440385
0.306965166117487	0.9334493272409236	0.18559286212318266	0.14072068392646928
0.4904925763590882	-0.32227965329615166	0.8096622047266198	0.2296524640101239
0.0	0.0	0.0	1.0
18	25	27
0.9008806540162287	-0.11238815717656483	-0.4192647411865022	-0.0012560054643059846
0.19412142068015947	0.9682408356674838	0.15756509289270387	0.08251842074869224
0.3882406537179499	-0.2233356808766428	0.8940863926594895	0.21987082050270848
0.0	0.0	0.0	1.0
18	26	28
0.9648703472856944	-0.06948762781756147	-0.2533705914065632	0.04867693724894972
0.09409486716825699	0.9918141177132367	0.086318425347173	-0.02167874704712567
0.2452983847139936	-0.10712698186703257	0.963510526145999	0.09826788347868187
0.0	0.0	0.0	1.0
19	25	29
0.9306201964164901	0.050791366177127636	-0.36244478742428743	-0.11827595174045674
0.14656833675796277	0.8557192952188338	0.4962481632809885	0.19587253214619935
0.33535619113564846	-0.514941591885383	0.788905197479834	0.22873206222706455
0.0	0.0	0.0	1.0
19	26	30
0.9816523047725604	0.03424676892513691	-0.1875791231171845	-0.05585638406395645
0.050744196193993396	0.9013450231857763	0.4301185373240404	0.09719324893929492
0.18380377465654457	-0.43174547714253736	0.8830695808714106	0.13780994657792828
0.0	0.0	0.0	1.0
22	27	31
0.8496265066207308	-0.0022899574302531157	0.5273801210575257	-0.026523472006047252
-0.1348163201688115	0.965822131407042	0.22138715667641826	0.0952875895677826
-0.5098623628094007	-0.2591958307526432	0.8202791933752999	-0.23843085986219048
0.0	0.0	0.0	1.0
23	27	32
0.8844126378441711	0.1487120954235298	0.44237904257988114	-0.03335673048671963
-0.0716186649705724	0.9798936453042797	-0.18622392228446105	-0.09637765864637297
-0.46117816224396646	0.13301621169111386	0.8772807469984164	-0.31802006296127
0.0	0.0	0.0	1.0
24	27	33
0.9155035553804571	0.21386452315124627	0.3407571416039617	-0.032934615516731824
-0.07382136636756574	0.9219213993915012	-0.3802781896066711	-0.15055526286156568
-0.39547927209346123	0.32299088411475224	0.8598099836157035	-0.3889840826107684
0.0	0.0	0.0	1.0
25	27	34
0.9698903081729153	0.10688728675847936	0.21883358505604913	-0.005337359939796575
-0.03900616159870563	0.9551196942395523	-0.2936406542972321	-0.12043580789154233
-0.24039872320582087	0.2762634031401264	0.9305305557755905	-0.3629550895620805
0.0	0.0	0.0	1.0
25	28	35
0.9386426695531492	0.1512879598411377	0.3099385285152628	-0.09923268348252962
0.02702379358879255	0.8636313368838839	-0.5033988203787887	-0.06695726579249775
-0.34383084008061615	0.4808873988752294	0.8065528977528876	-0.6106319493773744
0.0	0.0	0.0	1.0
26	27	36
0.9980255983112956	0.02146478558549275	0.059028474453314536	-0.0035363606931069482
-0.009885080079651793	0.9817596935551034	-0.18986945776249844	-0.06571229832357994
-0.06202729211897112	0.18891109612478724	0.9800333877610329	-0.224450977711561
0.0	0.0	0.0	1.0
26	28	37
0.9857605965972238	0.05766238307093364	0.15795900671782004	-0.08203720143226782
0.013398737580908522	0.9094459002164483	-0.4156063566499205	-0.04650423300757155
-0.1676200275313524	0.4118048954486581	0.8957233238680959	-0.46411479576381903
0.0	0.0	0.0	1.0
26	29	38
0.9377884282623584	0.07136952280794594	0.33979279665239676	-0.2804980990814779
0.13079940290324196	0.8339285771386592	-0.5361480733808973	0.021344012481623473
-0.321627613476058	0.5472383148553563	0.7727135404441526	-0.6900824775781308
0.0	0.0	0.0	1.0
26	30	39
0.784372704906877	0.14863688927123286	0.6022178732241142	-0.5834851134637228
0.25898110762813975	0.8037213775443265	-0.5356870544391963	0.08013297792818241
-0.5636383354281709	0.5761414985452268	0.5919230812250406	-0.7551608424996249
0.0	0.0	0.0	1.0
33	49	40
0.29450525206549655	-0.28174092110706306	0.9131750526259739	-1.2104972387420874
0.1691730121279865	0.9558326247384191	0.2403425177517206	-0.10607601946686449
-0.9405568795588423	0.08370245212757686	0.3291606900714607	0.4573754383328759
0.0	0.0	0.0	1.0
34	49	41
0.58557191583999	-0.002200432683731172	0.8106175363719031	-1.145655714040884
0.1604561591755074	0.9805247691155334	-0.11324826296815414	-0.1779786042721047
-0.794581387493852	0.19638358903849437	0.5745207569459977	0.3566157954475016
0.0	0.0	0.0	1.0
35	37	42
0.5192145689937364	0.4391436998375518	0.733191078118815	-0.0693499274022914
-0.38453331594398543	0.8861870136314096	-0.258470236821844	0.12275059556292471
-0.7632500791791132	-0.14773482683713518	0.6289866394975259	0.16331712925266137
0.0	0.0	0.0	1.0
36	37	43
0.8028280333539257	0.3016029391605377	0.5142984785636994	-0.0051740147797295615
-0.23081044480374502	0.9525725603976682	-0.19832365324230877	0.03356683558680999
-0.5497216423341105	0.04051440490946955	0.8343651433019208	0.07962758937738075
0.0	0.0	0.0	1.0
36	38	44
0.5974706066737285	0.34932570365193616	0.7218036465390483	0.1160450388166757
-0.11244028669923327	0.9277296771251006	-0.3559140383374858	-0.0554604101673123
-0.7939685467145112	0.13148836736464517	0.5935694930431273	0.12020368756629078
0.0	0.0	0.0	1.0
36	39	45
0.5983229861141134	0.35141617958703847	0.7200807476197842	0.1810673550603592
0.11461439542691348	0.851912667181701	-0.510987588610576	-0.1974799016565815
-0.7930151941807201	0.3882672841174875	0.469441667043523	0.07955235556419889
0.0	0.0	0.0	1.0
41	44	46
0.738819445060826	0.422959609068507	-0.52464394012396	-0.3850069529934344
-0.29639983391072355	0.9031192844341082	0.3106811281498209	0.15829278144219253
0.6052215385782708	-0.07403285365809077	0.7926071618554982	-0.16380965244430531
0.0	0.0	0.0	1.0
46	49	47
0.7260356438950905	-0.2648084693399875	0.6346250134148415	-0.4250954833400694
0.21221381013213825	0.9641166492735984	0.1595137604737518	0.03455859442443675
-0.6540931515190958	0.01886347005634978	0.7561789174318738	0.004828056322970617
0.0	0.0	0.0	1.0
47	49	48
0.7127209852891028	-0.26508913998825606	0.649427789336215	-0.23333168903468388
0.22084621774264263	0.963557484266846	0.15094343948643074	0.006461067850595804
-0.6657745865956411	0.035843086710731296	0.745291608435756	0.025749501439530517
0.0	0.0	0.0	1.0
48	49	49
0.8831459651998147	-0.14111568434638816	0.44736959273687965	-0.0977823198509812
0.14919449631150405	0.9886559153271613	0.01733320609340741	0.001210648889902504
-0.4447406391946877	0.05143732314795348	0.8941811604468759	0.03645064585294039
0.0	0.0	0.0	1.0
