16	17	1
0.9076949390131233	-0.053306703718437334	-0.4162310157666721	0.11958022024447833
0.17053626806839775	0.953154912430408	0.2498260868262045	0.09736759538175925
0.38341517636463923	-0.29774836754355966	0.87426466325012	0.035773574485148674
0.0	0.0	0.0	1.0
17	18	2
0.9432331732258317	-0.13029824566306586	-0.3055052372322197	0.047652312295790436
0.18209909225514628	0.9721383052360959	0.1476046562312945	0.10188997863037096
0.27776082182883793	-0.1948579562282716	0.9406803510630599	0.06562972333234797
0.0	0.0	0.0	1.0
17	19	3
0.7723160052233007	-0.23314914218410546	-0.5909055896460399	-0.07235649055983696
0.3273741435062354	0.943251160467744	0.055707832576005124	0.16985516297637535
0.5443842278714924	-0.23647135627078758	0.8048150100809116	0.17108400194469076
0.0	0.0	0.0	1.0
18	19	4
0.9393778727495171	-0.1732355882537868	-0.2959032258037617	-0.08004900108800385
0.16886717319117203	0.984807754907715	-0.040464937628963034	0.06412191326164127
0.29841780123759765	-0.011956457886001678	0.9543603617145678	0.09544754042530736
0.0	0.0	0.0	1.0
18	20	5
0.7783369349164269	-0.37255164601674906	-0.5053680824899143	-0.21211609206404788
0.18935010114533887	0.9067319247943406	-0.3768070641773472	-0.02667700675875868
0.5986135506849217	0.19759147001149274	0.776285622758052	0.13472741804737412
0.0	0.0	0.0	1.0
19	20	6
0.9452316938083694	-0.2150065692218714	-0.24557935553021298	-0.09922466113104808
0.13229145113161148	0.9401792678579091	-0.313945668352201	-0.04640795983577224
0.298388946692724	0.2642634454946836	0.9171307962703836	0.05413019868328453
0.0	0.0	0.0	1.0
19	21	7
0.8571619629501678	-0.35079060947639185	-0.3771198695493384	-0.11164447628596222
0.07327958294090355	0.8078175345259894	-0.5848598604062227	-0.16906383519987223
0.5098072866037594	0.4736844982505283	0.7181362022805061	0.029747257566825752
0.0	0.0	0.0	1.0
19	30	8
0.8500610829169314	-0.3413519087091211	-0.4010924496527322	-0.36666300186537215
0.21946313396143313	0.9218490088064791	-0.31942208219753393	-0.2734941245176723
0.4787819979955878	0.18350332451531354	0.8585420928907058	-0.5591366279394632
0.0	0.0	0.0	1.0
22	25	9
0.874066342096989	-0.19196891479514616	0.4462690147588976	-0.006872389607334307
0.43209064937459457	0.7270751974243637	-0.5335347326981762	-0.18326405942025925
-0.22204903863305742	0.6591734406383012	0.7184597981326478	-0.3225876603588143
0.0	0.0	0.0	1.0
26	36	10
0.7720614457780651	0.43155481950639846	-0.4665636600273169	-0.08430818568771724
-0.30551733062187414	0.8957416910780325	0.3229646934992717	0.6887264143579744
0.5572974859942128	-0.10680531220157624	0.8234150264198437	-0.8150248600812439
0.0	0.0	0.0	1.0
28	30	11
0.9712673162663295	0.20797890721771045	-0.11569219669749849	-0.13720593590192676
-0.04124029566484302	0.6258463402318242	0.778855331587076	0.2994745357301283
0.2343910082995201	-0.7517056846005653	0.616441219385292	-0.3074215593096308
0.0	0.0	0.0	1.0
33	34	12
0.9746285636991633	-0.0027534895513272976	0.22381132697749845	0.11715911167109762
0.06815019854449876	0.9560987363193327	-0.285010224271157	-0.1602509933239454
-0.21320092496693652	0.2930319711337315	0.9320287893567477	-0.09208267089313707
0.0	0.0	0.0	1.0
34	40	13
0.9344653680936452	-0.14139915935797134	0.32677318636449676	-0.05788812693539942
0.34640755702442394	0.5732311077564533	-0.742568486142712	-0.23371164206235673
-0.08231803413176536	0.8071014291530558	0.5846463373461215	-0.4056015023934815
0.0	0.0	0.0	1.0
34	41	14
0.9151717237707317	-0.21849419517331062	0.33870492784838224	-0.007512293370194348
0.39200630906113604	0.6779733274565664	-0.6218384467559537	-0.08290057332182742
-0.09376485582139382	0.7018635140738866	0.706113014140959	-0.4353647824632352
0.0	0.0	0.0	1.0
34	44	15
0.9994743904377641	0.004795698957679628	-0.032062036548902904	-0.11445013765965599
-0.02016252618669972	0.8664037064284825	-0.49893698896897765	0.24073648420511162
0.025385877587822882	0.4993212034309783	0.8660449584425043	-0.7366236825394091
0.0	0.0	0.0	1.0
35	43	16
0.9945462497390232	0.10027389642405063	0.028690214814115843	-0.2296079021150048
-0.09878917179034685	0.9938923324477494	-0.04918207139634258	0.21209238544930747
-0.03344676954377354	0.04607960474975089	0.9983776970564774	-0.469372029205174
0.0	0.0	0.0	1.0
35	44	17
0.9264202101562139	0.20495869895804752	-0.31581272870879457	-0.2565757575643688
-0.27584724664621874	0.9404031205849619	-0.19887314268290135	0.39964589065876327
0.25623048500342244	0.2713561389233963	0.927745571976597	-0.6666710969382382
0.0	0.0	0.0	1.0
36	43	18
0.9314899874559062	0.3194775466407562	-0.17395540424918093	-0.3158327869376376
-0.27679268606759366	0.9327708500333776	0.2309198826699966	0.3794548652557929
0.23603420942947612	-0.16694992117237023	0.9572959074227144	-0.46851712865363904
0.0	0.0	0.0	1.0
40	43	19
0.9902809850809661	0.08054082088092554	0.1133880239131208	0.033040357698029696
-0.1309803232071852	0.8142379405964416	0.5655620320368692	0.4740375508341625
-0.046774130324476436	-0.5749170182229338	0.8168735925812222	-0.36486194547741124
0.0	0.0	0.0	1.0
40	44	20
0.9228191117525727	0.37278277561724904	-0.09714905089799873	-0.01330999349286915
-0.304389149713859	0.8601598959739245	0.40923347994940956	0.5901310329835823
0.23611896674725022	-0.3480774689276389	0.9072429232399567	-0.436325840130184
0.0	0.0	0.0	1.0
41	43	21
0.9761876018611053	0.1631893039668536	0.14292318703461318	-0.00601321605003097
-0.20954523580770104	0.8797906476005158	0.4266840092365961	0.31905428109399
-0.056112258619654805	-0.44647255054036583	0.8930363423175999	-0.20775245676352747
0.0	0.0	0.0	1.0
41	44	22
0.9027832210201941	0.4149890147697882	-0.11298904895431153	-0.12245679929769217
-0.37674883326518144	0.889753129835684	0.25768169971162075	0.42385284783044336
0.20746745023965077	-0.19006232648903656	0.9596008503139779	-0.33304500988595487
0.0	0.0	0.0	1.0
42	44	23
0.8538344828910112	0.41979669468797354	-0.30779455703063385	-0.2748217564433246
-0.3755627206028715	0.9062293322571245	0.19416747427591677	0.33274584812986024
0.36044331834238125	-0.05019078512576933	0.9314298073785406	-0.2547776702674124
0.0	0.0	0.0	1.0
43	44	24
0.932858769915394	0.1277189089045303	-0.3368416258736493	-0.22757624201778906
-0.18575065839851837	0.9716910353338887	-0.14599098011337286	0.08238371371539577
0.3086602526027738	0.19875744979895507	0.9301743707310378	-0.20135735952580927
0.0	0.0	0.0	1.0
43	45	25
0.6711529985377529	0.20069967226377436	-0.7136337847824573	-0.24647716985560486
-0.3050170436058074	0.952155782947144	-0.019079567835549475	0.19860476106734076
0.6756613273792353	0.23047579747925828	0.7002590960012572	-0.4094550095409737
0.0	0.0	0.0	1.0
45	47	26
0.9220739146364343	0.3047572222310651	-0.23854316939208647	0.07222539363655756
-0.008813678697237612	0.6327442997217783	0.774310572940202	0.34146378113492215
0.38691358271180926	-0.7118692079368234	0.5861230010246132	-0.15357883907123332
0.0	0.0	0.0	1.0
