16	17	1
0.9076949390131234	-0.05330670371843735	-0.41623101576667204	0.11958022024447833
0.17053626806839778	0.953154912430408	0.24982608682620447	0.0973675953817588
0.3834151763646392	-0.2977483675435597	0.8742646632501198	0.035773574485148674
0.0	0.0	0.0	1.0
17	18	2
0.9432331732258317	-0.13029824566306583	-0.3055052372322198	0.04765231229578866
0.18209909225514628	0.972138305236096	0.14760465623129446	0.10188997863037096
0.27776082182883793	-0.1948579562282716	0.9406803510630599	0.06562972333234797
0.0	0.0	0.0	1.0
17	19	3
0.7723160052233008	-0.2331491421841054	-0.5909055896460399	-0.07235649055983785
0.32737414350623534	0.9432511604677438	0.055707832576005235	0.16985516297637512
0.5443842278714924	-0.2364713562707877	0.8048150100809117	0.1710840019446903
0.0	0.0	0.0	1.0
18	19	4
0.9393778727495171	-0.17323558825378674	-0.2959032258037617	-0.08004900108800474
0.16886717319117203	0.9848077549077149	-0.04046493762896292	0.06412191326164104
0.29841780123759765	-0.01195645788600179	0.9543603617145678	0.09544754042530691
0.0	0.0	0.0	1.0
18	20	5
0.7783369349164269	-0.3725516460167491	-0.5053680824899144	-0.212116092064047
0.18935010114533893	0.9067319247943407	-0.37680706417734733	-0.026677006758758903
0.5986135506849218	0.19759147001149274	0.776285622758052	0.13472741804737412
0.0	0.0	0.0	1.0
19	20	6
0.9452316938083694	-0.21500656922187147	-0.24557935553021307	-0.09922466113104719
0.13229145113161153	0.9401792678579092	-0.313945668352201	-0.046407959835772464
0.29838894669272403	0.2642634454946836	0.9171307962703837	0.05413019868328364
0.0	0.0	0.0	1.0
19	21	7
0.8571619629501677	-0.35079060947639185	-0.3771198695493384	-0.11164447628596222
0.07327958294090355	0.8078175345259894	-0.5848598604062227	-0.16906383519987228
0.5098072866037595	0.4736844982505283	0.7181362022805062	0.029747257566825752
0.0	0.0	0.0	1.0
19	30	8
0.8500610829169313	-0.3413519087091209	-0.4010924496527321	-0.36666300186537126
0.21946313396143308	0.9218490088064791	-0.31942208219753393	-0.27349412451767185
0.4787819979955877	0.18350332451531362	0.8585420928907059	-0.5591366279394623
0.0	0.0	0.0	1.0
22	25	9
0.8740663420969891	-0.19196891479514622	0.44626901475889763	-0.006872389607336084
0.4320906493745947	0.7270751974243638	-0.5335347326981763	-0.18326405942025903
-0.2220490386330574	0.6591734406383013	0.7184597981326477	-0.3225876603588141
0.0	0.0	0.0	1.0
26	36	50
0.77206145	0.43155482	-0.46656366	-0.08430819
-0.30551733	0.89574169	0.32296469	0.68872641
0.55729749	-0.10680531	0.82341503	-0.81502486
-0.00000000	0.00000000	-0.00000000	1.00000005
28	30	10
0.9712673162663292	0.2079789072177104	-0.11569219669749839	-0.13720593590192587
-0.04124029566484307	0.6258463402318242	0.7788553315870759	0.2994745357301287
0.2343910082995199	-0.7517056846005653	0.616441219385292	-0.3074215593096299
0.0	0.0	0.0	1.0
33	34	11
0.9746285636991634	-0.002753489551327306	0.22381132697749845	0.11715911167109762
0.06815019854449879	0.956098736319333	-0.2850102242711571	-0.16025099332394552
-0.21320092496693652	0.29303197113373153	0.9320287893567478	-0.09208267089313618
0.0	0.0	0.0	1.0
34	40	12
0.9344653680936453	-0.14139915935797134	0.3267731863644968	-0.057888126935399645
0.34640755702442394	0.5732311077564531	-0.7425684861427121	-0.23371164206235584
-0.08231803413176528	0.8071014291530559	0.5846463373461213	-0.4056015023934815
0.0	0.0	0.0	1.0
34	41	13
0.9151717237707316	-0.21849419517331056	0.3387049278483822	-0.007512293370194473
0.3920063090611359	0.6779733274565661	-0.6218384467559537	-0.08290057332182742
-0.09376485582139374	0.7018635140738868	0.7061130141409587	-0.43536478246323385
0.0	0.0	0.0	1.0
34	44	14
0.9994743904377639	0.004795698957679625	-0.03206203654890295	-0.11445013765965643
-0.020162526186699746	0.8664037064284826	-0.49893698896897776	0.2407364842051125
0.02538587758782291	0.4993212034309783	0.8660449584425044	-0.73662368253941
0.0	0.0	0.0	1.0
35	43	15
0.9945462497390233	0.10027389642405064	0.028690214814115822	-0.22960790211500495
-0.09878917179034685	0.9938923324477494	-0.04918207139634252	0.21209238544930792
-0.03344676954377354	0.04607960474975084	0.9983776970564773	-0.4693720292051749
0.0	0.0	0.0	1.0
35	44	16
0.9264202101562137	0.2049586989580475	-0.3158127287087945	-0.2565757575643688
-0.27584724664621885	0.940403120584962	-0.19887314268290143	0.39964589065876416
0.2562304850034225	0.2713561389233963	0.9277455719765971	-0.6666710969382391
0.0	0.0	0.0	1.0
36	43	17
0.9314899874559063	0.3194775466407562	-0.173955404249181	-0.31583278693763767
-0.27679268606759366	0.9327708500333775	0.23091988266999672	0.37945486525579336
0.23603420942947606	-0.16694992117237026	0.9572959074227143	-0.4685171286536399
0.0	0.0	0.0	1.0
40	43	18
0.9902809850809662	0.08054082088092555	0.1133880239131208	0.033040357698029696
-0.1309803232071852	0.8142379405964415	0.5655620320368692	0.4740375508341634
-0.046774130324476415	-0.5749170182229337	0.8168735925812219	-0.36486194547741124
0.0	0.0	0.0	1.0
40	44	19
0.9228191117525725	0.372782775617249	-0.09714905089799876	-0.01330999349286915
-0.30438914971385905	0.8601598959739247	0.40923347994940956	0.5901310329835836
0.23611896674725028	-0.348077468927639	0.9072429232399567	-0.4363258401301849
0.0	0.0	0.0	1.0
41	43	20
0.9761876018611054	0.16318930396685363	0.14292318703461315	-0.006013216050031025
-0.20954523580770104	0.8797906476005158	0.42668400923659616	0.3190542810939904
-0.05611225861965479	-0.4464725505403658	0.8930363423175997	-0.20775245676352924
0.0	0.0	0.0	1.0
41	44	21
0.9027832210201939	0.4149890147697881	-0.11298904895431156	-0.12245679929769261
-0.37674883326518155	0.8897531298356841	0.2576816997116208	0.42385284783044425
0.20746745023965085	-0.19006232648903668	0.959600850313978	-0.33304500988595576
0.0	0.0	0.0	1.0
42	44	22
0.8538344828910109	0.4197966946879735	-0.30779455703063385	-0.27482175644332507
-0.3755627206028716	0.9062293322571247	0.1941674742759168	0.33274584812986113
0.36044331834238136	-0.05019078512576943	0.9314298073785408	-0.2547776702674124
0.0	0.0	0.0	1.0
43	44	23
0.9328587699153937	0.12771890890453028	-0.3368416258736493	-0.22757624201778906
-0.18575065839851843	0.9716910353338888	-0.14599098011337291	0.08238371371539621
0.30866025260277385	0.19875744979895502	0.9301743707310379	-0.20135735952581016
0.0	0.0	0.0	1.0
43	45	24
0.6711529985377529	0.2006996722637744	-0.7136337847824573	-0.24647716985560486
-0.3050170436058074	0.952155782947144	-0.019079567835549475	0.19860476106734032
0.6756613273792355	0.23047579747925823	0.7002590960012574	-0.40945500954097414
0.0	0.0	0.0	1.0
45	47	25
0.9220739146364343	0.30475722223106505	-0.23854316939208636	0.07222539363655667
-0.008813678697237612	0.6327442997217783	0.774310572940202	0.3414637811349217
0.38691358271180926	-0.7118692079368234	0.5861230010246132	-0.15357883907123354
0.0	0.0	0.0	1.0
