11	12	1
0.9998153298443937	-0.01834249545940124	-0.005737419965452107	0.025995388346998105
0.018425560669441923	0.9997211357651618	0.014770312416335472	0.028975169519703803
0.005464863203910705	-0.014873304878961989	0.999874514198265	-0.014965636800959636
0.0	0.0	0.0	1.0
12	23	2
0.854697783742292	0.1555906314272093	-0.4952605665636478	0.08843965692623135
0.19777323052682938	0.7844880168125481	0.5877619063482739	0.1931427980007343
0.47997644030449044	-0.6003082817654217	0.6397285843599555	0.014914143236425481
0.0	0.0	0.0	1.0
12	24	3
0.9667471900613894	0.08427778551195342	-0.24144782228924833	0.1436868124073789
0.05935002649256339	0.8444212331402131	0.5323817084594314	0.13536535340081257
0.2487516240485916	-0.5290085610801121	0.8113399111929117	0.015530431965691704
0.0	0.0	0.0	1.0
12	25	4
0.9973059363209145	0.034652245448424615	-0.06465405595235067	0.15231903979993078
-0.017154217101310897	0.9671216986622528	0.2537343363947293	0.030493378849905772
0.07132081650581551	-0.2519417564697703	0.9651106135716507	0.002020614364653728
0.0	0.0	0.0	1.0
12	29	5
0.7059558050760856	0.1338026317061834	-0.695502045909873	0.2436449904864535
-0.20666207490939628	0.978174177279921	-0.021584468545349064	-0.04666601364063494
0.6774343233765031	0.15897155136954152	0.7181997171675619	-0.18095071634164483
0.0	0.0	0.0	1.0
12	30	6
0.505942397871288	0.2091767053812894	-0.836819683170993	0.40399333342154053
-0.16029959691763376	0.9760515304398896	0.14706255022618542	0.009256228666463473
0.847541402566255	0.059736650382203584	0.5273568115707328	-0.17594154128274742
0.0	0.0	0.0	1.0
13	24	7
0.9912746506870929	0.043575043411929595	-0.12440219735361453	0.04195929329598824
0.04606612551623073	0.7697424107088129	0.6366904911416279	0.19209608128108413
0.12350143901354699	-0.6368658763268137	0.7610186307082378	0.048985494357059345
0.0	0.0	0.0	1.0
14	24	8
0.9962917025688046	-0.06539853827300292	0.055909420691904514	-0.05673996250277069
-0.00015787371226622964	0.6484189417752252	0.7612837725042106	0.2834029204411015
-0.08603960704444565	-0.7584695761158327	0.6460039413251276	0.09703362837372342
0.0	0.0	0.0	1.0
18	40	9
0.7698164920422739	0.30190790376935855	-0.562347044922742	0.9152661604899519
-0.466584717711415	0.8673821783616906	-0.1730516627154692	-0.4196758452537404
0.4355241762076843	0.3956005654236596	0.8085906371274725	0.1729647441577253
0.0	0.0	0.0	1.0
23	25	10
0.8898074892613307	0.18642354195535593	0.41652015466919745	0.03140636308082635
0.010148814333807897	0.9044383046192788	-0.42648358200025765	-0.13872927802749913
-0.4562234693303436	0.3837154776242433	0.8028838973352886	-0.043717342334648794
0.0	0.0	0.0	1.0
24	25	11
0.9826737777092107	0.054030595152271585	0.1772937398439392	0.0010544580727440689
0.0036594661013561085	0.9507235453444703	-0.31001792880819806	-0.0939127545198381
-0.18530777806522278	0.30529529657051907	0.9340534245596994	-0.027185760565180406
0.0	0.0	0.0	1.0
24	26	12
0.9716123485767454	0.07067455032080865	0.22577553561962868	-0.02191580710682839
0.06932675500900545	0.8273847667280448	-0.5573402862284996	-0.18893407817162866
-0.22619301374693399	0.5571710407450409	0.7989976232345652	-0.09120022989877263
0.0	0.0	0.0	1.0
24	27	13
0.9817150199472501	0.07232480852639071	0.17608170049151203	-0.05060525406174232
0.0762242730710865	0.6982534536338588	-0.71178087084095	-0.22194832392765607
-0.1744290700414539	0.7121875995700756	0.6799730028141838	-0.17699303212613016
0.0	0.0	0.0	1.0
24	28	14
0.9874885666813145	-0.06671885569639088	-0.14288109636388022	-0.024969041699937744
-0.05905151530318506	0.6836956286309268	-0.7273741248672947	-0.1778547039257652
0.14621674007392826	0.7267110053762676	0.6712017856402501	-0.2926091769866055
0.0	0.0	0.0	1.0
24	29	15
0.8616849070325754	-0.2153883742954283	-0.4594637411212091	0.1561240266725059
-0.11214012201531438	0.8022344597461363	-0.5863823565173467	-0.13004093682535034
0.4948977617224363	0.5568012003361882	0.6671198128145951	-0.3377932483144752
0.0	0.0	0.0	1.0
25	28	16
0.9414422210918091	-0.0155217945068985	-0.3368168617560043	-0.03657607008523733
-0.15004673011758154	0.8752886513624403	-0.4597345214285907	-0.1079939503136087
0.3019478148048373	0.4833518762628849	0.8217046859414582	-0.22519599534800339
0.0	0.0	0.0	1.0
25	29	17
0.7536574688395965	-0.05917950100324198	-0.6545976735219888	0.1319758809011875
-0.17081382948904622	0.9440820743840883	-0.28201359538811954	-0.04886622678604402
0.6346834318426454	0.3243560630147731	0.7014059273186407	-0.28893307046080796
0.0	0.0	0.0	1.0
26	29	18
0.7182655243420065	0.13760646355780687	-0.6820256818842374	0.13566306027981653
-0.18464992714438166	0.9827968196387399	0.0038289731517985935	0.0519453305637703
0.6708197571452085	0.12318573335002707	0.7313181888576606	-0.23312134529820902
0.0	0.0	0.0	1.0
26	30	19
0.5219362874435348	0.22145375424546598	-0.8237357952746257	0.32294254253745047
-0.1406753351706523	0.9748343795673905	0.17294030255101348	0.10758118237827485
0.8413043988378472	0.0256154647759707	0.5399545732026851	-0.26464917928561643
0.0	0.0	0.0	1.0
29	40	20
0.4534508292064931	0.34875742352777844	-0.8202136592073884	0.6872343433566854
-0.6861945819387819	0.7238897533650445	-0.07155887296833575	-0.20339866908233484
0.5687876110451336	0.595274754097792	0.5675637922096022	-0.06932267225939936
0.0	0.0	0.0	1.0
31	36	21
0.808450625184266	-0.004544771481856761	-0.5885464607739432	0.5307972100968277
-0.1304090546276598	0.9737318911801912	-0.18665417247017427	-0.10249276813769148
0.573934735765169	0.2276525419723444	0.7866214095163603	0.04993409460218423
0.0	0.0	0.0	1.0
31	41	22
0.7248901812834638	-0.015919130566864483	-0.6886804334301483	0.30691712699137774
-0.3555168802636592	0.8476595206299391	-0.39380339299695577	-0.29434290433743104
0.5900355299301926	0.5303019125299069	0.6088004921521105	-0.038559841234433456
0.0	0.0	0.0	1.0
32	36	23
0.8570258146071288	-0.15068952462854976	-0.49274684290652954	0.3324069645835519
-0.06903926010835004	0.9140782887934253	-0.3996178348213364	-0.21211787805231386
0.510627438567506	0.37650174522780916	0.7729851515370671	0.08506056471469461
0.0	0.0	0.0	1.0
