11	12	1
0.9998153298443938	-0.01834249545940122	-0.005737419965452403	0.025995388346997217
0.01842556066944189	0.9997211357651618	0.014770312416335472	0.02897516951970358
0.00546486320391079	-0.014873304878962039	0.999874514198265	-0.014965636800959192
0.0	0.0	0.0	1.0
12	23	2
0.854697783742292	0.15559063142720925	-0.4952605665636477	0.08843965692623179
0.19777323052682938	0.7844880168125481	0.5877619063482739	0.1931427980007343
0.4799764403044904	-0.6003082817654216	0.6397285843599555	0.014914143236425481
0.0	0.0	0.0	1.0
12	24	3
0.9667471900613893	0.08427778551195336	-0.24144782228924822	0.1436868124073789
0.05935002649256335	0.8444212331402132	0.5323817084594316	0.13536535340081246
0.24875162404859152	-0.529008561080112	0.8113399111929117	0.015530431965690816
0.0	0.0	0.0	1.0
12	25	4
0.9973059363209146	0.03465224544842467	-0.06465405595235085	0.15231903979993078
-0.017154217101310907	0.9671216986622528	0.2537343363947293	0.03049337884990566
0.07132081650581557	-0.2519417564697703	0.9651106135716507	0.002020614364654172
0.0	0.0	0.0	1.0
12	29	5
0.7059558050760855	0.13380263170618326	-0.6955020459098726	0.24364499048645394
-0.20666207490939628	0.9781741772799208	-0.021584468545349154	-0.04666601364063494
0.677434323376503	0.15897155136954141	0.718199717167562	-0.18095071634164572
0.0	0.0	0.0	1.0
12	30	6
0.505942397871288	0.2091767053812894	-0.836819683170993	0.40399333342154087
-0.1602995969176338	0.9760515304398895	0.14706255022618542	0.009256228666463917
0.8475414025662551	0.05973665038220367	0.5273568115707328	-0.1759415412827483
0.0	0.0	0.0	1.0
13	24	7
0.9912746506870926	0.04357504341192954	-0.12440219735361438	0.04195929329598824
0.04606612551623069	0.769742410708813	0.636690491141628	0.19209608128108413
0.1235014390135469	-0.6368658763268136	0.7610186307082378	0.048985494357059345
0.0	0.0	0.0	1.0
14	24	8
0.9962917025688045	-0.06539853827300296	0.055909420691904625	-0.05673996250277069
-0.0001578737122662688	0.6484189417752253	0.7612837725042108	0.2834029204411017
-0.08603960704444573	-0.7584695761158324	0.6460039413251277	0.09703362837372254
0.0	0.0	0.0	1.0
18	40	9
0.7698164920422739	0.3019079037693585	-0.5623470449227419	0.915266160489951
-0.46658471771141496	0.8673821783616905	-0.17305166271546926	-0.41967584525373997
0.4355241762076843	0.3956005654236597	0.8085906371274725	0.17296474415772486
0.0	0.0	0.0	1.0
23	25	10
0.8898074892613308	0.18642354195535588	0.41652015466919734	0.03140636308082635
0.010148814333807888	0.9044383046192788	-0.42648358200025765	-0.1387292780274993
-0.4562234693303435	0.3837154776242433	0.8028838973352886	-0.04371734233464835
0.0	0.0	0.0	1.0
24	25	11
0.9826737777092109	0.05403059515227153	0.17729373984393904	0.0010544580727440689
0.0036594661013560985	0.9507235453444703	-0.31001792880819806	-0.09391275451983827
-0.18530777806522272	0.30529529657051907	0.9340534245596994	-0.027185760565180406
0.0	0.0	0.0	1.0
24	26	12
0.9716123485767454	0.07067455032080866	0.2257755356196289	-0.021915807106826612
0.06932675500900548	0.8273847667280448	-0.5573402862284998	-0.1889340781716291
-0.226193013746934	0.557171040745041	0.7989976232345656	-0.09120022989877175
0.0	0.0	0.0	1.0
24	27	13
0.9817150199472501	0.07232480852639062	0.17608170049151212	-0.05060525406174232
0.07622427307108649	0.6982534536338585	-0.71178087084095	-0.22194832392765607
-0.17442907004145386	0.7121875995700756	0.6799730028141839	-0.17699303212613016
0.0	0.0	0.0	1.0
24	28	14
0.9874885666813145	-0.06671885569639084	-0.14288109636388008	-0.024969041699938188
-0.059051515303185184	0.6836956286309269	-0.7273741248672948	-0.17785470392576563
0.1462167400739284	0.7267110053762676	0.6712017856402502	-0.29260917698660505
0.0	0.0	0.0	1.0
24	29	15
0.8616849070325753	-0.21538837429542826	-0.45946374112120875	0.15612402667250636
-0.11214012201531436	0.8022344597461362	-0.5863823565173467	-0.13004093682535078
0.49489776172243616	0.556801200336188	0.6671198128145952	-0.3377932483144761
0.0	0.0	0.0	1.0
25	28	16
0.9414422210918092	-0.015521794506898508	-0.33681686175600417	-0.03657607008523778
-0.15004673011758166	0.8752886513624404	-0.4597345214285908	-0.1079939503136087
0.30194781480483746	0.4833518762628849	0.8217046859414584	-0.2251959953480025
0.0	0.0	0.0	1.0
25	29	17
0.7536574688395964	-0.059179501003242034	-0.6545976735219885	0.13197588090118773
-0.17081382948904622	0.9440820743840882	-0.2820135953881196	-0.04886622678604402
0.6346834318426453	0.324356063014773	0.7014059273186408	-0.28893307046080885
0.0	0.0	0.0	1.0
26	29	18
0.7182655243420064	0.13760646355780673	-0.6820256818842371	0.13566306027981676
-0.18464992714438166	0.9827968196387398	0.0038289731517985016	0.0519453305637703
0.6708197571452084	0.12318573335002693	0.7313181888576608	-0.2331213452982099
0.0	0.0	0.0	1.0
26	30	19
0.5219362874435348	0.22145375424546598	-0.8237357952746257	0.3229425425374508
-0.14067533517065234	0.9748343795673904	0.17294030255101348	0.10758118237827508
0.8413043988378474	0.025615464775970775	0.5399545732026853	-0.2646491792856173
0.0	0.0	0.0	1.0
29	40	20
0.45345082920649316	0.34875742352777844	-0.8202136592073884	0.6872343433566845
-0.6861945819387819	0.7238897533650444	-0.07155887296833581	-0.2033986690823344
0.5687876110451335	0.5952747540977921	0.5675637922096021	-0.06932267225939981
0.0	0.0	0.0	1.0
31	36	21
0.8084506251842661	-0.004544771481856787	-0.5885464607739432	0.5307972100968277
-0.1304090546276598	0.9737318911801911	-0.18665417247017435	-0.10249276813769204
0.5739347357651688	0.22765254197234444	0.7866214095163604	0.04993409460218512
0.0	0.0	0.0	1.0
31	41	22
0.7248901812834638	-0.015919130566864354	-0.6886804334301482	0.30691712699137774
-0.3555168802636592	0.8476595206299392	-0.3938033929969557	-0.29434290433743104
0.5900355299301926	0.5303019125299068	0.6088004921521104	-0.0385598412344339
0.0	0.0	0.0	1.0
32	36	23
0.8570258146071289	-0.15068952462854981	-0.49274684290652954	0.332406964583551
-0.06903926010835003	0.9140782887934252	-0.3996178348213364	-0.2121178780523144
0.5106274385675059	0.3765017452278092	0.7729851515370673	0.0850605647146955
0.0	0.0	0.0	1.0
