4	8	1
0.5296616960780242	0.1304821574792033	-0.8381126827263177	0.158124582336736
0.17027852441140384	0.9516245396156723	0.2557651460747788	0.0473409889117692
0.8309413819703976	-0.27818164722154226	0.48182075982531414	-0.41841895650806993
0.0	0.0	0.0	1.0
5	8	2
0.6101767328720162	-0.014559726833215101	-0.7921315742559838	0.16230960687925983
0.1177307416535912	0.9903965840473721	0.07248376124599738	-0.023290741243821984
0.7834690015940142	-0.13748614941703316	0.6060311109317277	-0.34715245822134666
0.0	0.0	0.0	1.0
9	12	3
0.9358508950966292	-0.029482812551736803	-0.35116075425746035	0.24918520830058666
-0.23127516662147526	0.7004752344866478	-0.6751638045370763	-0.04468657548426012
0.26588516972834525	0.7130675689554364	0.6487216985655179	-0.4319090876670249
0.0	0.0	0.0	1.0
9	13	4
0.7329920729899165	0.017581138786031833	-0.6800098849643634	0.3633646866832981
-0.4068903031174027	0.8124413263339683	-0.41758758541413404	-0.1837100682769579
0.5451265099124849	0.5827778753401819	0.6026665434374114	-0.2934644459765278
0.0	0.0	0.0	1.0
12	15	5
0.6560142046762094	0.5508314252226215	-0.5159748858793475	-0.07959777893196708
-0.07084298033095973	0.7255591540810109	0.684503661488881	0.2564604193894227
0.751416524909659	-0.4124909839083227	0.5149996294232353	0.1841944076004128
0.0	0.0	0.0	1.0
13	16	6
0.7980190037576298	0.32225340723273904	-0.5092331398006822	-0.21813384082318132
0.13920645302487214	0.7235860291247569	0.6760508145888889	0.32298715424816776
0.5863336899922624	-0.6103899696814138	0.5325756811794835	0.08590191745578729
0.0	0.0	0.0	1.0
13	17	7
0.5860105580001915	0.45229134283555733	-0.6723275224191725	-0.35468997284673087
0.13094035815397193	0.7659613339587755	0.629410706979036	0.3061457275708488
0.7996539080069921	-0.4568761651418507	0.38963826547367814	-0.01615432441397923
0.0	0.0	0.0	1.0
13	18	8
0.4609384558979116	0.5075346231676837	-0.7279727942636203	-0.3802284029812817
-0.01717835682012419	0.8252629511483844	0.5644872924402133	0.25193397594666406
0.8872658752229773	-0.2476885094434618	0.3891140405936299	-0.11691777872362934
0.0	0.0	0.0	1.0
29	33	9
0.8112420217787194	-0.012083062731988248	-0.5845855272059076	-0.07382077509722042
-0.28324566848439764	0.8665275165882381	-0.4109767543421017	-0.12341170654939183
0.511525337463291	0.49898300140022844	0.6995410985829095	-0.3244425668082549
0.0	0.0	0.0	1.0
29	34	10
0.8243831170657646	-0.014860340503974754	-0.5658370276897822	-0.20392040153539
-0.2687694368749426	0.8694970405298251	-0.4144126640060476	-0.031677767194000804
0.49815200155294936	0.49371459263046374	0.7128046866487554	-0.4386689729486788
0.0	0.0	0.0	1.0
32	39	11
0.7969214260636925	0.40190611124362424	-0.4509851836510519	-0.4644823733809531
-0.41731412643635096	0.9060597747481502	0.070034097594249	0.7916178602067833
0.43676679107758876	0.1323907712042911	0.8897795411255893	-0.9662693588788712
0.0	0.0	0.0	1.0
33	39	12
0.8869082263154826	0.298924850452555	-0.352189914508029	-0.4274380946746877
-0.32015271775834103	0.9473635969689705	-0.0021454034971227047	0.6877444646657762
0.33301063293322364	0.11465734035087162	0.9359261758313268	-0.821847097510022
0.0	0.0	0.0	1.0
33	40	13
0.8354855231536142	0.3537224122959527	-0.4205287505959196	-0.45200075730630923
-0.37275964774994524	0.9270980522812351	0.03923640582053995	0.7716503595558353
0.40375018602158536	0.12397477051422368	0.906430414759043	-0.9660787716304928
0.0	0.0	0.0	1.0
35	39	14
0.8980040559679311	0.2610283917757673	-0.35419312653672275	-0.36639409317167093
-0.27498178139054424	0.9613827069070287	0.011331304726412063	0.45498998166932975
0.343473076291027	0.08722105421187394	0.9351036988535875	-0.5452526041962323
0.0	0.0	0.0	1.0
