4	8	1
0.5296616960780242	0.1304821574792033	-0.8381126827263177	0.15812458233673513
0.1702785244114038	0.9516245396156721	0.2557651460747788	0.0473409889117692
0.8309413819703974	-0.2781816472215423	0.4818207598253146	-0.4184189565080664
0.0	0.0	0.0	1.0
5	8	2
0.6101767328720162	-0.014559726833215108	-0.7921315742559838	0.16230960687925894
0.11773074165359117	0.9903965840473719	0.07248376124599745	-0.023290741243821984
0.7834690015940139	-0.1374861494170331	0.606031110931728	-0.3471524582213431
0.0	0.0	0.0	1.0
9	12	3
0.9358508950966292	-0.029482812551736817	-0.3511607542574603	0.24918520830058666
-0.2312751666214753	0.7004752344866477	-0.6751638045370761	-0.044686575484256565
0.26588516972834536	0.7130675689554364	0.6487216985655179	-0.43190908766702135
0.0	0.0	0.0	1.0
9	13	4
0.7329920729899166	0.017581138786031854	-0.6800098849643634	0.3633646866832981
-0.4068903031174026	0.8124413263339682	-0.41758758541413404	-0.18371006827695702
0.5451265099124848	0.5827778753401818	0.6026665434374113	-0.2934644459765225
0.0	0.0	0.0	1.0
12	15	5
0.6560142046762093	0.5508314252226217	-0.5159748858793476	-0.07959777893196708
-0.07084298033095976	0.7255591540810108	0.684503661488881	0.25646041938942254
0.751416524909659	-0.4124909839083227	0.5149996294232353	0.18419440760041414
0.0	0.0	0.0	1.0
13	16	6
0.79801900375763	0.3222534072327389	-0.509233139800682	-0.21813384082318488
0.13920645302487214	0.7235860291247569	0.6760508145888888	0.3229871542481673
0.5863336899922624	-0.6103899696814138	0.5325756811794835	0.08590191745578729
0.0	0.0	0.0	1.0
13	17	7
0.5860105580001914	0.4522913428355574	-0.6723275224191725	-0.3546899728467273
0.13094035815397198	0.7659613339587755	0.629410706979036	0.3061457275708488
0.7996539080069922	-0.4568761651418508	0.38963826547367825	-0.01615432441397923
0.0	0.0	0.0	1.0
13	18	8
0.46093845589791166	0.5075346231676835	-0.7279727942636199	-0.3802284029812817
-0.017178356820124186	0.8252629511483843	0.5644872924402133	0.25193397594666406
0.8872658752229774	-0.24768850944346188	0.3891140405936301	-0.11691777872361868
0.0	0.0	0.0	1.0
29	33	9
0.811242021778719	-0.012083062731988206	-0.5845855272059078	-0.07382077509721331
-0.28324566848439764	0.8665275165882382	-0.4109767543421017	-0.12341170654939272
0.5115253374632912	0.49898300140022855	0.6995410985829095	-0.32444256680825534
0.0	0.0	0.0	1.0
29	34	10
0.8243831170657646	-0.01486034050397447	-0.5658370276897821	-0.20392040153538646
-0.2687694368749427	0.869497040529825	-0.4144126640060476	-0.03167776719399903
0.49815200155294936	0.49371459263046374	0.7128046866487554	-0.4386689729486797
0.0	0.0	0.0	1.0
32	39	11
0.7969214260636924	0.4019061112436244	-0.45098518365105195	-0.46448237338094955
-0.417314126436351	0.9060597747481502	0.07003409759424888	0.7916178602067842
0.4367667910775887	0.13239077120429096	0.8897795411255893	-0.9662693588788721
0.0	0.0	0.0	1.0
33	39	12
0.8869082263154825	0.2989248504525552	-0.3521899145080291	-0.42743809467468413
-0.32015271775834114	0.9473635969689704	-0.002145403497122829	0.6877444646657771
0.3330106329332237	0.11465734035087147	0.9359261758313269	-0.8218470975100229
0.0	0.0	0.0	1.0
33	40	13
0.8354855231536141	0.3537224122959528	-0.42052875059591927	-0.4520007573062986
-0.3727596477499453	0.9270980522812351	0.03923640582053996	0.7716503595558335
0.4037501860215854	0.12397477051422362	0.906430414759043	-0.9660787716304928
0.0	0.0	0.0	1.0
35	39	14
0.898004055967931	0.26102839177576753	-0.3541931265367229	-0.3663940931716674
-0.2749817813905443	0.9613827069070287	0.01133130472641194	0.45498998166933063
0.343473076291027	0.08722105421187379	0.9351036988535876	-0.5452526041962306
0.0	0.0	0.0	1.0
