1	 11	 55	
 5.00000000e+03	  0.00000000e+00	  0.00000000e+00	  0.00000000e+00	  1.18471768e+04	 -7.24729614e+02	
 0.00000000e+00	  5.00000000e+03	  0.00000000e+00	 -1.18471768e+04	  0.00000000e+00	 -3.56649121e+03	
 0.00000000e+00	  0.00000000e+00	  5.00000000e+03	  7.24729614e+02	  3.56649121e+03	  0.00000000e+00	
 0.00000000e+00	 -1.18471768e+04	  7.24729614e+02	  3.06199258e+04	  5.04102936e+02	  8.69052148e+03	
 1.18471768e+04	  0.00000000e+00	  3.56649121e+03	  5.04102936e+02	  3.34025703e+04	 -1.03527075e+03	
-7.24729614e+02	 -3.56649121e+03	  0.00000000e+00	  8.69052148e+03	 -1.03527075e+03	  3.64960962e+03	
4	 19	 55	
 3.22700000e+03	  0.00000000e+00	  0.00000000e+00	  0.00000000e+00	  6.59512939e+03	  5.37286415e+01	
 0.00000000e+00	  3.22700000e+03	  0.00000000e+00	 -6.59512939e+03	  0.00000000e+00	 -1.66258557e+03	
 0.00000000e+00	  0.00000000e+00	  3.22700000e+03	 -5.37286415e+01	  1.66258557e+03	  0.00000000e+00	
 0.00000000e+00	 -6.59512939e+03	 -5.37286415e+01	  1.44293838e+04	  1.12222834e+01	  3.58981812e+03	
 6.59512939e+03	  0.00000000e+00	  1.66258557e+03	  1.12222834e+01	  1.47930830e+04	 -4.08948441e+01	
 5.37286415e+01	 -1.66258557e+03	  0.00000000e+00	  3.58981812e+03	 -4.08948441e+01	  1.75940576e+03	
19	 20	 55	
 5.00000000e+03	  0.00000000e+00	  0.00000000e+00	  0.00000000e+00	  1.27443340e+04	  1.46755103e+03	
 0.00000000e+00	  5.00000000e+03	  0.00000000e+00	 -1.27443340e+04	  0.00000000e+00	  3.99278198e+03	
 0.00000000e+00	  0.00000000e+00	  5.00000000e+03	 -1.46755103e+03	 -3.99278198e+03	  0.00000000e+00	
 0.00000000e+00	 -1.27443340e+04	 -1.46755103e+03	  3.52328672e+04	  1.56631506e+03	 -1.01698018e+04	
 1.27443340e+04	  0.00000000e+00	 -3.99278198e+03	  1.56631506e+03	  3.69218516e+04	  3.83818994e+03	
 1.46755103e+03	  3.99278198e+03	  0.00000000e+00	 -1.01698018e+04	  3.83818994e+03	  6.14117236e+03	
19	 35	 55	
 5.00000000e+03	  0.00000000e+00	  0.00000000e+00	  0.00000000e+00	  8.55533398e+03	 -1.51967484e+02	
 0.00000000e+00	  5.00000000e+03	  0.00000000e+00	 -8.55533398e+03	  0.00000000e+00	 -4.93321442e+02	
 0.00000000e+00	  0.00000000e+00	  5.00000000e+03	  1.51967484e+02	  4.93321442e+02	  0.00000000e+00	
 0.00000000e+00	 -8.55533398e+03	  1.51967484e+02	  1.58782559e+04	 -1.34114380e+02	  5.88351440e+02	
 8.55533398e+03	  0.00000000e+00	  4.93321442e+02	 -1.34114380e+02	  1.56942188e+04	 -7.73581696e+01	
-1.51967484e+02	 -4.93321442e+02	  0.00000000e+00	  5.88351440e+02	 -7.73581696e+01	  1.22740283e+03	
29	 30	 55	
 5.00000000e+03	  0.00000000e+00	  0.00000000e+00	  0.00000000e+00	  9.50267188e+03	 -2.33779565e+03	
 0.00000000e+00	  5.00000000e+03	  0.00000000e+00	 -9.50267188e+03	  0.00000000e+00	  4.24447852e+03	
 0.00000000e+00	  0.00000000e+00	  5.00000000e+03	  2.33779565e+03	 -4.24447852e+03	  0.00000000e+00	
 0.00000000e+00	 -9.50267188e+03	  2.33779565e+03	  2.04966113e+04	 -1.66132227e+03	 -8.52867969e+03	
 9.50267188e+03	  0.00000000e+00	 -4.24447852e+03	 -1.66132227e+03	  2.32917773e+04	 -3.83542847e+03	
-2.33779565e+03	  4.24447852e+03	  0.00000000e+00	 -8.52867969e+03	 -3.83542847e+03	  5.76000098e+03	
32	 47	 55	
 5.00000000e+03	  0.00000000e+00	  0.00000000e+00	  0.00000000e+00	  7.96100781e+03	 -7.22271912e+02	
 0.00000000e+00	  5.00000000e+03	  0.00000000e+00	 -7.96100781e+03	  0.00000000e+00	  2.44245044e+03	
 0.00000000e+00	  0.00000000e+00	  5.00000000e+03	  7.22271912e+02	 -2.44245044e+03	  0.00000000e+00	
 0.00000000e+00	 -7.96100781e+03	  7.22271912e+02	  1.35590957e+04	 -3.14319489e+02	 -3.98936914e+03	
 7.96100781e+03	  0.00000000e+00	 -2.44245044e+03	 -3.14319489e+02	  1.50482832e+04	 -9.74601440e+02	
-7.22271912e+02	  2.44245044e+03	  0.00000000e+00	 -3.98936914e+03	 -9.74601440e+02	  2.78002417e+03	
