1	11	1
0.9213932379169999	0.269422358022	-0.28008909080899996	-0.5013192489599998
-0.16108317796000002	0.920628995924	0.355661364536	-0.42351164951199993
0.353682276655	-0.282585692775	0.891661036884	0.17941103702700004
0.0	0.0	0.0	1.0
4	19	2
0.910892975621	-0.012529268393999975	0.412461223857	-2.450746819749
-0.066358901074	0.9820819460900001	0.176378137273	-0.1262405883710001
-0.407277546013	-0.188032943228	0.893738947547	-0.07572035102699992
0.0	0.0	0.0	1.0
19	20	3
0.8445463789240001	-0.10074773829299999	0.5259218884319999	0.09350495161000005
0.17324557404299998	0.980727403278	-0.09033386464699995	0.1410696266670001
-0.506681002161	0.16740262439099995	0.8457257782670001	-0.04306548034799998
0.0	0.0	0.0	1.0
19	35	4
0.409655407954	0.20178782380100002	-0.889644287364	2.523078535337
-0.23288642778200003	0.9660451803200001	0.11188452600200004	0.46034955500099994
0.882009564305	0.16135267944999998	0.442734748342	-0.3116886282539999
0.0	0.0	0.0	1.0
29	30	5
0.587495808461	-0.549601738801	0.593955809447	0.02122228364300005
0.479221427914	0.827724880486	0.291903699252	0.14285187458300008
-0.652056464124	0.11314152470400005	0.7496706170430001	-0.14623244884300005
0.0	0.0	0.0	1.0
32	47	6
0.9363393174689999	0.15200356061600004	-0.31645314045000006	1.901990360082
-0.24921798387100003	0.922671146256	-0.29420066386800003	0.6869834394580002
0.24727249061	0.35434233554000005	0.9018294655930001	-0.9830492454470001
0.0	0.0	0.0	1.0
