22	24	1
0.8145449839295569	0.29466548508448975	-0.4996885822977203	-0.16031535930792912
-0.4028119668045609	0.9071590316280733	-0.1216758941645007	-0.00473281090809676
0.41744339829519517	0.3003909925516343	0.857616675119888	-0.15436677939988144
0.0	0.0	0.0	1.0
22	34	2
0.8200376746439227	-0.3398655018766148	0.46046696044992314	0.521035407179025
0.2872968350999456	0.9403152066282484	0.18239411951394424	0.17161354704608783
-0.4949735881525923	-0.017279403400496246	0.8687362560797766	-0.14703531217843374
0.0	0.0	0.0	1.0
23	24	3
0.9440788971022451	0.19599804661327744	-0.2651408635718017	-0.106679547656459
-0.22005029854458752	0.9733883228003112	-0.06397589378244688	-0.006568328456047731
0.2455459129618974	0.1187426537414416	0.962084925229737	-0.05113267819471872
0.0	0.0	0.0	1.0
23	25	4
0.7562262006714203	0.4025894271636044	-0.5157941783247522	-0.1822754968136597
-0.44367992612222806	0.894899196133727	0.0479931856530255	0.006005110838100325
0.4809054350188019	0.19255382901986162	0.8553672113312311	-0.062488211028590326
0.0	0.0	0.0	1.0
23	26	5
0.48128022366189743	0.5560630447343671	-0.6776157401236592	-0.26304032109282216
-0.47314679191894415	0.815544652806019	0.33319494858972487	0.05327786805006268
0.7379034160289734	0.16025159121932606	0.6556050716504317	0.018027216880295176
0.0	0.0	0.0	1.0
24	25	6
0.9296021745631425	0.2584664853734393	-0.26274502794846305	-0.09484312152134099
-0.256195338893011	0.9656460375100382	0.04349241889748276	-0.012759127820657766
0.26496006471542505	0.026883370670775158	0.9638845958916019	0.015240188489420313
0.0	0.0	0.0	1.0
24	26	7
0.7430174997120417	0.4787105652256967	-0.4677191072505173	-0.2045469526914874
-0.37518638174861224	0.876641389735214	0.30122249727414957	0.034413536162332725
0.554220403105796	-0.04833177558291744	0.830965602342331	0.11932323654416009
0.0	0.0	0.0	1.0
25	26	8
0.9373321289238475	0.25156513937279296	-0.2410879147270523	-0.10876348587755402
-0.2013363366949327	0.9557472697090299	0.2145014207397286	0.02424363240376239
0.2843802252898697	-0.15251933582043936	0.9465018232640948	0.12992388310595882
0.0	0.0	0.0	1.0
25	27	9
0.8755534442730714	0.38287051851629034	-0.2946459939713746	-0.17458763513318323
-0.18681106143959833	0.8307438162643599	0.5243723125199018	0.2279561963221514
0.445542147965438	-0.40407294296872787	0.7988850720895305	0.22769058047996657
0.0	0.0	0.0	1.0
26	27	10
0.9880369195618619	0.12644476206312225	-0.08828806497204732	-0.05872003359086221
-0.09253764694668727	0.9440715788993252	0.31648952159101074	0.153884170403985
0.12336874871446667	-0.304533418717909	0.9444785160100778	0.1257812453988716
0.0	0.0	0.0	1.0
26	28	11
0.9883653180092039	0.15112039097788932	0.01722163111588021	-0.02946816009470605
-0.1379155753996863	0.8426951588019631	0.5204268381770571	0.30946925503360767
0.06413462581605335	-0.5167470630619324	0.853732557249262	0.1488128570123908
0.0	0.0	0.0	1.0
26	29	12
0.9670112196308172	-0.04580864753511235	0.2505813337150203	0.11332372730158385
-0.09965298423998566	0.8372716834110592	0.5376292942955139	0.3209181512681564
-0.23443270164636476	-0.544864768995503	0.8050860739162649	0.18270170763219765
0.0	0.0	0.0	1.0
27	28	13
0.9941293204428695	0.05665788959911157	0.09217759356132288	0.00859418420415071
-0.07565882383252916	0.9730366064137448	0.21788867981640728	0.1278853565928922
-0.07734700612247308	-0.22358363124242256	0.9716108949851767	0.056466604962015235
0.0	0.0	0.0	1.0
27	29	14
0.9275271553007521	-0.05342524656737509	0.36991782901371334	0.129480758610722
-0.04005851407327284	0.9698201236794806	0.2405080632106739	0.13907457846145865
-0.371602973258479	-0.2378961323893872	0.8973942606743632	0.08461427012105774
0.0	0.0	0.0	1.0
28	29	15
0.9531531647083251	-0.0415594100092148	0.29961972480849813	0.10968550071170617
0.03729407451395716	0.9991052757425852	0.01994281428782948	0.009857027456976204
-0.3001805298846392	-0.00783449468285474	0.9538501801904014	0.034335307910925233
0.0	0.0	0.0	1.0
28	30	16
0.6702137816162829	-0.0512378414734087	0.7403974592040414	0.28751250598505645
0.06736149959287041	0.9976961266141378	0.008067559176883846	-0.0055869475176803405
-0.7391049996544484	0.04446730863630622	0.6721210463569818	0.011344528027229335
0.0	0.0	0.0	1.0
29	30	17
0.8627834301673696	-0.011431395435578853	0.5054446804087694	0.1756357472608593
0.025159359136917213	0.9994766227599353	-0.020341829523932913	-0.01749998925517371
-0.5049474380151879	0.030267258769154353	0.8626193730895662	0.036813292140792014
0.0	0.0	0.0	1.0
35	38	18
0.9126778557075357	-0.17997069155167889	0.36691940357447866	0.3479955787951974
-0.0323572753476021	0.8631757857463177	0.5038656708017116	0.22276107188035646
-0.40739701661178074	-0.4717395715878349	0.7819779985682219	-0.10457702078419973
0.0	0.0	0.0	1.0
36	38	19
0.9946958575634839	-0.0518141542438464	0.08885602121137934	0.14707308528699703
0.003945656063679205	0.8824420895121672	0.470404539544276	0.20026609822053698
-0.10278389163098409	-0.4675589310803706	0.8779659888681439	-0.04572564826425138
0.0	0.0	0.0	1.0
36	39	20
0.9695570788786517	-0.062297964890277065	0.23680766135886647	0.10480419473319856
-0.09258076995931915	0.8020421748516752	0.5900482591574713	0.27058894607291767
-0.22668855411028843	-0.5940094501783244	0.7718582328558468	-0.07228297768825866
0.0	0.0	0.0	1.0
37	39	21
0.9830093148478306	-0.025917406767200377	0.18171671168660658	-0.011330000770312765
-0.05304612913712188	0.9076291212912574	0.4164075740871279	0.20603546849865464
-0.17572362019692422	-0.4189719493196091	0.890833162239613	-0.01197939626445819
0.0	0.0	0.0	1.0
37	40	22
0.854964049773479	-0.06964631449176703	0.5139901042210361	-0.07938737429197563
-0.17050229627754804	0.8981384361498547	0.4053100229253309	0.26063040201198134
-0.48986270375389473	-0.4341620372202417	0.7560012418260003	0.08041512075509774
0.0	0.0	0.0	1.0
38	39	23
0.9886841601883988	0.06024658206980185	0.1373821497432337	-0.046388097000914286
-0.08121752530245788	0.9849518283262911	0.15255615334716097	0.09225713120322002
-0.1261238447539943	-0.1619877083339639	0.9786994714214229	0.023458760320674305
0.0	0.0	0.0	1.0
38	40	24
0.8740089080695405	0.10568511894904105	0.4742772790376912	-0.11225240118220799
-0.19841102461255367	0.9686038303173247	0.14979842832540874	0.15228093685598115
-0.4435554099037364	-0.22502704059325185	0.8675375140495359	0.13151040805689132
0.0	0.0	0.0	1.0
39	40	25
0.9356432863667321	0.10546385766051973	0.33682191739942163	-0.08648090724038089
-0.11723114418968597	0.9929954650237774	0.014730085094361356	0.05488634473114912
-0.3329091765481031	-0.05326815445728296	0.941453126356211	0.09889642875306306
0.0	0.0	0.0	1.0
40	41	26
0.9494710480009955	0.0266711010198414	0.31271940239790463	0.015020590236872007
0.020577845367151005	0.9889486739701571	-0.14682308766998664	-0.03289262244716974
-0.3131793835438788	0.1458393682846747	0.9384292958840228	0.1178548125878452
0.0	0.0	0.0	1.0
40	42	27
0.8896947288997137	0.11025784022119331	0.44304260420351416	0.1674595135167753
-0.06251942160432385	0.9906820714007384	-0.12099799421878979	0.007895920861111533
-0.4522553326666205	0.0799524850449999	0.8882977314238222	0.27020147867983596
0.0	0.0	0.0	1.0
