22	24	1
0.8145449839295571	0.29466548508448986	-0.49968858229772034	-0.16031535930792934
-0.402811966804561	0.9071590316280732	-0.1216758941645007	-0.00473281090809676
0.41744339829519506	0.30039099255163415	0.8576166751198878	-0.15436677939988142
0.0	0.0	0.0	1.0
22	34	2
0.8200376746439229	-0.33986550187661485	0.46046696044992325	0.5210354071790254
0.2872968350999456	0.9403152066282483	0.18239411951394421	0.17161354704608792
-0.49497358815259235	-0.017279403400496215	0.8687362560797764	-0.1470353121784344
0.0	0.0	0.0	1.0
23	24	3
0.9440788971022454	0.19599804661327755	-0.2651408635718018	-0.106679547656459
-0.22005029854458766	0.9733883228003111	-0.06397589378244699	-0.006568328456047953
0.2455459129618973	0.11874265374144147	0.9620849252297368	-0.05113267819471869
0.0	0.0	0.0	1.0
23	25	4
0.7562262006714203	0.40258942716360446	-0.515794178324752	-0.18227549681365993
-0.4436799261222282	0.8948991961337273	0.047993185653025454	0.006005110838100325
0.4809054350188019	0.19255382901986162	0.8553672113312311	-0.06248821102859027
0.0	0.0	0.0	1.0
23	26	5
0.48128022366189743	0.556063044734367	-0.6776157401236591	-0.2630403210928223
-0.4731467919189442	0.815544652806019	0.3331949485897249	0.05327786805006335
0.7379034160289735	0.16025159121932592	0.6556050716504318	0.01802721688029473
0.0	0.0	0.0	1.0
24	25	6
0.9296021745631425	0.25846648537343936	-0.262745027948463	-0.09484312152134121
-0.256195338893011	0.9656460375100384	0.04349241889748267	-0.012759127820657766
0.26496006471542505	0.026883370670775158	0.9638845958916019	0.015240188489420369
0.0	0.0	0.0	1.0
24	26	7
0.7430174997120416	0.4787105652256965	-0.46771910725051713	-0.20454695269148768
-0.3751863817486123	0.876641389735214	0.3012224972741495	0.03441353616233317
0.5542204031057961	-0.04833177558291763	0.830965602342331	0.11932323654415965
0.0	0.0	0.0	1.0
25	26	8
0.9373321289238474	0.2515651393727928	-0.2410879147270522	-0.10876348587755419
-0.20133633669493278	0.95574726970903	0.21450142073972864	0.024243632403762833
0.2843802252898698	-0.15251933582043958	0.9465018232640948	0.12992388310595837
0.0	0.0	0.0	1.0
25	27	9
0.8755534442730711	0.3828705185162901	-0.29464599397137436	-0.17458763513318323
-0.18681106143959833	0.8307438162643598	0.5243723125199019	0.22795619632215117
0.44554214796543806	-0.40407294296872776	0.7988850720895304	0.2276905804799668
0.0	0.0	0.0	1.0
26	27	10
0.9880369195618617	0.12644476206312216	-0.08828806497204722	-0.05872003359086234
-0.09253764694668733	0.9440715788993251	0.31648952159101085	0.153884170403985
0.1233687487144668	-0.30453341871790895	0.9444785160100777	0.1257812453988718
0.0	0.0	0.0	1.0
26	28	11
0.9883653180092039	0.15112039097788926	0.01722163111588026	-0.029468160094706083
-0.13791557539968627	0.842695158801963	0.520426838177057	0.30946925503360767
0.06413462581605314	-0.5167470630619324	0.8537325572492621	0.1488128570123908
0.0	0.0	0.0	1.0
26	29	12
0.967011219630817	-0.04580864753511234	0.2505813337150202	0.1133237273015843
-0.09965298423998566	0.8372716834110592	0.5376292942955138	0.3209181512681563
-0.23443270164636482	-0.544864768995503	0.8050860739162649	0.18270170763219765
0.0	0.0	0.0	1.0
27	28	13
0.9941293204428694	0.056657889599111555	0.09217759356132293	0.008594184204150682
-0.07565882383252914	0.9730366064137447	0.21788867981640728	0.12788535659289232
-0.07734700612247324	-0.2235836312424226	0.9716108949851766	0.056466604962015235
0.0	0.0	0.0	1.0
27	29	14
0.9275271553007519	-0.053425246567375045	0.3699178290137132	0.12948075861072245
-0.04005851407327284	0.9698201236794806	0.24050806321067386	0.13907457846145854
-0.3716029732584791	-0.23789613238938717	0.8973942606743631	0.08461427012105796
0.0	0.0	0.0	1.0
28	29	15
0.9531531647083249	-0.04155941000921477	0.2996197248084981	0.10968550071170662
0.03729407451395715	0.9991052757425852	0.019942814287829454	0.009857027456976093
-0.3001805298846393	-0.007834494682854727	0.9538501801904012	0.034335307910925456
0.0	0.0	0.0	1.0
28	30	16
0.6702137816162826	-0.051237841473408686	0.7403974592040412	0.2875125059850569
0.06736149959287041	0.9976961266141378	0.008067559176883838	-0.0055869475176802295
-0.7391049996544485	0.044467308636306234	0.6721210463569819	0.011344528027229335
0.0	0.0	0.0	1.0
29	30	17
0.8627834301673695	-0.011431395435578846	0.5054446804087693	0.17563574726085973
0.02515935913691721	0.9994766227599353	-0.02034182952393292	-0.01749998925517371
-0.504947438015188	0.030267258769154363	0.8626193730895662	0.03681329214079179
0.0	0.0	0.0	1.0
35	38	18
0.9126778557075356	-0.17997069155167897	0.36691940357447883	0.3479955787951976
-0.03235727534760211	0.8631757857463177	0.5038656708017116	0.22276107188035624
-0.40739701661178085	-0.4717395715878349	0.7819779985682219	-0.10457702078420017
0.0	0.0	0.0	1.0
36	38	19
0.9946958575634839	-0.051814154243846486	0.08885602121137949	0.14707308528699725
0.0039456560636791805	0.8824420895121672	0.470404539544276	0.20026609822053676
-0.1027838916309842	-0.4675589310803706	0.8779659888681439	-0.04572564826425138
0.0	0.0	0.0	1.0
36	39	20
0.9695570788786517	-0.06229796489027708	0.2368076613588664	0.10480419473319856
-0.09258076995931913	0.8020421748516752	0.5900482591574712	0.2705889460729172
-0.22668855411028835	-0.5940094501783242	0.7718582328558468	-0.07228297768825954
0.0	0.0	0.0	1.0
37	39	21
0.9830093148478306	-0.02591740676720039	0.18171671168660658	-0.011330000770312654
-0.05304612913712188	0.9076291212912573	0.4164075740871278	0.20603546849865398
-0.1757236201969241	-0.41897194931960907	0.8908331622396127	-0.011979396264459078
0.0	0.0	0.0	1.0
37	40	22
0.8549640497734788	-0.06964631449176706	0.5139901042210361	-0.07938737429197519
-0.17050229627754798	0.8981384361498547	0.4053100229253309	0.26063040201198134
-0.48986270375389473	-0.4341620372202417	0.7560012418260003	0.08041512075509819
0.0	0.0	0.0	1.0
38	39	23
0.9886841601883988	0.06024658206980184	0.1373821497432337	-0.046388097000914175
-0.08121752530245788	0.984951828326291	0.15255615334716086	0.09225713120321957
-0.12612384475399427	-0.16198770833396386	0.9786994714214227	0.023458760320672973
0.0	0.0	0.0	1.0
38	40	24
0.8740089080695403	0.10568511894904102	0.4742772790376912	-0.1122524011822076
-0.19841102461255364	0.9686038303173247	0.14979842832540868	0.15228093685598115
-0.4435554099037364	-0.22502704059325185	0.8675375140495359	0.13151040805689176
0.0	0.0	0.0	1.0
39	40	25
0.935643286366732	0.10546385766051972	0.3368219173994217	-0.0864809072403805
-0.11723114418968593	0.9929954650237774	0.014730085094361307	0.05488634473114912
-0.3329091765481031	-0.05326815445728296	0.941453126356211	0.09889642875306351
0.0	0.0	0.0	1.0
40	41	26
0.9494710480009952	0.02667110101984133	0.3127194023979044	0.015020590236871563
0.020577845367151033	0.9889486739701571	-0.1468230876699866	-0.03289262244716963
-0.31317938354387875	0.1458393682846747	0.9384292958840228	0.11785481258784565
0.0	0.0	0.0	1.0
40	42	27
0.8896947288997137	0.11025784022119332	0.4430426042035143	0.16745951351677507
-0.0625194216043238	0.9906820714007383	-0.12099799421878976	0.007895920861111422
-0.4522553326666204	0.07995248504499995	0.8882977314238221	0.27020147867983596
0.0	0.0	0.0	1.0
