14	 20	 60	
 5.00000000e+03	  0.00000000e+00	  0.00000000e+00	  0.00000000e+00	  1.09310547e+04	  2.33073779e+03	
 0.00000000e+00	  5.00000000e+03	  0.00000000e+00	 -1.09310547e+04	  0.00000000e+00	 -4.59400238e+02	
 0.00000000e+00	  0.00000000e+00	  5.00000000e+03	 -2.33073779e+03	  4.59400238e+02	  0.00000000e+00	
 0.00000000e+00	 -1.09310547e+04	 -2.33073779e+03	  2.54937402e+04	 -8.74051132e+01	  7.28932922e+02	
 1.09310547e+04	  0.00000000e+00	  4.59400238e+02	 -8.74051132e+01	  2.56927695e+04	  5.24211035e+03	
 2.33073779e+03	 -4.59400238e+02	  0.00000000e+00	  7.28932922e+02	  5.24211035e+03	  3.07740088e+03	
14	 21	 60	
 5.00000000e+03	  0.00000000e+00	  0.00000000e+00	  0.00000000e+00	  9.59318066e+03	  9.29424744e+02	
 0.00000000e+00	  5.00000000e+03	  0.00000000e+00	 -9.59318066e+03	  0.00000000e+00	 -2.69344434e+03	
 0.00000000e+00	  0.00000000e+00	  5.00000000e+03	 -9.29424744e+02	  2.69344434e+03	  0.00000000e+00	
 0.00000000e+00	 -9.59318066e+03	 -9.29424744e+02	  1.91869922e+04	 -6.09543579e+02	  5.27600830e+03	
 9.59318066e+03	  0.00000000e+00	  2.69344434e+03	 -6.09543579e+02	  2.08314180e+04	  2.04330029e+03	
 9.29424744e+02	 -2.69344434e+03	  0.00000000e+00	  5.27600830e+03	  2.04330029e+03	  2.77064722e+03	
16	 21	 60	
 5.00000000e+03	  0.00000000e+00	  0.00000000e+00	  0.00000000e+00	  9.68100195e+03	 -3.29447906e+02	
 0.00000000e+00	  5.00000000e+03	  0.00000000e+00	 -9.68100195e+03	  0.00000000e+00	 -2.46431860e+03	
 0.00000000e+00	  0.00000000e+00	  5.00000000e+03	  3.29447906e+02	  2.46431860e+03	  0.00000000e+00	
 0.00000000e+00	 -9.68100195e+03	  3.29447906e+02	  1.93826426e+04	  2.38201385e+02	  4.99118799e+03	
 9.68100195e+03	  0.00000000e+00	  2.46431860e+03	  2.38201385e+02	  2.12923457e+04	 -4.51034332e+02	
-3.29447906e+02	 -2.46431860e+03	  0.00000000e+00	  4.99118799e+03	 -4.51034332e+02	  2.83462061e+03	
18	 21	 60	
 5.00000000e+03	  0.00000000e+00	  0.00000000e+00	  0.00000000e+00	  8.64954492e+03	  1.84540979e+03	
 0.00000000e+00	  5.00000000e+03	  0.00000000e+00	 -8.64954492e+03	  0.00000000e+00	 -1.82877502e+03	
 0.00000000e+00	  0.00000000e+00	  5.00000000e+03	 -1.84540979e+03	  1.82877502e+03	  0.00000000e+00	
 0.00000000e+00	 -8.64954492e+03	 -1.84540979e+03	  1.62388428e+04	 -6.67300964e+02	  3.25973145e+03	
 8.64954492e+03	  0.00000000e+00	  1.82877502e+03	 -6.67300964e+02	  1.61466807e+04	  3.27065210e+03	
 1.84540979e+03	 -1.82877502e+03	  0.00000000e+00	  3.25973145e+03	  3.27065210e+03	  2.32048633e+03	
20	 21	 60	
 4.52500000e+03	  0.00000000e+00	  0.00000000e+00	  0.00000000e+00	  5.77808057e+03	 -1.04297021e+03	
 0.00000000e+00	  4.52500000e+03	  0.00000000e+00	 -5.77808057e+03	  0.00000000e+00	 -2.65281641e+03	
 0.00000000e+00	  0.00000000e+00	  4.52500000e+03	  1.04297021e+03	  2.65281641e+03	  0.00000000e+00	
 0.00000000e+00	 -5.77808057e+03	  1.04297021e+03	  7.84450635e+03	  5.77992920e+02	  3.44378027e+03	
 5.77808057e+03	  0.00000000e+00	  2.65281641e+03	  5.77992920e+02	  9.39101758e+03	 -1.28048987e+03	
-1.04297021e+03	 -2.65281641e+03	  0.00000000e+00	  3.44378027e+03	 -1.28048987e+03	  2.40564282e+03	
25	 27	 60	
 5.00000000e+03	  0.00000000e+00	  0.00000000e+00	  0.00000000e+00	  8.87482422e+03	  5.70619934e+02	
 0.00000000e+00	  5.00000000e+03	  0.00000000e+00	 -8.87482422e+03	  0.00000000e+00	 -2.43042017e+03	
 0.00000000e+00	  0.00000000e+00	  5.00000000e+03	 -5.70619934e+02	  2.43042017e+03	  0.00000000e+00	
 0.00000000e+00	 -8.87482422e+03	 -5.70619934e+02	  1.67956836e+04	 -4.37772095e+02	  4.15750342e+03	
 8.87482422e+03	  0.00000000e+00	  2.43042017e+03	 -4.37772095e+02	  1.73731973e+04	  8.26420532e+02	
 5.70619934e+02	 -2.43042017e+03	  0.00000000e+00	  4.15750342e+03	  8.26420532e+02	  2.30037207e+03	
26	 27	 60	
 5.00000000e+03	  0.00000000e+00	  0.00000000e+00	  0.00000000e+00	  8.80784375e+03	  1.00343330e+02	
 0.00000000e+00	  5.00000000e+03	  0.00000000e+00	 -8.80784375e+03	  0.00000000e+00	 -3.12536792e+03	
 0.00000000e+00	  0.00000000e+00	  5.00000000e+03	 -1.00343330e+02	  3.12536792e+03	  0.00000000e+00	
 0.00000000e+00	 -8.80784375e+03	 -1.00343330e+02	  1.64236230e+04	  3.45382050e+02	  5.24237354e+03	
 8.80784375e+03	  0.00000000e+00	  3.12536792e+03	  3.45382050e+02	  1.83642578e+04	  1.88924042e+02	
 1.00343330e+02	 -3.12536792e+03	  0.00000000e+00	  5.24237354e+03	  1.88924042e+02	  3.38861011e+03	
27	 28	 60	
 5.00000000e+03	  0.00000000e+00	  0.00000000e+00	  0.00000000e+00	  8.96967188e+03	 -3.03988007e+02	
 0.00000000e+00	  5.00000000e+03	  0.00000000e+00	 -8.96967188e+03	  0.00000000e+00	 -6.97850037e+01	
 0.00000000e+00	  0.00000000e+00	  5.00000000e+03	  3.03988007e+02	  6.97850037e+01	  0.00000000e+00	
 0.00000000e+00	 -8.96967188e+03	  3.03988007e+02	  1.67488984e+04	  1.09154301e+01	 -1.73278105e+00	
 8.96967188e+03	  0.00000000e+00	  6.97850037e+01	  1.09154301e+01	  1.70457344e+04	 -6.47387756e+02	
-3.03988007e+02	 -6.97850037e+01	  0.00000000e+00	 -1.73278105e+00	 -6.47387756e+02	  1.43487341e+03	
