14	20	1
0.986826477667	0.094314715005	-0.131462139495	0.3699224288449999
-0.07851033594699999	0.989592086379	0.120604458802	-0.796471284231
0.14146754337400003	-0.10869274882000009	0.9839597235209999	0.9177635655639999
0.0	0.0	0.0	1.0
14	21	2
0.68249865941	0.5262088891479999	-0.507251034125	0.22869612247699983
-0.372353610269	0.847533925936	0.378207408095	-0.7095095039100002
0.628927665975	-0.06924755229200007	0.77437502001	1.0269701345330005
0.0	0.0	0.0	1.0
16	21	3
0.834547820314	0.43714592013599995	-0.33531731140000004	0.10057350350600007
-0.354967412451	0.892104041076	0.27955363653000004	-0.27482614028300006
0.42134371035199997	-0.11427322449199996	0.8996734537600001	0.7812271915100002
0.0	0.0	0.0	1.0
18	21	4
0.852923354114	0.38459528413999994	-0.35300395406	0.11511902106499987
-0.400630331849	0.915759150484	0.029706807589999974	-0.3607393638980005
0.334692475678	0.11608809223199998	0.93515122475	0.5233397857380003
0.0	0.0	0.0	1.0
20	21	5
0.791713031165	0.442937845036	-0.42071226936500006	-0.13074384031399988
-0.372469588485	0.895867774088	0.242261527965	0.060867212824999586
0.484208154971	-0.035096785924000014	0.87424937311	0.1365083926290005
0.0	0.0	0.0	1.0
25	27	6
0.91500021534	0.135607289244	-0.3799757964999999	-0.05523476363600013
-0.130786293133	0.990659345438	0.03861334959200001	0.05568220051800006
0.381664610696	0.014363128168	0.924187905008	0.0339467851879998
0.0	0.0	0.0	1.0
26	27	7
0.933291762498	0.091962723538	-0.347136531634	-0.04663812586500003
-0.12130453577300002	0.990570331818	-0.06370583167600001	-0.005526998171000027
0.33800754618900003	0.10156394382600004	0.935646778536	0.034490976759000064
0.0	0.0	0.0	1.0
27	28	8
0.987061817705	-0.07102459837700002	0.14374239517499998	-0.014107388431000048
0.067003305906	0.997219367234	0.03261706820999999	-0.0035345435840000213
-0.14565733718399998	-0.022565676299999993	0.9890761108199999	-0.047608842746000114
0.0	0.0	0.0	1.0
