0	8	50
0.98696935	0.08901273	-0.13404537	0.02190360
0.00254128	0.82432866	0.56610578	0.19342099
0.16088801	-0.55906987	0.81336097	-0.02014097
-0.00000000	0.00000000	-0.00000000	1.00000000
2	21	1
0.697690998507192	0.49901362093262164	-0.5140162697682595	-0.14030781854354837
-0.287587557246748	0.8522398271851552	0.43701334934381963	0.10050505107312077
0.6561409107154028	-0.1570756251894385	0.7381100483685851	-0.08519976400000613
0.0	0.0	0.0	1.0
3	21	2
0.7076664908613238	0.4914924177244008	-0.5075857428178008	-0.13874050154082349
-0.2885855214302612	0.8568125870585108	0.4273061607632164	0.09971508215810612
0.6449236193522939	-0.1559083638191861	0.7481752115705411	-0.08469301930746338
0.0	0.0	0.0	1.0
4	21	3
0.6916021305100751	0.5290592427398646	-0.491714105245742	-0.14477120829823412
-0.2932782933893572	0.8278325852057247	0.47820591063684714	0.10750482359224009
0.6600564472302313	-0.18651915838614494	0.7276923704625392	-0.0860350762162629
0.0	0.0	0.0	1.0
5	8	4
0.9475969268051321	0.1773233829946206	-0.2657378690404737	-0.0005585532447109354
0.004510600568560328	0.8243029943947114	0.5661308932925667	0.2123823599575076
0.3194368142147867	-0.5376625571469356	0.7803071151746168	-0.014829213953275851
0.0	0.0	0.0	1.0
5	21	5
0.5996430173612796	0.5556045845182903	-0.5759616394957557	-0.15772741751742733
-0.2949997114154404	0.8224926697540682	0.4862930932306496	0.12518068456915302
0.7439110247668035	-0.12169373282799116	0.657105126294223	-0.08865976641905744
0.0	0.0	0.0	1.0
6	11	6
0.8792271620789045	0.23467679251500226	-0.4145917677894129	-0.04503898483445246
0.15028263848814644	0.6891952929022418	0.7088193335590779	0.34252921058863095
0.4520781892384137	-0.6855192416657849	0.5706914096510397	-0.017502282208280383
0.0	0.0	0.0	1.0
6	12	7
0.8209368317974283	0.2787631508001732	-0.498350988328048	-0.09418339921980526
0.0921865332777423	0.796590352693205	0.5974490075866087	0.2848094876241425
0.5635285033503887	-0.5364092587374409	0.6282522351860926	0.0024775110201002227
0.0	0.0	0.0	1.0
6	20	8
0.6044174391255085	0.4439261546375395	-0.6615202351002871	-0.18710768630171656
-0.4410262990094204	0.877962866828747	0.1862175120084011	0.032950999453143066
0.6634571950321204	0.17919471151681535	0.7264392396454071	-0.12487693509156704
0.0	0.0	0.0	1.0
6	21	9
0.6234728237412543	0.45104211469255534	-0.6386255132181035	-0.1787206769372097
-0.28678325656025927	0.8918162525167944	0.349884349979131	0.08304268293541586
0.7273493432162864	-0.03499627069987839	0.6853745467963113	-0.08864546284690496
0.0	0.0	0.0	1.0
6	22	10
0.6214354340963218	0.4430785383633712	-0.6461418220272922	-0.16447056074858607
-0.13253231682442798	0.8722883089546511	0.47068907193958454	0.14766667842107217
0.7721743242002026	-0.20686820453585686	0.6007931196188722	-0.09088090677970587
0.0	0.0	0.0	1.0
7	19	12
0.7404834993304337	0.2734513652848996	-0.6139288491521476	-0.18423218110756084
-0.49285980230264415	0.841986665273676	-0.21942639916298795	-0.06243318365852542
0.4569174638033906	0.4650624852546907	0.7582503726817347	-0.18512999506245337
0.0	0.0	0.0	1.0
7	20	13
0.7008302684558971	0.28206838007705304	-0.6551904091018098	-0.19717760593893408
-0.4293544786684741	0.9002873756928158	-0.0716769902320363	-0.04281908401576896
0.5696418617377388	0.33154237120459973	0.7520559244916889	-0.15730249657497794
0.0	0.0	0.0	1.0
7	21	14
0.7169990496527379	0.2939613808094144	-0.6320594762197799	-0.1899360970982501
-0.29725245041577675	0.9490949842852813	0.1042108840743029	0.002031633633727567
0.6305184524237437	0.11316215307780735	0.767880849955181	-0.10297545167345283
0.0	0.0	0.0	1.0
7	22	15
0.7156669537582097	0.28454208967608147	-0.637853172150301	-0.17485316444229207
-0.16079056970316843	0.9558430378280244	0.24598922110823535	0.06530740800013282
0.6796817769756139	-0.07348556689589282	0.7298168752867275	-0.08912735162554238
0.0	0.0	0.0	1.0
7	23	16
0.6978068303575905	0.2857731360995787	-0.6568100468623763	-0.17502285748789367
-0.02313162829700025	0.9254785929927178	0.37809323608664314	0.12421367109686059
0.7159125147947094	-0.24864298571490534	0.6524156781054457	-0.09767176963138118
0.0	0.0	0.0	1.0
7	24	17
0.6551796432251955	0.2940182496379398	-0.6959116830276211	-0.1944509775503166
0.09917166949788837	0.8797166697651414	0.46504166945275055	0.1599696271194101
0.7489357528343411	-0.37370056179775435	0.5472140978128575	-0.11381239939972303
0.0	0.0	0.0	1.0
8	17	18
0.9602828293911285	0.09327021175739694	-0.26297850795091143	-0.12052405012336016
-0.22940661140676016	0.8004167884708433	-0.5538101925219708	-0.14910565597437284
0.15883840493499493	0.5921434865684455	0.7900232040227524	-0.18975022571811442
0.0	0.0	0.0	1.0
8	19	19
0.8391545358990117	0.11842012986258896	-0.5308448496304752	-0.18724425619116214
-0.4110424556530667	0.7772386119157384	-0.4763867119864798	-0.12560130490419252
0.35617937813934614	0.6179618949491954	0.7008990440131958	-0.24568826887201928
0.0	0.0	0.0	1.0
8	20	20
0.8068426970363559	0.11803412525950785	-0.5788546758353698	-0.19970019960121074
-0.36841161921672616	0.8664990430199743	-0.3368268015117829	-0.11516299489061664
0.46182003811282796	0.48502310067242455	0.7426136031345756	-0.2065628695294064
0.0	0.0	0.0	1.0
8	21	21
0.8197963012477557	0.134621570660777	-0.5566066731460677	-0.19411480395538758
-0.2629200939733636	0.9519581219102851	-0.15699925301401635	-0.07947345832790884
0.5087308295046814	0.2750505277094225	0.8158064427578732	-0.13469372506191632
0.0	0.0	0.0	1.0
8	22	22
0.8189176893978191	0.12415722734326572	-0.5603201584264323	-0.17808447802677935
-0.14990440707942962	0.988700499460626	-9.05319575505463e-06	-0.020866908557875097
0.553987757863279	0.08400188984703445	0.8282760242478816	-0.10429764004187272
0.0	0.0	0.0	1.0
8	23	23
0.8042919554491457	0.12131772635347676	-0.5817184665968943	-0.17780468677413752
-0.03602817824518019	0.9870925580092823	0.15604563684071712	0.03671352430304847
0.5931411405291921	-0.10454801898246614	0.7982815199047434	-0.09606589764365527
0.0	0.0	0.0	1.0
8	24	24
0.7686928470729633	0.12109482669523919	-0.6280504218547226	-0.1967816773995415
0.06893692222229947	0.9605098998236075	0.2695708131660142	0.07375407194792996
0.6358922928558406	-0.2505130487449891	0.7299891451272069	-0.09871140683165469
0.0	0.0	0.0	1.0
9	20	26
0.8322638443985556	0.0038153219162122345	-0.5543664878050107	-0.19179856378739624
-0.3380321220773675	0.7960687522121552	-0.5020048169203837	-0.1721818383397895
0.43939859301872325	0.6051942619583232	0.663829004411516	-0.2635465274871523
0.0	0.0	0.0	1.0
9	21	27
0.8445845804295864	0.02397906480864933	-0.5348848088797251	-0.18807781729633122
-0.2385537204159957	0.9112148124328042	-0.3358269068261937	-0.1478629594261152
0.4793422140079154	0.41123307068369075	0.7753182828112607	-0.17767221803526181
0.0	0.0	0.0	1.0
9	22	28
0.8436682918967631	0.013028893938933214	-0.536706509309145	-0.17114915016564206
-0.13150775447027116	0.9742642353875333	-0.1830708821642289	-0.09627884058301436
0.5205088027771825	0.22503221471361573	0.8236692513554636	-0.13303194283707317
0.0	0.0	0.0	1.0
9	23	29
0.829895454603391	0.006560127307042722	-0.5578802307190176	-0.17007640508260854
-0.02427076480503653	0.9994087752011568	-0.02435280524141799	-0.04277508428121469
0.5573907007357426	0.03375047608050159	0.8295641062820553	-0.10957707166214474
0.0	0.0	0.0	1.0
10	14	30
0.988504221449527	-0.004519524025957667	-0.15112566501866054	-0.09648312731760791
-0.07309242099108995	0.8607028970973933	-0.5038333533072561	-0.18583534395625112
0.1323513506657823	0.5090876180102654	0.8504780935285379	-0.1459485000431689
0.0	0.0	0.0	1.0
10	21	31
0.8679271788045971	-0.05070449173568175	-0.49409650772901914	-0.1614254880669818
-0.2132069463960503	0.8604324265133715	-0.46281620734889667	-0.18782134703628386
0.44860359509673065	0.5070356813730978	0.7359821045156116	-0.22653442128208254
0.0	0.0	0.0	1.0
10	22	32
0.8669729138426434	-0.06179428651097375	-0.4945091233886178	-0.14382245065842336
-0.11242863323279478	0.942449481533999	-0.31487904050665433	-0.14475151812549306
0.48550765721871764	0.3285886575593679	0.8101306879113883	-0.17300927199336955
0.0	0.0	0.0	1.0
10	26	33
0.5810771264083252	-0.08861503386247131	-0.8090095949111143	-0.17743261129281965
0.07850190081206931	0.99552223369914	-0.052660170169129904	-0.08012234018400849
0.8100535909590629	-0.03290921715564442	0.5854316032460746	-0.2146085270478752
0.0	0.0	0.0	1.0
11	13	34
0.9954888068685096	0.0037111388635300466	-0.09480577101082856	-0.0673680891372482
-0.035225227732457356	0.9422719793936266	-0.33299038732932384	-0.14192713085734457
0.08809704769894824	0.3348278223656641	0.9381520453988113	-0.08312670839495218
0.0	0.0	0.0	1.0
11	14	35
0.9988192361109183	0.024913399115624398	-0.04170747867950633	-0.07059546203012944
-0.044185902313663455	0.8227134503301753	-0.5667364543425373	-0.20950070474885513
0.02019394484960856	0.5679101913422141	0.8228428692609163	-0.18495779227862502
0.0	0.0	0.0	1.0
11	15	36
0.9990184511257438	0.03414423426850339	0.028221270830217617	-0.055232105674794675
-0.00608089087028571	0.7367590224773289	-0.676128020376867	-0.23477158834094242
-0.04387813259197866	0.6752928387652022	0.7362434426885612	-0.2462911192371921
0.0	0.0	0.0	1.0
11	20	37
0.9098603067761765	-0.0721131415126573	-0.4085999004387792	-0.12857907507571262
-0.2589290911050433	0.6708039350931381	-0.6949660519140902	-0.22064433826730834
0.3242066735108477	0.7381205196260323	0.5916657532032206	-0.3527473335613214
0.0	0.0	0.0	1.0
11	21	38
0.9187923050784499	-0.0481169373215354	-0.39179768259677594	-0.1277151012954408
-0.18791827901947836	0.8195419129219212	-0.5413296377624631	-0.21561251414872526
0.3471418268279149	0.5709955164537016	0.7439467667407443	-0.25557242461410073
0.0	0.0	0.0	1.0
11	22	39
0.918248310576343	-0.05923928733332551	-0.3915490503778861	-0.10967540466625818
-0.10696406248930138	0.9148933185652338	-0.3892671527975041	-0.17734162411085286
0.3812855885813724	0.39932563249328695	0.833762781562546	-0.19589613310605894
0.0	0.0	0.0	1.0
11	27	40
0.6068490947402727	-0.1462713812579902	-0.7812419238550984	-0.13020299583114603
-0.025388461383323156	0.9788514734378286	-0.20299077947626795	-0.1415077098044845
0.7944115492363708	0.14301931742263657	0.5903015337778014	-0.25959943675231106
0.0	0.0	0.0	1.0
12	13	50
0.99909344	0.03936097	0.01621523	-0.02642594
-0.03581894	0.98311437	-0.17945209	-0.09468611
-0.02300489	0.17870864	0.98363300	-0.04432756
-0.00000000	-0.00000000	0.00000000	1.00000000
12	14	41
0.9960608771391155	0.05166271372633818	0.0720679519025839	-0.02739790439537048
-0.01581424601061929	0.9032109412526518	-0.4289055026547748	-0.17345791325144427
-0.08725105376922107	0.4260763345044348	0.9004700234494728	-0.13754221339448264
0.0	0.0	0.0	1.0
12	15	42
0.9886116521210472	0.0493421378420377	0.14217074309274377	-0.010319954255338085
0.03671747199373539	0.8370830574717623	-0.5458421964026642	-0.20390113172191654
-0.14594176162688072	0.5448462140838692	0.8257382314814363	-0.19686174805188567
0.0	0.0	0.0	1.0
12	16	43
0.9905284541536064	0.057348955575959405	0.12475792967233368	-0.013908019233790989
0.03959434985665293	0.7507058688030589	-0.6594489513749825	-0.2064452447880519
-0.131475254775476	0.6581427221508279	0.7413248285677376	-0.2622701737840487
0.0	0.0	0.0	1.0
12	19	44
0.9656532936313007	0.02512064337285504	-0.25861684149983183	-0.09020040080737324
-0.21174634264220638	0.6529266466579403	-0.7272209319114483	-0.19691439355631546
0.1505895887250022	0.7570045549872985	0.6358199780634062	-0.34390995390692064
0.0	0.0	0.0	1.0
12	20	45
0.9496081785133914	0.014121774893402265	-0.31312121181852426	-0.10091661434122441
-0.21011275644325678	0.7699756319265014	-0.6024866188875049	-0.2046418321424318
0.23258757551502054	0.6379170944078272	0.7341423189095928	-0.286474733103663
0.0	0.0	0.0	1.0
12	21	46
0.9558255043495958	0.035225361859683404	-0.29181636876623235	-0.09800732086974771
-0.16119068831067374	0.8930128456890067	-0.4201733197026682	-0.18543635100481223
0.24579507627764022	0.44865053685118955	0.8592423834840796	-0.19540435904849005
0.0	0.0	0.0	1.0
12	22	47
0.9556787450941603	0.024203221116946266	-0.29341489770844237	-0.08062785633613793
-0.10020723901651653	0.9638516059478097	-0.24687773701315552	-0.1356736196975702
0.27683324063171383	0.2653381573973652	0.9235577485943371	-0.1426667603152936
0.0	0.0	0.0	1.0
12	27	48
0.6901626362980549	-0.004267971669983605	-0.7236417539774526	-0.12595331479005278
-0.040992331343630416	0.9981464001494295	-0.044982797346685435	-0.08955713142120855
0.7224924292784846	0.060709223640078705	0.6887083080402595	-0.20767230900891206
0.0	0.0	0.0	1.0
12	28	49
0.6945144677130615	-0.005280463106759998	-0.7194593377566252	-0.1360949910612585
-0.14147356199293393	0.9794483176467739	-0.14375706057896218	-0.12734073096169568
0.7054324540736704	0.20162589122304336	0.6794939997610435	-0.24425239827323042
0.0	0.0	0.0	1.0
13	18	50
0.9877962532940314	0.05091490436142987	-0.1471952344398469	-0.04745735040205426
-0.13533496400875944	0.7483519515822483	-0.6493490211393113	-0.15001986291967992
0.07709230364967984	0.6613451939993801	0.7461096800595202	-0.2382384987421108
0.0	0.0	0.0	1.0
13	19	51
0.9615731766706596	0.03651712938588782	-0.27210951426952645	-0.07339421338078622
-0.1976466650150296	0.7799875063071767	-0.5937637882480368	-0.1546035084477001
0.19055951766103876	0.6247288925754572	0.7572325424448033	-0.24615482306276
0.0	0.0	0.0	1.0
13	20	52
0.944225876194603	0.036059628290816034	-0.32731829574141813	-0.08705943502186882
-0.18938479572576114	0.872617700972086	-0.4501909038357839	-0.14697759141791777
0.26939010141803194	0.4870710531097328	0.830777347792735	-0.19641065377367162
0.0	0.0	0.0	1.0
13	21	53
0.9516136878885502	0.05276097159518644	-0.30273378205337464	-0.08128375504783945
-0.13270794849986248	0.9591085132342584	-0.2499991371087698	-0.10921088095772388
0.27716444723643774	0.27807781251760594	0.9197025136676281	-0.1209817566775367
0.0	0.0	0.0	1.0
13	22	54
0.95100729890326	0.04221706202693945	-0.30627252345864203	-0.06507554044379053
-0.06618146015645528	0.9954684944387019	-0.06828327874054245	-0.046192319543456706
0.3020020146645268	0.0852074795970387	0.9494917070349138	-0.08452946110159945
0.0	0.0	0.0	1.0
13	23	55
0.9428531315566999	0.03936982942530985	-0.33087466457876147	-0.06533384502816142
-0.0015594699755408926	0.9935058779247696	0.1137705533561141	0.016294866024573192
0.33320512061977353	-0.10675293682789781	0.9367915180556701	-0.06892615100165723
0.0	0.0	0.0	1.0
13	24	56
0.9219014698693494	0.03937531567159455	-0.38541844972385825	-0.085953110507961
0.06461925281184348	0.965258909972155	0.25317917541196566	0.05951617838689563
0.38199764610380826	-0.2583117058250971	0.8873290904279248	-0.06241416537153766
0.0	0.0	0.0	1.0
13	25	57
0.8407866845807517	0.0706074548990506	-0.5367423757980306	-0.11978458270379794
0.10613028900494602	0.950721907986409	0.291314744030121	0.06266636632670332
0.5308618268132866	-0.301898201906237	0.7918607472137256	-0.09176486907916631
0.0	0.0	0.0	1.0
13	26	58
0.7362317893162039	0.10951628538287472	-0.6678089985958714	-0.13099441297207057
0.06579585857487731	0.970559160797951	0.23170246896972263	0.04421980083024638
0.6735234292067961	-0.21452583646344833	0.7073507104045662	-0.13633850454491822
0.0	0.0	0.0	1.0
13	27	59
0.6776349710290787	0.10094226165059242	-0.7284378033491876	-0.1307782139848891
-0.002396569626953154	0.9908327060375347	0.1350738178059393	0.010185122871336397
0.7353946788356985	-0.08978498826605454	0.6716647460008901	-0.16696694877612359
0.0	0.0	0.0	1.0
13	28	60
0.6820108240144171	0.09904044510182249	-0.7246048943327367	-0.140814426352928
-0.10512434342046867	0.9937747365692036	0.03688622644216351	-0.03438700106851172
0.7237473724369768	0.05101682095589798	0.688176732268391	-0.18979091757459943
0.0	0.0	0.0	1.0
13	29	61
0.66683268622494	0.1016002418353666	-0.7382489718082221	-0.15071298667904753
-0.25023093731724866	0.9636705799811557	-0.09340072205728753	-0.057303209163767695
0.701939362131063	0.24701546551718678	0.6680305609337497	-0.2451057158099136
0.0	0.0	0.0	1.0
14	20	62
0.9240310005134286	0.13203700363855528	-0.3587935496928027	-0.10204649718409316
-0.2129260697602635	0.9571830132953263	-0.19612025618205547	-0.07141940628584008
0.3175360711248347	0.2576177414321349	0.9125809744806908	-0.10757066720776963
0.0	0.0	0.0	1.0
14	21	63
0.9328495012807277	0.14186190509065388	-0.3311599079157385	-0.09339059611373389
-0.14470132186879747	0.9893427102869685	0.016202139189035108	-0.01556306388456605
0.3299292363306231	0.03280514614615638	0.9434354778319812	-0.05091247336395062
0.0	0.0	0.0	1.0
14	22	64
0.9320186836922384	0.13259452640398486	-0.3372828028378595	-0.07848355092925467
-0.0678093077296109	0.9780332024730329	0.1971114624723146	0.05922729259760284
0.3560098019057744	-0.1608406543231246	0.9205363732693683	-0.03419931177415594
0.0	0.0	0.0	1.0
14	23	65
0.9224642743024946	0.13614046485725861	-0.3612828449859865	-0.08011394642681446
0.007117132503082794	0.9296111730539619	0.36847301726602655	0.1293457031227238
0.3860167677922377	-0.34247455454337794	0.856564248038244	-0.040164196782021225
0.0	0.0	0.0	1.0
15	21	66
0.9051904151839335	0.22386781229775132	-0.36126638320924576	-0.11413841720616429
-0.17502814645725234	0.9709557875643984	0.16312579035328706	0.042849574423011606
0.38729234550176667	-0.08442815839751407	0.9180830711349638	-0.0278870757767344
0.0	0.0	0.0	1.0
15	22	67
0.9042742071427289	0.21550852139637702	-0.3685703016184965	-0.09991074034125247
-0.08660630959532314	0.9379008014981816	0.33591878067517383	0.1208011883046016
0.41807576785496364	-0.2718422495640895	0.8667839372631913	-0.023144576464329852
0.0	0.0	0.0	1.0
16	21	68
0.9123860131785898	0.25672716729406647	-0.3188147603628388	-0.11593333835933271
-0.16087058246985483	0.9410906544062541	0.2974375035225276	0.08461893409544022
0.37639397235798205	-0.2200898732023608	0.8999377721490177	0.00042086370627140713
0.0	0.0	0.0	1.0
16	22	69
0.9114091066296361	0.24950111889616258	-0.32723463502739214	-0.10226752598266324
-0.0747822111842642	0.8824047220345187	0.46451001260784563	0.16728168844457325
0.404649238829678	-0.39888732595858944	0.8228899059982817	-0.0035678039177753588
0.0	0.0	0.0	1.0
17	21	70
0.9461679596205453	0.22794111860068067	-0.22980175664935748	-0.08969642198960537
-0.12240086908456718	0.9092264706786141	0.39790076321071144	0.11684684580527198
0.29963987935208947	-0.34835311438691485	0.8881812359881305	0.018011254630460407
0.0	0.0	0.0	1.0
17	22	71
0.9453247992809972	0.22182340982578777	-0.23907144362253685	-0.07643882919152506
-0.0517319382362836	0.8257663645725168	0.5616346278896808	0.20259485324619542
0.322000948864016	-0.5185596342972543	0.7920928641693553	0.007490842742185614
0.0	0.0	0.0	1.0
20	26	72
0.9177042964020453	0.25677629338472213	-0.3031248280536091	-0.07289617263868045
0.021283667191009048	0.7301559308535734	0.682949002643475	0.2875277362979492
0.3966935962625823	-0.6331969345183938	0.664601994114113	-0.06433342590964435
0.0	0.0	0.0	1.0
20	27	73
0.8819114144338274	0.2876863289170715	-0.3734554084433617	-0.08506667321785177
-0.01074599422407738	0.8042629279295405	0.5941764216949174	0.2441607657251573
0.4712928038677239	-0.5199978500956381	0.712380041178614	-0.06244545922332471
0.0	0.0	0.0	1.0
21	25	74
0.9663194434836803	0.09032628339943316	-0.24097285785226855	-0.060527216432592006
0.06296517833405929	0.8249325989881318	0.5617130113786787	0.22583305519041222
0.24952381780589947	-0.5579671874386285	0.7914610540674216	-0.036666375616777935
0.0	0.0	0.0	1.0
21	26	75
0.908554758228182	0.17428587720315383	-0.3796743581044774	-0.08404342717775212
0.04367567371112475	0.8642143915184435	0.5012244896170904	0.20279055787147973
0.4154764363291323	-0.4719725058719882	0.7775739801662926	-0.06003928675303892
0.0	0.0	0.0	1.0
21	27	76
0.8706952492031286	0.18899587092941378	-0.4540600103692463	-0.09429740675726296
0.009105250095858764	0.916865675465435	0.3990919964449022	0.15933979073310534
0.49173875410400325	-0.3516218550171416	0.7965896663134522	-0.0690246917086454
0.0	0.0	0.0	1.0
22	25	77
0.966964561568154	0.05129353900894834	-0.24969697644870298	-0.07559622458325038
0.051845624086093306	0.9194978093883887	0.3896610751076712	0.1414518256556501
0.24958292429398204	-0.3897341794172251	0.8864625203204833	-0.018593652018387752
0.0	0.0	0.0	1.0
22	26	78
0.9093168329099748	0.10589530482842666	-0.4024041032789657	-0.10094358087227603
0.03258236660899241	0.9459850808937084	0.3225689211449963	0.1173039381587602
0.4148268562818883	-0.30642868136209683	0.8567497929531452	-0.051077475951299176
0.0	0.0	0.0	1.0
22	27	79
0.8717978070160338	0.10537809233426365	-0.4783975721232569	-0.1096165309855185
-0.001818527107030549	0.9772779505228556	0.21195403196399815	0.07312587671058919
0.4898626881867314	-0.1839110856968233	0.8521803505359206	-0.07154980344504543
0.0	0.0	0.0	1.0
22	28	80
0.8747050707258771	0.10293357014039387	-0.4735987898009745	-0.11917083126309098
-0.0693170095331339	0.9937098942838961	0.08795242769760736	0.014438493360285194
0.47967308401205316	-0.04410399411847458	0.8763381993281512	-0.08653680245368245
0.0	0.0	0.0	1.0
22	29	81
0.8645574261589644	0.10741794059667407	-0.49091944099198953	-0.13098671688167096
-0.16868201544930816	0.9822419454586897	-0.08214151578236013	-0.029851626731816024
0.47337821468795077	0.15382539143747948	0.8673240611539036	-0.13388038552981243
0.0	0.0	0.0	1.0
22	30	82
0.8563516801256142	0.08310579135834045	-0.5096619600254632	-0.13957333866866728
-0.2575970194208447	0.9241459086280602	-0.2821315615609934	-0.038725516113365534
0.4475552806624104	0.37289123132887564	0.8128016049929967	-0.20875610402648473
0.0	0.0	0.0	1.0
23	27	83
0.8839059307162264	0.01635519259676304	-0.4673787666491647	-0.10551036600520027
-0.007943215731502303	0.9997691778374127	0.019963157237980762	-0.005248959172394318
0.4675974238017536	-0.013933070233129743	0.8838317212649633	-0.07527085496116888
0.0	0.0	0.0	1.0
23	28	84
0.8866886302406422	0.0148949749800291	-0.46212705006156934	-0.11497899925278539
-0.07219679322997243	0.9916814477959608	-0.10656160783500215	-0.06260809297243357
0.4566956688946611	0.12785108219734462	0.8803880631535604	-0.10135478919252494
0.0	0.0	0.0	1.0
23	29	85
0.8769931355498437	0.015909523626251476	-0.4802394010629238	-0.12677595010088494
-0.1670875278460051	0.9471762673317172	-0.27374983110542783	-0.10252231238747363
0.45051621014076526	0.3203188360964494	0.833325339279918	-0.1634534039045267
0.0	0.0	0.0	1.0
24	28	86
0.9119225539822258	-0.04378420377704734	-0.4080198345866713	-0.0852921952440286
-0.07200072622523372	0.96179558052012	-0.2641306324314092	-0.11430357776062898
0.40399643092586596	0.27024445345853265	0.8739307105434184	-0.11660442891138845
0.0	0.0	0.0	1.0
24	29	87
0.9032892810728987	-0.045748533362582035	-0.42658585813898536	-0.0969746857048317
-0.15674504938019254	0.8903746594650204	-0.4273921391436213	-0.15044295442961703
0.39937380973805814	0.45292406190523693	0.7970950830483882	-0.18798457954135941
0.0	0.0	0.0	1.0
25	29	88
0.9640872667759808	-0.04769810640380443	-0.26126730088903766	-0.056216288390001035
-0.09221636521893835	0.8624165871757832	-0.4977287000771436	-0.16806783076768544
0.24906201165406386	0.5039471600435669	0.8270462466558277	-0.17095867347036667
0.0	0.0	0.0	1.0
28	32	89
0.9440697283114969	0.02643597821695812	-0.3286845682367885	0.018487338578909693
-0.2120558302825466	0.8120002119914146	-0.5437720882823885	-0.11858969527245801
0.25251677988811305	0.583058318418121	0.7721906422882482	-0.1945532933600921
0.0	0.0	0.0	1.0
29	33	90
0.8640870037067334	0.15125204427602656	-0.48007980265039224	0.017820813599266336
-0.35261667762906934	0.8625234504921726	-0.36292529435466614	-0.099968699739277
0.359186907117626	0.48288323047326426	0.7986292538890079	-0.11907180986783378
0.0	0.0	0.0	1.0
29	34	91
0.803872619252353	0.19836438338391588	-0.5607497573457558	-0.03695438027379536
-0.4467874334525832	0.8237118546882964	-0.3491130281921378	-0.09129514239353131
0.3926447196448524	0.5311783739730217	0.7507860579048908	-0.13474068524364563
0.0	0.0	0.0	1.0
29	35	92
0.7121991067942776	0.22207497704977844	-0.6659242288529804	-0.07732427124194097
-0.4999730760979464	0.8263623126570734	-0.2591374755842128	-0.08193682989270135
0.49274679803485394	0.5175016909928315	0.6995658906372986	-0.14299567244900133
0.0	0.0	0.0	1.0
30	35	93
0.7230879548310905	0.37660033212606714	-0.5790648076920482	-0.09346347021766299
-0.510850245566865	0.8558148414773996	-0.08131981658853096	-0.06155704532058015
0.46494715576554585	0.3546168133749139	0.811215730051372	-0.06867220237888014
0.0	0.0	0.0	1.0
30	36	94
0.6099194643627526	0.43350512257567203	-0.6633789105694309	-0.1261753027049063
-0.47641874808898	0.8695256727863925	0.13019222233493002	-0.013953603088377517
0.6332640992695175	0.23663946587214998	0.7368706780563137	-0.04730372422785937
0.0	0.0	0.0	1.0
31	37	50
0.58597648	0.52192941	-0.61985576	-0.14419981
-0.33932568	0.85269400	0.39720393	0.08259068
0.73585982	-0.02241916	0.67676270	0.00098406
0.00000000	0.00000000	-0.00000000	0.99999990
32	37	95
0.7725522030160704	0.4422822736123294	-0.4555758658283207	-0.150828803170518
-0.26791260465454286	0.8775592108340687	0.3976338237693462	0.12039094661506491
0.5756612169220788	-0.1851384045820185	0.796453351963817	-0.012033288556120264
0.0	0.0	0.0	1.0
33	37	96
0.8890017957134291	0.335841032810589	-0.3112657646890645	-0.13495037566167295
-0.1929130067129281	0.8911872085746798	0.4105725210091707	0.13372315480981448
0.41528328424842825	-0.30495263774413245	0.8570551748876929	-0.0168877212074989
0.0	0.0	0.0	1.0
34	37	97
0.9338256748223268	0.263542231857336	-0.24189901857347174	-0.08964280513497064
-0.13648477597482936	0.8875353454450737	0.4400598917670679	0.12758476187362236
0.33066836239180186	-0.377923687748437	0.8647728039374069	0.013184702031685227
0.0	0.0	0.0	1.0
35	38	98
0.9746177795438181	0.16084195189355685	-0.1557240275155781	-0.05812762584711936
-0.050804615742109524	0.8363369847207222	0.5458564972363421	0.1967713908461284
0.21803442818954913	-0.524090021320858	0.8232805154348593	0.04643296573363571
0.0	0.0	0.0	1.0
35	46	99
0.9959220233147809	0.06614412991756517	-0.06135250275272756	-0.0250411876164191
0.007091163686448883	0.620555687831174	0.7841302430934146	0.3249849689749295
0.08993826141259592	-0.78136780019991	0.6175562200284632	0.05842669741664312
0.0	0.0	0.0	1.0
35	47	100
0.9928013663952644	0.10512862591754714	-0.057388879844550614	-0.036134155208419894
-0.04380690083121975	0.7646698355034569	0.6429315262253202	0.22010304907575273
0.11147402915629145	-0.6357892941038555	0.7637706787397232	0.05442434342836708
0.0	0.0	0.0	1.0
36	38	101
0.9972714016811525	0.03709118844619453	-0.06382727043465604	-0.025096516636502558
-0.01044359944152798	0.9268019126250037	0.3754055028903527	0.14192473962382482
0.07307951070937899	-0.37371471795099764	0.9246603517883495	0.04952569960951098
0.0	0.0	0.0	1.0
36	39	102
0.998005118390144	0.0476060223339171	-0.041466108203421434	-0.02709707764827456
-0.017275061446596098	0.8376603866686952	0.5459181217490215	0.2383510769389853
0.06072350035320819	-0.5441129117148912	0.836811697537409	0.05888282185618017
0.0	0.0	0.0	1.0
36	46	103
0.9980773110993499	-0.03923018402966115	0.047984763764063125	0.009673224238349102
-0.001707196145405283	0.7565013372907666	0.6539898732345131	0.27355134373792805
-0.06195667432605086	-0.6528146172015477	0.7549799106761499	0.07449734766935794
0.0	0.0	0.0	1.0
36	47	104
0.9990127234913297	-9.327060519850696e-05	0.044425679147084264	-0.0033042682781062563
-0.02144024674505396	0.8748227218903044	0.4839685986040669	0.16537026550370304
-0.03890973862219024	-0.48444338705245527	0.8739569243166196	0.06036532873275344
0.0	0.0	0.0	1.0
37	40	105
0.998481768862335	0.022098804098523727	-0.0504555959205783	-0.031792741407962545
0.006702024926992092	0.8604489425542089	0.5094925555973394	0.24613762410323634
0.054673645397573606	-0.5090572233785539	0.8589944611335308	0.042510578498317825
0.0	0.0	0.0	1.0
37	41	106
0.9908482342222654	0.06239640634004697	-0.11969326746831674	-0.05758304273034701
0.017491107088604685	0.819914346974361	0.572218855268097	0.2953336047729952
0.13384267844139758	-0.5690756597035741	0.8113192743136461	0.04025127083480585
0.0	0.0	0.0	1.0
37	45	107
0.9946102675591514	-0.052956258357637315	0.08914073737362536	0.012511734814002333
-0.013496367378949286	0.7862933561109897	0.6177058494259021	0.2881867919802346
-0.10280217890506341	-0.6155797472168111	0.7813407443694025	0.07236218943945585
0.0	0.0	0.0	1.0
38	49	50
0.99397045	-0.02454038	0.10686678	0.00296418
0.02872979	0.99887074	-0.03784038	-0.13924216
-0.10581754	0.04068251	0.99355308	-0.09023408
-0.00000000	0.00000000	0.00000000	1.00000010
39	49	108
0.9950171648356324	-0.02460543378574401	0.09661970532733317	0.006966293654887278
0.046196791570939005	0.9725467687149896	-0.22807637066522998	-0.21719877342596303
-0.0883552522494903	0.23140348966810506	0.9688374548258312	-0.14719549015961486
0.0	0.0	0.0	1.0
40	47	109
0.9862441293427237	0.04626141970316595	0.1586899330899518	0.023585142407557606
-0.008245185286569189	0.9726108589289676	-0.23229324567940207	-0.1311788219079959
-0.16508974692847755	0.22778942644036032	0.9596131901805174	-0.05162722482542795
0.0	0.0	0.0	1.0
40	48	110
0.987078055916675	-0.015625791203385163	0.15947651218120054	0.0341523542048914
0.06614834689956091	0.946212038631023	-0.31671286556362377	-0.20880539384741403
-0.1459497339635029	0.32316943794377573	0.9350187951681671	-0.1297448470452729
0.0	0.0	0.0	1.0
41	47	111
0.9702607982902228	0.06466797248042032	0.2332639508182624	0.03774518775027602
0.009823954698413363	0.9523399146066224	-0.30488071206868034	-0.1698159297586338
-0.2418625933677654	0.2981054068917836	0.9233828145484639	-0.08865236934420165
0.0	0.0	0.0	1.0
42	47	112
0.9410259993023146	0.06269061186446018	0.33247541788703733	0.06928192903369804
0.04175915076114248	0.9536487345644667	-0.2980106972952345	-0.15900103873223104
-0.3357472373914437	0.29431979145293646	0.8947902858715693	-0.09113175378091098
0.0	0.0	0.0	1.0
43	47	113
0.960727954019496	0.06294896135967928	0.270257636863906	0.06198164936274245
0.05598234592571526	0.9099358237895647	-0.41095348036568297	-0.17545444628571927
-0.2717862405079568	0.40994420886514354	0.8706767427666442	-0.12521773598956598
0.0	0.0	0.0	1.0
46	49	114
0.9996711168996301	-0.0041258107957696305	-0.025312310466241918	-0.026826976264887437
-0.0052631087094939365	0.9329650905450695	-0.35992857452173455	-0.22842200087715978
0.0251005054441422	0.3599434887053219	0.9326364500240093	-0.20078293648811285
0.0	0.0	0.0	1.0
47	49	115
0.9995022921851435	-0.03134774150089277	-0.0035148043550820474	-0.011472472946346521
0.03037416195014089	0.986501894754384	-0.16090839165804724	-0.15339719465860713
0.008511490504198612	0.1607215889521894	0.9869631639616379	-0.11872695835493102
0.0	0.0	0.0	1.0
