0	8	1
0.9869693511000471	0.08901273300912418	-0.1340453663975946	0.021903596404487857
0.002541280749262631	0.824328655381772	0.5661057773491632	0.19342098793660706
0.16088801324376947	-0.5590698716653022	0.8133609685366772	-0.020140965961477627
0.0	0.0	0.0	1.0
2	21	2
0.6976909985071919	0.4990136209326215	-0.5140162697682593	-0.1403078185435457
-0.287587557246748	0.8522398271851553	0.43701334934381963	0.100505051073119
0.6561409107154028	-0.1570756251894385	0.7381100483685853	-0.08519976400000435
0.0	0.0	0.0	1.0
3	21	3
0.7076664908613237	0.49149241772440067	-0.5075857428178007	-0.13874050154082082
-0.2885855214302612	0.8568125870585109	0.4273061607632165	0.09971508215810523
0.6449236193522939	-0.15590836381918607	0.7481752115705412	-0.08469301930745805
0.0	0.0	0.0	1.0
4	21	4
0.691602130510075	0.5290592427398645	-0.49171410524574183	-0.14477120829823145
-0.29327829338935724	0.8278325852057248	0.4782059106368471	0.1075048235922392
0.6600564472302314	-0.1865191583861449	0.7276923704625393	-0.08603507621626112
0.0	0.0	0.0	1.0
5	8	5
0.9475969268051321	0.1773233829946206	-0.2657378690404737	-0.0005585532447127117
0.004510600568560308	0.8243029943947116	0.5661308932925666	0.2123823599575077
0.319436814214787	-0.5376625571469358	0.7803071151746169	-0.01482921395327674
0.0	0.0	0.0	1.0
5	21	6
0.5996430173612795	0.5556045845182901	-0.5759616394957555	-0.15772741751742467
-0.2949997114154404	0.8224926697540682	0.4862930932306496	0.12518068456915213
0.7439110247668036	-0.12169373282799116	0.6571051262942231	-0.08865976641905389
0.0	0.0	0.0	1.0
6	11	7
0.8792271620789045	0.2346767925150022	-0.4145917677894128	-0.045038984834450686
0.1502826384881464	0.6891952929022419	0.7088193335590778	0.34252921058863117
0.45207818923841364	-0.6855192416657849	0.5706914096510398	-0.017502282208279495
0.0	0.0	0.0	1.0
6	12	8
0.820936831797428	0.27876315080017317	-0.4983509883280479	-0.09418339921980348
0.09218653327774232	0.7965903526932049	0.5974490075866087	0.28480948762414254
0.5635285033503887	-0.5364092587374409	0.6282522351860926	0.002477511020101111
0.0	0.0	0.0	1.0
6	20	9
0.6044174391255085	0.4439261546375396	-0.6615202351002872	-0.18710768630171745
-0.4410262990094204	0.877962866828747	0.1862175120084011	0.03295099945314484
0.6634571950321203	0.17919471151681532	0.7264392396454071	-0.12487693509156882
0.0	0.0	0.0	1.0
6	21	10
0.6234728237412542	0.45104211469255523	-0.6386255132181032	-0.17872067693720703
-0.2867832565602593	0.8918162525167946	0.349884349979131	0.08304268293541409
0.7273493432162865	-0.03499627069987833	0.6853745467963115	-0.0886454628469014
0.0	0.0	0.0	1.0
6	22	11
0.6214354340963217	0.44307853836337124	-0.6461418220272924	-0.1644705607485834
-0.13253231682442798	0.8722883089546513	0.47068907193958465	0.14766667842107173
0.7721743242002024	-0.20686820453585683	0.600793119618872	-0.09088090677970409
0.0	0.0	0.0	1.0
7	19	12
0.7404834993304338	0.27345136528489977	-0.6139288491521477	-0.18423218110756173
-0.49285980230264403	0.8419866652736758	-0.21942639916298803	-0.062433183658526306
0.4569174638033906	0.4650624852546908	0.7582503726817347	-0.18512999506245248
0.0	0.0	0.0	1.0
7	20	13
0.7008302684558971	0.2820683800770531	-0.65519040910181	-0.19717760593893408
-0.4293544786684741	0.9002873756928158	-0.0716769902320363	-0.042819084015767186
0.5696418617377387	0.33154237120459973	0.7520559244916888	-0.15730249657497883
0.0	0.0	0.0	1.0
7	21	14
0.7169990496527378	0.29396138080941436	-0.6320594762197796	-0.18993609709824744
-0.2972524504157768	0.9490949842852814	0.10421088407430291	0.002031633633726679
0.6305184524237438	0.11316215307780744	0.7678808499551812	-0.10297545167344928
0.0	0.0	0.0	1.0
7	22	15
0.7156669537582097	0.2845420896760815	-0.6378531721503011	-0.1748531644422894
-0.16079056970316843	0.9558430378280246	0.24598922110823543	0.06530740800013282
0.6796817769756137	-0.07348556689589279	0.7298168752867273	-0.08912735162553882
0.0	0.0	0.0	1.0
7	23	16
0.6978068303575905	0.28577313609957866	-0.6568100468623762	-0.17502285748789456
-0.023131628297000256	0.925478592992718	0.3780932360866432	0.12421367109686059
0.7159125147947094	-0.2486429857149053	0.6524156781054457	-0.09767176963138118
0.0	0.0	0.0	1.0
7	24	17
0.6551796432251955	0.2940182496379399	-0.6959116830276212	-0.1944509775503166
0.09917166949788837	0.8797166697651415	0.4650416694527506	0.1599696271194101
0.7489357528343411	-0.37370056179775435	0.5472140978128575	-0.11381239939972303
0.0	0.0	0.0	1.0
8	17	18
0.9602828293911283	0.0932702117573971	-0.26297850795091127	-0.12052405012336016
-0.22940661140676016	0.8004167884708433	-0.5538101925219708	-0.14910565597437195
0.1588384049349949	0.5921434865684455	0.7900232040227525	-0.18975022571811442
0.0	0.0	0.0	1.0
8	19	19
0.8391545358990119	0.11842012986258908	-0.5308448496304753	-0.18724425619116303
-0.41104245565306646	0.7772386119157382	-0.47638671198647975	-0.1256013049041943
0.35617937813934614	0.6179618949491954	0.7008990440131957	-0.2456882688720184
0.0	0.0	0.0	1.0
8	20	20
0.8068426970363559	0.11803412525950786	-0.57885467583537	-0.19970019960121163
-0.36841161921672616	0.8664990430199743	-0.3368268015117829	-0.11516299489061486
0.4618200381128279	0.48502310067242443	0.7426136031345754	-0.20656286952940817
0.0	0.0	0.0	1.0
8	21	21
0.8197963012477556	0.134621570660777	-0.5566066731460676	-0.1941148039553849
-0.26292009397336363	0.9519581219102852	-0.15699925301401638	-0.07947345832790972
0.5087308295046813	0.2750505277094226	0.8158064427578734	-0.13469372506191454
0.0	0.0	0.0	1.0
8	22	22
0.818917689397819	0.12415722734326574	-0.5603201584264325	-0.17808447802677668
-0.14990440707942962	0.9887004994606262	-9.053195755025485e-06	-0.02086690855787554
0.5539877578632789	0.08400188984703445	0.8282760242478815	-0.10429764004187095
0.0	0.0	0.0	1.0
8	23	23
0.8042919554491457	0.12131772635347673	-0.5817184665968942	-0.1778046867741384
-0.0360281782451802	0.9870925580092824	0.15604563684071715	0.03671352430304847
0.5931411405291921	-0.10454801898246613	0.7982815199047434	-0.09606589764365527
0.0	0.0	0.0	1.0
8	24	24
0.7686928470729633	0.12109482669523924	-0.6280504218547227	-0.1967816773995406
0.06893692222229947	0.9605098998236076	0.2695708131660142	0.07375407194792996
0.6358922928558406	-0.25051304874498903	0.7299891451272069	-0.09871140683165469
0.0	0.0	0.0	1.0
9	20	25
0.8322638443985556	0.0038153219162122263	-0.554366487805011	-0.19179856378739624
-0.3380321220773675	0.7960687522121552	-0.5020048169203837	-0.17218183833978773
0.43939859301872314	0.605194261958323	0.6638290044115159	-0.2635465274871532
0.0	0.0	0.0	1.0
9	21	26
0.8445845804295863	0.023979064808649354	-0.5348848088797249	-0.18807781729632855
-0.2385537204159957	0.9112148124328043	-0.33582690682619376	-0.14786295942611608
0.47934221400791543	0.41123307068369086	0.7753182828112607	-0.17767221803526004
0.0	0.0	0.0	1.0
9	22	27
0.843668291896763	0.013028893938933195	-0.5367065093091452	-0.17114915016564028
-0.1315077544702712	0.9742642353875335	-0.1830708821642289	-0.09627884058301481
0.5205088027771823	0.22503221471361573	0.8236692513554635	-0.13303194283706962
0.0	0.0	0.0	1.0
9	23	28
0.829895454603391	0.006560127307042727	-0.5578802307190175	-0.17007640508260943
-0.024270764805036538	0.9994087752011569	-0.024352805241417995	-0.04277508428121469
0.5573907007357426	0.033750476080501586	0.8295641062820553	-0.10957707166214474
0.0	0.0	0.0	1.0
10	14	29
0.988504221449527	-0.004519524025957667	-0.15112566501866054	-0.09648312731760614
-0.07309242099108991	0.8607028970973933	-0.5038333533072561	-0.185835343956252
0.1323513506657821	0.5090876180102654	0.8504780935285379	-0.14594850004316623
0.0	0.0	0.0	1.0
10	21	30
0.867927178804597	-0.05070449173568171	-0.494096507729019	-0.16142548806697912
-0.21320694639605034	0.8604324265133716	-0.4628162073488968	-0.18782134703628475
0.4486035950967307	0.507035681373098	0.7359821045156119	-0.22653442128208076
0.0	0.0	0.0	1.0
10	22	31
0.8669729138426433	-0.061794286510973795	-0.49450912338861797	-0.1438224506584207
-0.11242863323279478	0.9424494815339992	-0.31487904050665433	-0.1447515181254935
0.4855076572187174	0.3285886575593679	0.8101306879113881	-0.17300927199336777
0.0	0.0	0.0	1.0
10	26	32
0.5810771264083252	-0.08861503386247133	-0.8090095949111145	-0.17743261129281965
0.07850190081206933	0.9955222336991398	-0.05266017016912984	-0.08012234018400871
0.810053590959063	-0.03290921715564442	0.5854316032460747	-0.21460852704787875
0.0	0.0	0.0	1.0
11	13	33
0.9954888068685097	0.0037111388635300744	-0.0948057710108285	-0.0673680891372482
-0.03522522773245736	0.9422719793936266	-0.33299038732932384	-0.14192713085734457
0.08809704769894836	0.3348278223656641	0.9381520453988114	-0.08312670839495306
0.0	0.0	0.0	1.0
11	14	34
0.9988192361109183	0.024913399115624398	-0.04170747867950633	-0.07059546203012766
-0.04418590231366342	0.8227134503301753	-0.5667364543425374	-0.20950070474885601
0.020193944849608368	0.5679101913422141	0.8228428692609163	-0.18495779227862147
0.0	0.0	0.0	1.0
11	15	35
0.9990184511257438	0.03414423426850346	0.028221270830217544	-0.05523210567479823
-0.006080890870285751	0.7367590224773289	-0.676128020376867	-0.23477158834094197
-0.043878132591978584	0.6752928387652021	0.7362434426885611	-0.2462911192371921
0.0	0.0	0.0	1.0
11	20	36
0.9098603067761765	-0.07211314151265734	-0.40859990043877936	-0.12857907507571262
-0.2589290911050433	0.6708039350931381	-0.6949660519140902	-0.22064433826730656
0.32420667351084764	0.7381205196260322	0.5916657532032206	-0.35274733356132404
0.0	0.0	0.0	1.0
11	21	37
0.9187923050784498	-0.04811693732153534	-0.3917976825967758	-0.12771510129543814
-0.18791827901947836	0.8195419129219214	-0.5413296377624631	-0.21561251414872615
0.34714182682791495	0.5709955164537017	0.7439467667407442	-0.2555724246140972
0.0	0.0	0.0	1.0
11	22	38
0.9182483105763429	-0.059239287333325556	-0.3915490503778863	-0.10967540466625551
-0.1069640624893014	0.914893318565234	-0.3892671527975042	-0.1773416241108533
0.3812855885813722	0.3993256324932869	0.8337627815625458	-0.19589613310605716
0.0	0.0	0.0	1.0
11	27	39
0.6068490947402727	-0.14627138125799016	-0.7812419238550984	-0.13020299583114625
-0.025388461383323152	0.9788514734378285	-0.20299077947626792	-0.1415077098044845
0.7944115492363708	0.14301931742263657	0.5903015337778014	-0.25959943675231106
0.0	0.0	0.0	1.0
12	13	40
0.9990934370603919	0.03936096588146306	0.016215231458977457	-0.02642593748732778
-0.035818939297900865	0.9831143720463706	-0.17945209113893945	-0.0946861088711494
-0.023004886190559067	0.17870863678653032	0.9836330001621585	-0.04432755741995431
0.0	0.0	0.0	1.0
12	14	41
0.9960608771391155	0.051662713726338176	0.0720679519025839	-0.027397904395368704
-0.015814246010619246	0.9032109412526518	-0.42890550265477484	-0.17345791325144516
-0.08725105376922122	0.4260763345044348	0.9004700234494727	-0.13754221339448086
0.0	0.0	0.0	1.0
12	15	42
0.9886116521210473	0.049342137842037774	0.14217074309274372	-0.010319954255339861
0.03671747199373532	0.8370830574717623	-0.5458421964026643	-0.20390113172191565
-0.14594176162688063	0.5448462140838692	0.8257382314814362	-0.19686174805188655
0.0	0.0	0.0	1.0
12	16	43
0.9905284541536065	0.05734895557595938	0.12475792967233379	-0.013908019233790989
0.039594349856653055	0.7507058688030589	-0.6594489513749827	-0.20644524478805323
-0.13147525477547597	0.6581427221508279	0.7413248285677377	-0.26227017378405004
0.0	0.0	0.0	1.0
12	19	44
0.9656532936313009	0.025120643372855144	-0.2586168414998319	-0.09020040080737413
-0.21174634264220632	0.6529266466579401	-0.7272209319114481	-0.19691439355631724
0.15058958872500214	0.7570045549872985	0.6358199780634061	-0.34390995390691975
0.0	0.0	0.0	1.0
12	20	45
0.9496081785133914	0.014121774893402259	-0.3131212118185245	-0.10091661434122441
-0.21011275644325678	0.7699756319265014	-0.6024866188875049	-0.20464183214243004
0.23258757551502054	0.6379170944078271	0.7341423189095926	-0.2864747331036648
0.0	0.0	0.0	1.0
12	21	46
0.9558255043495957	0.035225361859683425	-0.29181636876623224	-0.09800732086974505
-0.16119068831067374	0.8930128456890069	-0.42017331970266825	-0.18543635100481312
0.2457950762776402	0.4486505368511897	0.8592423834840797	-0.19540435904848472
0.0	0.0	0.0	1.0
12	22	47
0.9556787450941603	0.024203221116946234	-0.2934148977084426	-0.08062785633613527
-0.10020723901651653	0.9638516059478099	-0.24687773701315552	-0.13567361969757064
0.2768332406317136	0.2653381573973652	0.9235577485943369	-0.14266676031529182
0.0	0.0	0.0	1.0
12	27	48
0.6901626362980549	-0.0042679716699836	-0.7236417539774526	-0.125953314790053
-0.04099233134363041	0.9981464001494293	-0.04498279734668543	-0.08955713142120852
0.7224924292784846	0.060709223640078705	0.6887083080402595	-0.20767230900891206
0.0	0.0	0.0	1.0
12	28	49
0.6945144677130614	-0.0052804631067600045	-0.7194593377566251	-0.13609499106125894
-0.14147356199293393	0.9794483176467736	-0.14375706057896218	-0.12734073096169568
0.7054324540736705	0.20162589122304342	0.6794939997610437	-0.24425239827322864
0.0	0.0	0.0	1.0
13	18	50
0.9877962532940315	0.05091490436142987	-0.1471952344398469	-0.04745735040205426
-0.13533496400875936	0.7483519515822483	-0.6493490211393113	-0.15001986291968258
0.07709230364967976	0.66134519399938	0.7461096800595202	-0.23823849874210992
0.0	0.0	0.0	1.0
13	19	51
0.9615731766706597	0.03651712938588792	-0.2721095142695266	-0.07339421338078711
-0.19764666501502953	0.7799875063071765	-0.5937637882480368	-0.15460350844770188
0.19055951766103865	0.6247288925754572	0.7572325424448033	-0.2461548230627591
0.0	0.0	0.0	1.0
13	20	52
0.944225876194603	0.036059628290816055	-0.3273182957414183	-0.08705943502186882
-0.18938479572576114	0.872617700972086	-0.4501909038357839	-0.146977591417916
0.2693901014180319	0.4870710531097327	0.8307773477927348	-0.1964106537736734
0.0	0.0	0.0	1.0
13	21	53
0.95161368788855	0.052760971595186446	-0.3027337820533745	-0.08128375504783679
-0.13270794849986253	0.9591085132342585	-0.24999913710876986	-0.10921088095772566
0.27716444723643774	0.278077812517606	0.9197025136676282	-0.12098175667753315
0.0	0.0	0.0	1.0
13	22	54
0.95100729890326	0.042217062026939464	-0.30627252345864225	-0.06507554044378876
-0.06618146015645528	0.9954684944387021	-0.06828327874054244	-0.04619231954345715
0.3020020146645267	0.08520747959703873	0.9494917070349137	-0.0845294611015959
0.0	0.0	0.0	1.0
13	23	55
0.9428531315566999	0.03936982942530984	-0.3308746645787613	-0.06533384502816231
-0.0015594699755408946	0.9935058779247697	0.1137705533561141	0.016294866024573192
0.3332051206197736	-0.1067529368278978	0.9367915180556701	-0.06892615100165723
0.0	0.0	0.0	1.0
13	24	56
0.9219014698693494	0.03937531567159459	-0.3854184497238584	-0.08595311050796012
0.06461925281184348	0.9652589099721551	0.25317917541196566	0.05951617838689563
0.38199764610380826	-0.2583117058250971	0.8873290904279247	-0.06241416537153766
0.0	0.0	0.0	1.0
13	25	57
0.8407866845807518	0.07060745489905064	-0.5367423757980309	-0.11978458270379705
0.106130289004946	0.9507219079864091	0.291314744030121	0.0626663663267042
0.5308618268132865	-0.30189820190623695	0.7918607472137255	-0.09176486907916453
0.0	0.0	0.0	1.0
13	26	58
0.736231789316204	0.10951628538287474	-0.6678089985958715	-0.13099441297207057
0.06579585857487733	0.9705591607979509	0.23170246896972263	0.04421980083024616
0.6735234292067963	-0.2145258364634484	0.7073507104045664	-0.13633850454492
0.0	0.0	0.0	1.0
13	27	59
0.6776349710290788	0.1009422616505924	-0.7284378033491875	-0.1307782139848893
-0.002396569626953155	0.9908327060375346	0.1350738178059393	0.010185122871336383
0.7353946788356985	-0.08978498826605454	0.6716647460008901	-0.16696694877612359
0.0	0.0	0.0	1.0
13	28	60
0.6820108240144169	0.09904044510182246	-0.7246048943327366	-0.14081442635292846
-0.10512434342046868	0.9937747365692033	0.03688622644216346	-0.03438700106851172
0.723747372436977	0.051016820955898004	0.6881767322683913	-0.18979091757459587
0.0	0.0	0.0	1.0
13	29	61
0.66683268622494	0.10160024183536662	-0.7382489718082222	-0.15071298667904798
-0.25023093731724877	0.9636705799811559	-0.09340072205728758	-0.057303209163766806
0.7019393621310632	0.2470154655171868	0.6680305609337499	-0.2451057158099154
0.0	0.0	0.0	1.0
14	20	62
0.9240310005134286	0.13203700363855533	-0.35879354969280286	-0.10204649718409316
-0.2129260697602635	0.9571830132953263	-0.19612025618205547	-0.0714194062858383
0.31753607112483473	0.2576177414321348	0.9125809744806908	-0.1075706672077714
0.0	0.0	0.0	1.0
14	21	63
0.9328495012807276	0.14186190509065386	-0.3311599079157384	-0.09339059611373123
-0.1447013218687975	0.9893427102869686	0.016202139189035084	-0.015563063884566939
0.32992923633062304	0.032805146146156434	0.9434354778319813	-0.05091247336394884
0.0	0.0	0.0	1.0
14	22	64
0.9320186836922383	0.13259452640398495	-0.3372828028378597	-0.07848355092925201
-0.0678093077296109	0.9780332024730332	0.19711146247231467	0.0592272925976024
0.3560098019057743	-0.16084065432312455	0.9205363732693682	-0.034199311774152384
0.0	0.0	0.0	1.0
14	23	65
0.9224642743024946	0.13614046485725856	-0.36128284498598634	-0.08011394642681535
0.007117132503082793	0.929611173053962	0.3684730172660266	0.1293457031227238
0.3860167677922377	-0.34247455454337794	0.856564248038244	-0.040164196782021225
0.0	0.0	0.0	1.0
15	21	66
0.9051904151839334	0.22386781229775127	-0.3612663832092456	-0.11413841720616162
-0.1750281464572524	0.9709557875643985	0.1631257903532871	0.04284957442300983
0.3872923455017667	-0.08442815839751405	0.9180830711349639	-0.027887075776732623
0.0	0.0	0.0	1.0
15	22	67
0.9042742071427289	0.2155085213963771	-0.3685703016184967	-0.0999107403412498
-0.08660630959532313	0.9379008014981818	0.33591878067517394	0.12080118830460115
0.41807576785496353	-0.2718422495640894	0.8667839372631911	-0.0231445764643263
0.0	0.0	0.0	1.0
16	21	68
0.9123860131785896	0.2567271672940664	-0.3188147603628386	-0.11593333835933005
-0.1608705824698549	0.9410906544062543	0.2974375035225277	0.08461893409543933
0.376393972357982	-0.22008987320236076	0.8999377721490178	0.0004208637062731835
0.0	0.0	0.0	1.0
16	22	69
0.9114091066296361	0.2495011188961627	-0.3272346350273923	-0.10226752598266058
-0.0747822111842642	0.8824047220345189	0.46451001260784575	0.16728168844457325
0.4046492388296779	-0.39888732595858933	0.8228899059982816	-0.0035678039177735824
0.0	0.0	0.0	1.0
17	21	70
0.9461679596205452	0.2279411186006806	-0.2298017566493574	-0.0896964219896027
-0.1224008690845672	0.9092264706786142	0.3979007632107115	0.11684684580527198
0.29963987935208947	-0.34835311438691485	0.8881812359881307	0.01801125463046396
0.0	0.0	0.0	1.0
17	22	71
0.9453247992809972	0.2218234098257879	-0.239071443622537	-0.0764388291915224
-0.05173193823628358	0.825766364572517	0.561634627889681	0.20259485324619453
0.32200094886401587	-0.5185596342972542	0.7920928641693552	0.007490842742187391
0.0	0.0	0.0	1.0
20	26	72
0.9177042964020454	0.25677629338472213	-0.3031248280536091	-0.07289617263868045
0.021283667191009048	0.7301559308535734	0.682949002643475	0.287527736297949
0.39669359626258244	-0.633196934518394	0.6646019941141132	-0.06433342590964435
0.0	0.0	0.0	1.0
20	27	73
0.8819114144338274	0.28768632891707147	-0.37345540844336167	-0.085066673217852
-0.010745994224077378	0.8042629279295403	0.5941764216949172	0.24416076572515724
0.4712928038677239	-0.5199978500956381	0.712380041178614	-0.06244545922332471
0.0	0.0	0.0	1.0
21	25	74
0.9663194434836805	0.09032628339943324	-0.24097285785226868	-0.06052721643259023
0.06296517833405928	0.8249325989881319	0.5617130113786787	0.2258330551904131
0.24952381780589938	-0.5579671874386284	0.7914610540674215	-0.03666637561677616
0.0	0.0	0.0	1.0
21	26	75
0.9085547582281821	0.17428587720315383	-0.37967435810447747	-0.08404342717775212
0.043675673711124754	0.8642143915184434	0.5012244896170904	0.2027905578714795
0.41547643632913245	-0.47197250587198836	0.7775739801662928	-0.06003928675303892
0.0	0.0	0.0	1.0
21	27	76
0.8706952492031286	0.18899587092941375	-0.45406001036924626	-0.09429740675726318
0.009105250095858764	0.9168656754654348	0.3990919964449021	0.15933979073310534
0.49173875410400325	-0.3516218550171416	0.7965896663134522	-0.0690246917086454
0.0	0.0	0.0	1.0
22	25	77
0.9669645615681542	0.0512935390089484	-0.24969697644870312	-0.0755962245832495
0.051845624086093306	0.9194978093883888	0.3896610751076712	0.14145182565565098
0.24958292429398204	-0.38973417941722505	0.8864625203204832	-0.0185936520183842
0.0	0.0	0.0	1.0
22	26	78
0.9093168329099749	0.10589530482842666	-0.4024041032789657	-0.10094358087227603
0.03258236660899241	0.9459850808937083	0.3225689211449963	0.11730393815875997
0.41482685628188837	-0.30642868136209694	0.8567497929531455	-0.05107747595130095
0.0	0.0	0.0	1.0
22	27	79
0.8717978070160339	0.10537809233426365	-0.47839757212325684	-0.10961653098551873
-0.0018185271070305493	0.9772779505228555	0.21195403196399812	0.07312587671058919
0.4898626881867314	-0.1839110856968233	0.8521803505359206	-0.07154980344504543
0.0	0.0	0.0	1.0
22	28	80
0.8747050707258769	0.10293357014039384	-0.47359878980097436	-0.11917083126309098
-0.0693170095331339	0.993709894283896	0.0879524276976073	0.014438493360284972
0.4796730840120532	-0.044103994118474606	0.8763381993281513	-0.0865368024536789
0.0	0.0	0.0	1.0
22	29	81
0.8645574261589644	0.10741794059667407	-0.4909194409919896	-0.1309867168816714
-0.1686820154493082	0.9822419454586898	-0.08214151578236022	-0.029851626731815135
0.47337821468795094	0.15382539143747953	0.8673240611539038	-0.13388038552981243
0.0	0.0	0.0	1.0
22	30	82
0.8563516801256145	0.08310579135834044	-0.5096619600254634	-0.1395733386686675
-0.2575970194208447	0.9241459086280601	-0.28213156156099345	-0.038725516113365534
0.4475552806624104	0.3728912313288756	0.8128016049929968	-0.20875610402648473
0.0	0.0	0.0	1.0
23	27	83
0.8839059307162264	0.01635519259676304	-0.46737876664916467	-0.10551036600520027
-0.007943215731502301	0.9997691778374126	0.01996315723798076	-0.005248959172394318
0.4675974238017536	-0.013933070233129743	0.8838317212649633	-0.07527085496116888
0.0	0.0	0.0	1.0
23	28	84
0.8866886302406419	0.014894974980029087	-0.46212705006156923	-0.11497899925278583
-0.07219679322997243	0.9916814477959606	-0.10656160783500217	-0.06260809297243379
0.45669566889466123	0.12785108219734465	0.8803880631535607	-0.10135478919252139
0.0	0.0	0.0	1.0
23	29	85
0.8769931355498437	0.015909523626251476	-0.48023940106292384	-0.12677595010088494
-0.16708752784600517	0.9471762673317173	-0.27374983110542794	-0.10252231238747363
0.45051621014076537	0.32031883609644946	0.8333253392799183	-0.1634534039045267
0.0	0.0	0.0	1.0
24	28	86
0.9119225539822255	-0.04378420377704733	-0.4080198345866712	-0.08529219524402905
-0.07200072622523372	0.9617955805201198	-0.26413063243140916	-0.11430357776062898
0.40399643092586607	0.2702444534585327	0.8739307105434186	-0.11660442891138667
0.0	0.0	0.0	1.0
24	29	87
0.9032892810728987	-0.04574853336258204	-0.4265858581389854	-0.0969746857048317
-0.15674504938019257	0.8903746594650205	-0.42739213914362145	-0.15044295442961614
0.39937380973805825	0.45292406190523704	0.7970950830483884	-0.18798457954136297
0.0	0.0	0.0	1.0
25	29	88
0.9640872667759808	-0.047698106403804445	-0.2612673008890377	-0.05621628839000148
-0.09221636521893838	0.8624165871757833	-0.4977287000771438	-0.168067830767685
0.24906201165406391	0.503947160043567	0.8270462466558278	-0.17095867347036844
0.0	0.0	0.0	1.0
28	32	89
0.9440697283114972	0.026435978216958166	-0.32868456823678843	0.018487338578909693
-0.2120558302825466	0.8120002119914146	-0.5437720882823887	-0.11858969527245801
0.25251677988811305	0.5830583184181208	0.7721906422882483	-0.1945532933600921
0.0	0.0	0.0	1.0
29	33	90
0.8640870037067334	0.15125204427602656	-0.48007980265039224	0.017820813599265448
-0.35261667762906923	0.8625234504921725	-0.36292529435466586	-0.09996869973927877
0.359186907117626	0.48288323047326426	0.7986292538890077	-0.119071809867832
0.0	0.0	0.0	1.0
29	34	91
0.8038726192523531	0.19836438338391593	-0.5607497573457559	-0.036954380273794475
-0.44678743345258315	0.8237118546882962	-0.3491130281921378	-0.09129514239353131
0.3926447196448523	0.5311783739730219	0.7507860579048907	-0.13474068524364652
0.0	0.0	0.0	1.0
29	35	92
0.7121991067942778	0.22207497704977835	-0.6659242288529807	-0.07732427124193653
-0.4999730760979464	0.8263623126570735	-0.2591374755842129	-0.08193682989270135
0.49274679803485394	0.5175016909928315	0.6995658906372986	-0.14299567244900044
0.0	0.0	0.0	1.0
30	35	93
0.7230879548310906	0.37660033212606714	-0.5790648076920485	-0.09346347021766122
-0.510850245566865	0.8558148414773997	-0.08131981658853107	-0.06155704532058015
0.46494715576554585	0.3546168133749139	0.811215730051372	-0.06867220237887836
0.0	0.0	0.0	1.0
30	36	94
0.6099194643627526	0.4335051225756721	-0.6633789105694309	-0.12617530270490807
-0.47641874808898005	0.8695256727863924	0.13019222233493002	-0.013953603088379294
0.6332640992695177	0.23663946587214985	0.7368706780563137	-0.04730372422785937
0.0	0.0	0.0	1.0
31	37	95
0.5859764771290987	0.5219294093424169	-0.6198557625593586	-0.1441998117724123
-0.33932567899417854	0.8526939966684548	0.3972039296045972	0.08259067745053432
0.7358598225534955	-0.022419163097158336	0.6767627038031548	0.0009840562922579753
0.0	0.0	0.0	1.0
32	37	96
0.7725522030160703	0.44228227361232925	-0.4555758658283206	-0.15082880317051978
-0.2679126046545428	0.8775592108340688	0.3976338237693462	0.12039094661506536
0.5756612169220787	-0.18513840458201852	0.796453351963817	-0.012033288556121152
0.0	0.0	0.0	1.0
33	37	97
0.889001795713429	0.335841032810589	-0.3112657646890644	-0.13495037566167473
-0.19291300671292805	0.8911872085746799	0.4105725210091707	0.13372315480981492
0.4152832842484281	-0.30495263774413245	0.8570551748876929	-0.01688772120749979
0.0	0.0	0.0	1.0
34	37	98
0.9338256748223267	0.263542231857336	-0.2418990185734717	-0.08964280513497064
-0.1364847759748293	0.8875353454450738	0.4400598917670679	0.12758476187362325
0.3306683623918017	-0.377923687748437	0.8647728039374069	0.013184702031684339
0.0	0.0	0.0	1.0
35	38	99
0.9746177795438181	0.16084195189355685	-0.1557240275155781	-0.05812762584712114
-0.05080461574210953	0.8363369847207223	0.5458564972363422	0.19677139084612885
0.21803442818954907	-0.5240900213208581	0.8232805154348595	0.04643296573363571
0.0	0.0	0.0	1.0
35	46	100
0.995922023314781	0.06614412991756498	-0.06135250275272743	-0.025041187616421764
0.007091163686448876	0.620555687831174	0.7841302430934146	0.32498496897492973
0.08993826141259592	-0.78136780019991	0.6175562200284632	0.0584266974166449
0.0	0.0	0.0	1.0
35	47	101
0.9928013663952647	0.10512862591754712	-0.05738887984455066	-0.03613415520841812
-0.04380690083121976	0.7646698355034568	0.6429315262253201	0.22010304907575273
0.11147402915629157	-0.6357892941038555	0.7637706787397232	0.0544243434283653
0.0	0.0	0.0	1.0
36	38	102
0.9972714016811525	0.03709118844619453	-0.06382727043465604	-0.025096516636504335
-0.010443599441527963	0.9268019126250039	0.37540550289035274	0.14192473962382526
0.07307951070937893	-0.3737147179509977	0.9246603517883496	0.04952569960951187
0.0	0.0	0.0	1.0
36	39	103
0.9980051183901443	0.04760602233391704	-0.04146610820342142	-0.02709707764827456
-0.017275061446596098	0.8376603866686952	0.5459181217490215	0.23835107693898536
0.060723500353208185	-0.5441129117148912	0.8368116975374091	0.058882821856178394
0.0	0.0	0.0	1.0
36	46	104
0.99807731109935	-0.03923018402966127	0.047984763764063285	0.009673224238346437
-0.00170719614540529	0.7565013372907666	0.6539898732345131	0.27355134373792817
-0.06195667432605092	-0.6528146172015477	0.75497991067615	0.07449734766935971
0.0	0.0	0.0	1.0
36	47	105
0.9990127234913301	-9.32706051985105e-05	0.04442567914708429	-0.0033042682781062563
-0.02144024674505398	0.8748227218903044	0.4839685986040667	0.16537026550370304
-0.03890973862219014	-0.4844433870524553	0.8739569243166196	0.06036532873275166
0.0	0.0	0.0	1.0
37	40	106
0.9984817688623352	0.02209880409852366	-0.05045559592057816	-0.03179274140796432
0.006702024926992097	0.8604489425542089	0.5094925555973394	0.24613762410323645
0.05467364539757364	-0.5090572233785539	0.858994461133531	0.042510578498317825
0.0	0.0	0.0	1.0
37	41	107
0.9908482342222653	0.062396406340046916	-0.11969326746831668	-0.05758304273034701
0.017491107088604716	0.819914346974361	0.572218855268097	0.2953336047729954
0.13384267844139774	-0.5690756597035741	0.811319274313646	0.040251270834806736
0.0	0.0	0.0	1.0
37	45	108
0.9946102675591513	-0.052956258357637315	0.08914073737362542	0.012511734814002333
-0.013496367378949293	0.7862933561109898	0.6177058494259022	0.28818679198023417
-0.10280217890506342	-0.6155797472168112	0.7813407443694027	0.07236218943945408
0.0	0.0	0.0	1.0
38	49	109
0.9939704547056716	-0.024540383202579525	0.10686677949886023	0.002964177062482375
0.02872978827566884	0.9988707443171906	-0.03784038196499835	-0.13924216338634163
-0.1058175363614914	0.04068251441014433	0.993553077125722	-0.09023408486930751
0.0	0.0	0.0	1.0
39	49	110
0.9950171648356324	-0.024605433785744035	0.09661970532733323	0.006966293654887278
0.046196791570938964	0.9725467687149898	-0.22807637066522998	-0.21719877342596347
-0.08835525224949019	0.23140348966810506	0.9688374548258312	-0.14719549015961486
0.0	0.0	0.0	1.0
40	47	111
0.9862441293427239	0.04626141970316595	0.15868993308995183	0.023585142407559382
-0.008245185286569201	0.9726108589289675	-0.23229324567940207	-0.1311788219079958
-0.16508974692847747	0.2277894264403603	0.9596131901805175	-0.051627224825429724
0.0	0.0	0.0	1.0
40	48	112
0.9870780559166749	-0.01562579120338517	0.15947651218120054	0.03415235420488962
0.0661483468995609	0.946212038631023	-0.3167128655636238	-0.20880539384741403
-0.14594973396350272	0.32316943794377573	0.935018795168167	-0.1297448470452729
0.0	0.0	0.0	1.0
41	47	113
0.9702607982902232	0.06466797248042032	0.23326395081826246	0.03774518775027602
0.00982395469841335	0.9523399146066223	-0.3048807120686804	-0.1698159297586337
-0.2418625933677653	0.2981054068917836	0.923382814548464	-0.08865236934420342
0.0	0.0	0.0	1.0
42	47	114
0.9410259993023148	0.06269061186446019	0.3324754178870374	0.06928192903369804
0.041759150761142456	0.9536487345644666	-0.2980106972952345	-0.15900103873223104
-0.33574723739144363	0.29431979145293646	0.8947902858715694	-0.09113175378091276
0.0	0.0	0.0	1.0
43	47	115
0.9607279540194962	0.06294896135967928	0.2702576368639061	0.06198164936274245
0.055982345925715236	0.9099358237895646	-0.41095348036568297	-0.17545444628571927
-0.27178624050795674	0.4099442088651435	0.8706767427666443	-0.12521773598956598
0.0	0.0	0.0	1.0
46	49	116
0.9996711168996301	-0.004125810795769648	-0.02531231046624187	-0.026826976264887437
-0.005263108709493964	0.9329650905450697	-0.35992857452173455	-0.22842200087715978
0.025100505444142312	0.35994348870532183	0.9326364500240092	-0.20078293648811285
0.0	0.0	0.0	1.0
47	49	117
0.9995022921851435	-0.0313477415008928	-0.003514804355081999	-0.011472472946346521
0.03037416195014085	0.9865018947543841	-0.1609083916580472	-0.15339719465860757
0.008511490504198667	0.1607215889521894	0.9869631639616379	-0.11872695835492925
0.0	0.0	0.0	1.0
