13	45	1
0.947208806077713	0.0801190309550726	0.30978497757724016	-0.3606356199279359
0.01473695179091082	0.9560081757027069	-0.2923083046017359	-0.41336914580544376
-0.31966094125526523	0.2814942850581447	0.9045205622479532	0.8328628177500342
0.0	0.0	0.0	1.0
14	59	2
0.1758863048568353	-0.4029497570582945	0.8977954457313109	-0.005741521818120543
0.4173742614854751	0.8564979659524602	0.3026417873773756	-0.11032957452298799
-0.8911898478548479	0.32158668615751584	0.31892801149459843	0.43970457235257354
0.0	0.0	0.0	1.0
31	33	3
0.48247173608403954	0.7050224584568723	-0.5189039098963103	-0.19158053138774717
-0.4821718959580305	0.7085911837163419	0.5143448836843905	-0.15057338886869104
0.7306311047026575	0.0020451860590461873	0.6820569835172244	0.09742646004081403
0.0	0.0	0.0	1.0
32	33	4
0.8288629866103515	0.47203891297705036	-0.2987235535831194	-0.10715640105610708
-0.4465161015192135	0.8810765077899454	0.1532503990621356	-0.14222706492726692
0.33570830956918096	0.006359871738164397	0.9414061744321516	0.11785368594150596
0.0	0.0	0.0	1.0
46	47	5
0.9794402741875252	-0.002178034436523739	0.2009440917107815	0.10324249115759977
-0.004653835836046124	0.9992666790085436	0.033502587914356154	-0.06384025746782301
-0.20093452613506232	-0.03374910666318266	0.9788553499920606	0.19630183856796082
0.0	0.0	0.0	1.0
46	48	6
0.9160943972873622	-0.0782874991084787	0.392819159443406	0.1416501273701028
0.046793355806224464	0.9947521685853398	0.08911689641937358	-0.06621912787620016
-0.39783197097334366	-0.06326113082717257	0.9150923179555667	0.3678421837784166
0.0	0.0	0.0	1.0
46	49	7
0.873714985546114	-0.10427506998882488	0.47475494748953806	0.3329474082253119
0.06087497407483967	0.9923317473394331	0.1059187816009446	-0.10925280820687362
-0.4822737697657195	-0.06364556975633703	0.8735067286408716	0.4804474074060058
0.0	0.0	0.0	1.0
46	50	8
0.8892168859616238	-0.1301094157349091	0.43816705123166566	0.3383726942956326
0.035816062075232184	0.9753428771720676	0.2169218595617095	-0.06630301897410348
-0.4557022325238207	-0.17722073796864676	0.8721026949534106	0.5895654554366604
0.0	0.0	0.0	1.0
46	51	9
0.9766855091610076	-0.07708175976695229	0.19940280974437255	0.2917972845645792
0.018316026153246946	0.9593059394757179	0.2810852717053034	-0.0055325511003486705
-0.2130298990892502	-0.2709234859521603	0.9385206419186919	0.6048320470718158
0.0	0.0	0.0	1.0
46	52	10
0.9618654584361975	-0.04729817044720948	0.2686466707197791	0.2982924040200999
-0.02788452653579333	0.962451170890859	0.2692639663266007	0.006768506560575649
-0.2713838224977481	-0.2665330307868617	0.924606248712953	0.5725119425694836
0.0	0.0	0.0	1.0
47	48	11
0.9771156745298792	-0.06860507783252473	0.2004950978475252	0.0031633043194375862
0.058200767681233674	0.9964809986470623	0.0573191523337001	-0.008251785246585555
-0.20379054380186762	-0.044338741850258566	0.9778292783326414	0.17558070294869324
0.0	0.0	0.0	1.0
47	49	12
0.9525047246480687	-0.09397349618396508	0.28903632571163274	0.1681266366687871
0.07521699117026713	0.9941315522335965	0.07533665456184518	-0.0554782784874156
-0.29450649322590444	-0.05001945210754672	0.9541475209690843	0.32283004530476184
0.0	0.0	0.0	1.0
47	51	13
0.999465972668588	-0.0255291261105243	0.005426943644793934	0.10233896607304944
0.023369682892816823	0.9680627281634898	0.24880648542989434	0.044072584542853364
-0.011642183498540199	-0.24858896579933573	0.9683233128774847	0.4398091524658162
0.0	0.0	0.0	1.0
48	49	14
0.9952542583494357	-0.02377218851018606	0.09238667227298299	0.1284533334347705
0.022669703353740044	0.9994671791973038	0.012935300907381196	-0.06491784334405827
-0.09269776600543775	-0.010774715954303397	0.9954418763608421	0.1743851979035978
0.0	0.0	0.0	1.0
48	51	15
0.9804792645493461	0.08206922417553103	-0.177566787819494	0.04611472168463149
-0.0447712291506325	0.9775959258982425	0.20465525639506854	0.033625503299406896
0.19038980597792904	-0.19274460181393363	0.9623743192248186	0.2813047109047932
0.0	0.0	0.0	1.0
48	54	16
0.8277442242195312	-0.1851860691319522	0.5292141413558182	0.2733990733458169
0.0995416840763741	0.977205037561994	0.18624712810807137	-0.02123299939210333
-0.551801087710933	-0.10149988262597932	0.8274954155616242	0.19165527384330805
0.0	0.0	0.0	1.0
49	54	17
0.8773657250567156	-0.15277137054463583	0.45430939430478956	0.1436723682580516
0.0857758837906695	0.9823609704864396	0.1646793696529054	0.04003732921217612
-0.47160166218400357	-0.1055313235205819	0.8751975196421418	0.031155511357042268
0.0	0.0	0.0	1.0
49	59	18
0.8787418701735514	-0.24642671092605328	0.40807211024926077	0.304371805203457
0.0865271121131151	0.9240244020380904	0.3716686276581858	0.34266713043892727
-0.46882013916126225	-0.2913559040096077	0.8335211332833978	-0.5498867931975677
0.0	0.0	0.0	1.0
50	51	19
0.9663526623393368	0.08929032479411511	-0.2403348246420712	-0.046202287992525515
-0.07146891558368008	0.9938486085175329	0.08189198820988573	0.06263594901945428
0.24618710548481895	-0.06196893256254789	0.9669949482374259	0.006089167034881868
0.0	0.0	0.0	1.0
50	54	20
0.8610798406045488	-0.1832843014885	0.4737476249733396	0.1866678961626364
0.16597311699484268	0.9827410598407139	0.07852755647796869	0.01885869320100996
-0.4801188038052206	0.011024159199515594	0.8768486326663073	-0.07488936464987081
0.0	0.0	0.0	1.0
51	53	21
0.9294606458814485	-0.11352359106858118	0.3502944206886299	0.06845723051664583
0.12722236549432206	0.9914839116862137	-0.016246773804233682	-0.03133596339730896
-0.34558926907365045	0.05968982913673343	0.9362128372454885	-0.07414721626189387
0.0	0.0	0.0	1.0
