0	3	1
0.9994293951013695	0.03020829825696949	0.015100734081933385	-0.013122344030637147
-0.03350076565458807	0.8301739199838167	0.5564967287605983	0.16466092092716253
0.004274581701777843	-0.556685216484919	0.8307124695059492	0.07745841125616491
0.0	0.0	0.0	1.0
1	4	2
0.9999417782940048	0.0056030967858640085	-0.00922874342483127	-0.0032731618793390054
0.0026047331489693374	0.7043441853524334	0.7098537123332741	0.2452095757272179
0.010477617485635147	-0.7098365150972601	0.7042885211931282	0.040336430029515175
0.0	0.0	0.0	1.0
7	17	3
0.44352270659296256	-0.302838746685301	-0.8435497383661839	0.22715457029419578
-0.366333291132891	0.797722412826768	-0.4789976425473052	-0.2604044210064052
0.8179777596040982	0.521466782241488	0.24286808562042558	-0.17577597916032078
0.0	0.0	0.0	1.0
7	18	4
0.628616839480499	-0.27669988904609655	-0.7268273591894967	0.2643480036428698
-0.11503403926379382	0.8912065919034885	-0.43876863970559793	-0.20206153889257833
0.76916073736772	0.3594272760374777	0.5283975807278257	-0.14563709158658716
0.0	0.0	0.0	1.0
8	17	5
0.6719062076499122	-0.14528495809267983	-0.7262467234154251	0.20573912512912235
-0.3088085742263145	0.8363147894333075	-0.45300626643471065	-0.25464485411613824
0.6731859995379765	0.5286490279105953	0.5170598601716422	-0.11686390637381748
0.0	0.0	0.0	1.0
9	12	6
0.8942643912206186	-0.018988198539118723	-0.44713580611350884	0.20030588074267155
-0.29660348857253854	0.7230264101429489	-0.6239061878113007	-0.1920215965371437
0.33513798340425516	0.6905593060204686	0.6409448415274315	-0.24253269346430106
0.0	0.0	0.0	1.0
9	16	7
0.5073565317693834	0.047044446623081305	-0.86045097056484	0.04930450257542486
-0.5175272475718876	0.815019066424868	-0.2605944349730763	-0.25513580924049495
0.6890245326511987	0.5775212367498906	0.4378521310177515	-0.09763439897795544
0.0	0.0	0.0	1.0
9	17	8
0.7820106689950457	0.037268417284632135	-0.6221495987985735	0.18419621531004554
-0.27809566475756375	0.914200190300994	-0.29478920715331275	-0.20951720305349647
0.5577831270359497	0.40354553065933635	0.7252785861772506	-0.04385090401338724
0.0	0.0	0.0	1.0
10	13	9
0.76335092243699	0.20187930626411	-0.6136285820984287	0.1321253356304254
-0.5163503879141436	0.7614882431253794	-0.3918133502469727	-0.20839914798228526
0.38817196905940954	0.6159384925523023	0.6855232634563051	-0.1439282259918717
0.0	0.0	0.0	1.0
10	14	10
0.5472715941178748	0.2540618870204555	-0.7974623628881204	0.0182065251613466
-0.6843419712882145	0.6843753868794311	-0.2516071877003783	-0.2202082148400677
0.4818398762873562	0.6834344870565039	0.5484044415781044	-0.14567131059929722
0.0	0.0	0.0	1.0
10	15	11
0.37249434385485486	0.26602820260888865	-0.889087665368511	-0.056095814117356375
-0.7166712388959191	0.6911196978992213	-0.09346510074148609	-0.19842123689487137
0.5896016452168963	0.6719990120623044	0.4480929281604544	-0.13065681299605345
0.0	0.0	0.0	1.0
10	16	12
0.5523860266468219	0.27271806462870996	-0.7877146970510215	0.007518905249476936
-0.5462515445709333	0.8322242030053377	-0.09493182059183078	-0.18466723811437463
0.6296656100504395	0.4827294677562845	0.60868172341799	-0.029255165232086665
0.0	0.0	0.0	1.0
10	17	13
0.8130648943748742	0.21706643486595414	-0.5401921407573079	0.14991006644195518
-0.31113746692655736	0.9462760905977552	-0.08806171577206955	-0.13378302016477506
0.49205568585402115	0.23967396966262744	0.8369214581029065	0.02305475895472083
0.0	0.0	0.0	1.0
11	13	14
0.8125709125219305	0.35551878782462226	-0.46188186509823714	0.053697254879372054
-0.47138749002710556	0.8669174615803573	-0.1620117726139221	-0.12650015734148723
0.3428152956937522	0.34937141090346885	0.8720190875321201	-0.0530376405938324
0.0	0.0	0.0	1.0
11	14	15
0.6125482057067857	0.4722398221845604	-0.6338565360345295	-0.05482394959830715
-0.6511492457463244	0.756077782189317	-0.0659617302591922	-0.12399558604779327
0.4480951852242011	0.45313996161557024	0.7706327467542545	-0.06486792520775114
0.0	0.0	0.0	1.0
11	15	16
0.44576383313808055	0.5198412496851087	-0.7287383589618889	-0.12338955352684179
-0.6957433590517187	0.7134385356872012	0.08334616476313478	-0.08696565306928258
0.5632368369693155	0.46986235589527936	0.6797012829143324	-0.06609119385965496
0.0	0.0	0.0	1.0
11	16	17
0.6171797406279242	0.4865985654877659	-0.6183129584048953	-0.06317738700431612
-0.5234706045919164	0.8406226274376368	0.13904010760714872	-0.07025812429059533
0.5874246207674979	0.2378559791292498	0.7735353786630175	0.02580937128903705
0.0	0.0	0.0	1.0
11	17	18
0.8565748093014166	0.3445061386574627	-0.3841810369302716	0.07546756966319262
-0.28781093916867867	0.9369024526045316	0.1984403395991293	-0.02286700736573351
0.42830415098817265	-0.05940743119149237	0.9016797658291948	0.08028643439776408
0.0	0.0	0.0	1.0
12	13	19
0.9568902361582914	0.21864802917419157	-0.19119142387278995	-0.02436364350223196
-0.23146309404624293	0.9716978111181178	-0.0472041936115937	-0.03099257403011158
0.17545916007204984	0.0894229272626796	0.9804170591376652	-0.012875547863859164
0.0	0.0	0.0	1.0
12	14	20
0.8341961328453082	0.4106725215189628	-0.3680555806720367	-0.11544584821757929
-0.4480752537172291	0.8938094078919201	-0.018257544791481953	-0.013783324248729092
0.3214736654347918	0.18014691371771568	0.9296244887888004	-0.033143517352503815
0.0	0.0	0.0	1.0
12	15	21
0.7097042643524196	0.5147287320673056	-0.4810138220666812	-0.17020745491853984
-0.5364063318137083	0.8374397044210476	0.10470451910154718	0.03282560443298335
0.4567144524437928	0.1837097421444341	0.8704382810445226	-0.049169732027070166
0.0	0.0	0.0	1.0
12	16	22
0.8375562927111811	0.4203715666206729	-0.3489803277461009	-0.1223816800388197
-0.3617608304726179	0.9053673480125648	0.22234929732951805	0.045104074625126646
0.4094246430568867	-0.05998265914065773	0.9103700643630548	0.029631978046487324
0.0	0.0	0.0	1.0
12	17	23
0.9768022411777478	0.18316210353735904	-0.11094616400550768	-0.003200010679923423
-0.13423921624581137	0.927396029255903	0.34916538738284014	0.08013579742679966
0.16684486852577785	-0.326172269261043	0.9304700892135725	0.08576639326108952
0.0	0.0	0.0	1.0
12	18	24
0.9991551549054845	0.02024258517299482	0.0357670796115936	0.05513527201350876
-0.03717600303751913	0.8161893023312241	0.5765874069257643	0.18369346851620527
-0.01752113343735666	-0.5774300992799979	0.8162522986379986	0.06616093054990019
0.0	0.0	0.0	1.0
13	14	25
0.9583958774608288	0.22333765099478758	-0.17775704011256038	-0.08746275206733056
-0.2298385455903992	0.973087343534366	-0.016591816785482664	0.010561825220701038
0.16926756688520797	0.05675693682284485	0.9839344923273099	-0.01459180493853618
0.0	0.0	0.0	1.0
13	15	26
0.8836191461680825	0.35859621275936376	-0.30104145123063025	-0.1414415411371719
-0.35019609705268145	0.9329541013339895	0.08342304322345223	0.05428232343501338
0.3107730506814707	0.031709504259022005	0.9499551604121962	-0.028384218753974455
0.0	0.0	0.0	1.0
13	16	27
0.960084833907053	0.23108400764587358	-0.15759844816570628	-0.09385780294787693
-0.19071995348788914	0.9529819246964247	0.235481440261759	0.07302476437771477
0.20460443787429522	-0.19602495420048094	0.9590158285364218	0.040889428016485874
0.0	0.0	0.0	1.0
13	17	28
0.9959524756665925	-0.04287839723106624	0.07899430863666101	0.02075320555905069
0.007563635276411658	0.9157380337104974	0.40170472489347164	0.11387333374205416
-0.0895625389576015	-0.3994813295511568	0.9123559178244136	0.08295045939487952
0.0	0.0	0.0	1.0
13	19	29
0.7727132075660548	-0.527384905177886	0.3532414311457245	0.05945456013942918
0.28179161602843517	0.7836671705251134	0.5535876071324768	0.18035552757596585
-0.5687775506316658	-0.32822404067739464	0.7541627020522534	0.010196964856083568
0.0	0.0	0.0	1.0
13	22	30
-0.029615373763217965	-0.7886458232428846	0.6141341747523446	-0.08302604654810894
0.8019889258377709	0.34796906820978996	0.48552174639653384	-0.01260994578325203
-0.5966044197634489	0.5069078039192298	0.6221799993752849	-0.12779426191692567
0.0	0.0	0.0	1.0
14	15	31
0.9804572852340068	0.1508504773576297	-0.1262842025940304	-0.059124013601121864
-0.14209180138620708	0.9869502333426371	0.07575760705011704	0.0325360245445592
0.13606431498615285	-0.056332979526032084	0.9890972330199195	-0.0014559661881453276
0.0	0.0	0.0	1.0
14	16	32
0.9997654097391822	0.00681522682210237	0.020560280210713617	-0.006187537807831246
-0.011806999336342565	0.9672623629020277	0.25350397293817917	0.06547510967931366
-0.018159525162530155	-0.2536871817724136	0.9671159221200885	0.05609250692342494
0.0	0.0	0.0	1.0
14	17	33
0.9308986640611979	-0.27194337956412923	0.24387402509652123	0.10860293440201679
0.14036186336773443	0.8826896450404734	0.44850593467411204	0.12337145361784849
-0.3372333000208171	-0.3832829088693655	0.859865134703411	0.07005025129388573
0.0	0.0	0.0	1.0
14	19	34
0.5599891549038621	-0.6966517719380715	0.4484289662512567	0.12233404278100292
0.3466862007412763	0.6886249857917933	0.6368707109149945	0.21269759196900112
-0.7524766309082669	-0.2011765403605729	0.6271421562114102	-0.04434078024546371
0.0	0.0	0.0	1.0
14	20	35
0.2699507561732083	-0.8111144190497034	0.5188643448884873	-0.01670983363017171
0.6261472390555252	0.5572505380887769	0.5453545059446558	0.15121310490359036
-0.7314823354632106	0.1776666526948398	0.6583072656398323	-0.09615144096195283
0.0	0.0	0.0	1.0
14	21	36
0.02554438124059337	-0.8331829108500738	0.5524073040406051	-0.10292248726494198
0.7596924576995528	0.375357151464634	0.531012688070539	0.08282246063972609
-0.6497807555929084	0.4060953311651598	0.6425510911066903	-0.13928602853864033
0.0	0.0	0.0	1.0
15	16	37
0.9786588597863048	-0.13377458257690658	0.15598453927477277	0.05625430324625088
0.1023221874577778	0.9755222591453527	0.19464458132611936	0.04006858784406329
-0.17820496302409483	-0.17453007176274832	0.9683915787903462	0.052644774360040565
0.0	0.0	0.0	1.0
15	17	38
0.8408860851853358	-0.3821923655220601	0.383196535414541	0.17131243612385588
0.21413373973935868	0.8852041000314069	0.4129894263570507	0.10783217607392837
-0.4970486461871853	-0.2652218766011881	0.8261961414883565	0.05049491950992894
0.0	0.0	0.0	1.0
15	19	39
0.38732564571933725	-0.733158636265276	0.5589788364371968	0.16990221119690022
0.36336367747552006	0.6786249837956088	0.638306101001023	0.2130307039496368
-0.8473168929714129	-0.0441197855122532	0.5292521401700193	-0.09223150010454759
0.0	0.0	0.0	1.0
15	20	40
0.0767937785579867	-0.7995794858569785	0.5956304343042157	0.014712878327917723
0.6291024254192304	0.5023227933073507	0.5932130954502243	0.17292827673757666
-0.7735198656568057	0.32915744660064084	0.5415926036735172	-0.15180597426270892
0.0	0.0	0.0	1.0
15	21	41
-0.1704012069782688	-0.7840907178875022	0.5967958864786065	-0.08661718106968681
0.7344102391230559	0.3027409014444813	0.6074450045836455	0.11727817559423315
-0.6569666274322646	0.5418024019221195	0.5242567804822167	-0.19499332845537995
0.0	0.0	0.0	1.0
16	17	42
0.9338410096131127	-0.2122086676156679	0.28793831869570974	0.11212430339514617
0.15556607611771647	0.9658330976227102	0.2072811754312254	0.04946907088180472
-0.3220872410303619	-0.1487742405567739	0.9349470720129632	0.025354806385097833
0.0	0.0	0.0	1.0
16	18	43
0.8328760925528162	-0.3351754748442591	0.44042582063240726	0.15913112295297577
0.11074805131157912	0.8806036314334716	0.4607298898697056	0.14387583681984278
-0.5422660086628478	-0.33495467393921396	0.7705537484777586	-0.007927704974575869
0.0	0.0	0.0	1.0
16	19	44
0.5643297591390463	-0.5667782647262554	0.6002452414211661	0.12926645026174527
0.3643922453094328	0.8234368094996399	0.4349366936809603	0.13664096418211044
-0.7407769000971443	-0.026723026275086735	0.6712195666861244	-0.08482505195463072
0.0	0.0	0.0	1.0
16	20	45
0.27502749870762055	-0.6562135394541208	0.702669066089958	-0.011456905423753128
0.6410107640499422	0.6698639614589068	0.374683076942218	0.09030304477685634
-0.7165648652770645	0.3473702848817002	0.6048709150383165	-0.15725803092334042
0.0	0.0	0.0	1.0
16	21	46
0.031217722518510554	-0.6661705844556574	0.7451457806137318	-0.10090881911137034
0.7729901315985825	0.4887128835863026	0.4045317916924696	0.03291563103174616
-0.6336496148234239	0.5633618187973425	0.5301997762088289	-0.20983314999664385
0.0	0.0	0.0	1.0
17	18	47
0.9757164404138505	-0.10286435223162822	0.19338154908293803	0.0499150539481954
0.049211118922682776	0.963245539329838	0.26407639832832885	0.08401161498032483
-0.21343798797272762	-0.2481472432100214	0.9449165654168316	0.004321318174325405
0.0	0.0	0.0	1.0
17	19	48
0.8201031254346445	-0.33520316149324336	0.4637561254836343	0.04213670500804658
0.29077890873507845	0.942143910294554	0.16677051686003944	0.05320216887345513
-0.49282714190085725	-0.0019185434986060906	0.8701252591043961	-0.05153410603923967
0.0	0.0	0.0	1.0
17	20	49
0.5984115032222104	-0.4453578062020281	0.666003212545894	-0.07340833133020126
0.5643367850019774	0.8243611654006705	0.04418896190299828	-0.014873609105930226
-0.5687071186584327	0.3494069519671248	0.7446389466823923	-0.12965716796701288
0.0	0.0	0.0	1.0
17	21	50
0.3850755872011574	-0.4840985570930355	0.785726062354989	-0.14005919143481912
0.7346209471543483	0.6761180239832719	0.05653767376895306	-0.08433367158555605
-0.5586134200110145	0.555439630410257	0.6159854637067113	-0.19029430305580727
0.0	0.0	0.0	1.0
18	22	51
0.27027578268066	-0.2237697122900159	0.9364176261840593	-0.10152060546741574
0.7936370103332685	0.6024087387478075	-0.08511164012587608	-0.19797001021387514
-0.5450608728078054	0.7661794748182045	0.3404084240804946	-0.2701919015971199
0.0	0.0	0.0	1.0
20	24	52
0.38367918353710806	-0.5462391700767196	0.7445890998878071	0.04795014484675065
0.6493978684361746	0.7328527246615489	0.20300091905459006	0.033581117653595796
-0.6565612194055181	0.40564739277861583	0.6359069389328911	-0.1873237721810163
0.0	0.0	0.0	1.0
20	25	53
0.21067294112161558	-0.5909114191119036	0.7787429247914511	-0.021018852449242002
0.6663529451472233	0.6696762712508515	0.327883167747776	0.08160002510767393
-0.7152555811905964	0.4498416417266762	0.5348382482206427	-0.1950492279275589
0.0	0.0	0.0	1.0
22	29	54
0.4370006335298919	-0.7034255787633186	0.5605559386862246	-0.2551044298215738
0.5327864275790944	0.704551911904027	0.4687699313264147	0.16524256050034752
-0.7246856032144063	0.09380385446378184	0.6826652187104753	0.02305870200763652
0.0	0.0	0.0	1.0
22	30	55
0.48302612601851125	-0.6855927901575037	0.5446542005040982	-0.26824626800082113
0.509093733201294	0.7259833292502227	0.4623545008707584	0.17731849022887033
-0.7123969803587125	0.05395072247656126	0.6996999141038074	0.020168301337116737
0.0	0.0	0.0	1.0
22	31	56
0.5347035816408582	-0.6640450314550447	0.522624203840259	-0.2799423964626262
0.4776420372306909	0.7476866511470457	0.46132698127040234	0.19144966525015122
-0.6971013023827588	0.002954072478932187	0.7169665298864605	0.004923247100648408
0.0	0.0	0.0	1.0
22	35	57
-0.03958686434626786	-0.7761836905687612	0.629262789679823	-0.06412062871551784
0.650331534191651	0.4581056206901712	0.6059767910516604	0.054531022177797754
-0.7586183361428569	0.43321829373312226	0.48664179941244223	0.08844737994433337
0.0	0.0	0.0	1.0
23	35	58
0.26970266736492354	-0.6950444380921121	0.6664635417366264	-0.022299395263858445
0.6250249787863713	0.6528592433091449	0.42792327601003344	0.0007800501732820998
-0.7325327872462987	0.3011444555458998	0.610498086198896	0.12084651261976792
0.0	0.0	0.0	1.0
23	36	59
0.1131400388965432	-0.717411292267518	0.6874011553537375	0.07312218595992795
0.6633709032082072	0.5695980525648837	0.48528020794600096	-0.06560381710013052
-0.739687954906305	0.401097441989445	0.5403541921967407	0.04635238209504149
0.0	0.0	0.0	1.0
23	37	60
0.16554956588038136	-0.674808867497378	0.7191844383398507	0.11944839799981145
0.6535904870493698	0.6211722738999831	0.4323937727183233	-0.1520437967651674
-0.7385206700072081	0.39846960753750876	0.5438834587844636	-0.06694405001530235
0.0	0.0	0.0	1.0
24	34	50
0.75909932	-0.48933524	0.42932409	-0.14774159
0.42865910	0.87208220	0.23605887	-0.00913579
-0.48991804	0.00484148	0.87175513	0.12651799
0.00000000	0.00000000	0.00000000	0.99999990
24	35	61
0.5162842859701525	-0.6308508226827072	0.5792042790161088	0.013049510197555337
0.5681886637742258	0.7583423084478796	0.31949700212891546	-0.05153136496701719
-0.6407903261466339	0.1641460501263828	0.7499626416721161	0.14203931536000083
0.0	0.0	0.0	1.0
24	36	62
0.3735427403330904	-0.6814922321122455	0.6293123287852587	0.11599410142741809
0.6314478079256127	0.6837832126028851	0.3656692192463923	-0.11423150321345982
-0.6795140895407847	0.26078484290154347	0.6857491423061832	0.061600712667034534
0.0	0.0	0.0	1.0
24	37	63
0.42257882568702887	-0.6298559166339168	0.651696599656065	0.15851151062683036
0.6023267396866578	0.7324580122704464	0.3173447075107914	-0.20373876719300235
-0.6772219863282517	0.25843113454783695	0.6889003497214791	-0.05155353591534994
0.0	0.0	0.0	1.0
24	38	64
0.5139203382321833	-0.6244743248471861	0.5881474711073116	0.29215358610919867
0.596407411446818	0.7529039459923527	0.2782691046677208	-0.22908882934106287
-0.6165906592322352	0.20776738731922137	0.759373842879969	-0.11948163799454505
0.0	0.0	0.0	1.0
24	40	65
0.4887114801847018	-0.6915003615386597	0.5319662488206766	0.49024825743704376
0.5786725135096732	0.7132370866787316	0.3955134117453525	-0.3506241821938863
-0.6529159808713969	0.11454227344062096	0.7487194034686885	-0.17630418530028735
0.0	0.0	0.0	1.0
24	41	66
0.5439829741167912	-0.6843562296524002	0.48552940339984896	0.48046271933357054
0.6228075414393834	0.7170694815495086	0.31292489098226156	-0.4562694617212486
-0.5623106735825604	0.13216560869719046	0.8162960044006617	-0.23282860327085678
0.0	0.0	0.0	1.0
24	46	67
0.761461265384068	-0.4430535261637951	0.47315972696865605	-0.043240182115015985
0.3794858886752428	0.8964788400296717	0.22872692336768624	-0.25168197601720327
-0.5255161558827561	0.005390625810426692	0.8507664671671139	-0.051862035405110335
0.0	0.0	0.0	1.0
24	47	68
0.5076076587032394	-0.5683780681595949	0.6475187770554179	0.12473527254792548
0.4264842274417725	0.8187655206455668	0.3843620778317509	-0.14539048348102107
-0.7486291256781876	0.08105144568240796	0.6580159965331549	-0.009266555128126512
0.0	0.0	0.0	1.0
25	34	69
0.864453888600142	-0.3644404034523614	0.34626966447988566	-0.09274990266056059
0.32874682017470647	0.9309257324532866	0.15906812748952956	-0.04154303514852041
-0.3803222696631878	-0.023672102999489755	0.9245510927421333	0.11415916835919036
0.0	0.0	0.0	1.0
25	35	70
0.6627716686658598	-0.5306941178808199	0.528296726649428	0.0684012391294133
0.4914591951057518	0.8405721201284845	0.22782927706822065	-0.07249291805477459
-0.5649792878482908	0.10863750506073845	0.8179219976837016	0.11513472943157395
0.0	0.0	0.0	1.0
25	36	71
0.5352603722805713	-0.597822456214173	0.5967450418865938	0.16956266266794026
0.5693830841723677	0.7772001284548712	0.26788562987900816	-0.12869072091859038
-0.6239383906110358	0.19638801020448185	0.7563944839370075	0.02771267137184885
0.0	0.0	0.0	1.0
25	37	72
0.5789744074237907	-0.5391736051818958	0.6116211295775466	0.21100690309202028
0.5283562207309068	0.8194277612223375	0.22221117839419074	-0.22212434966144903
-0.6209897580936741	0.19449924614593592	0.7593034232423004	-0.08521753160762366
0.0	0.0	0.0	1.0
25	38	73
0.6606139158148648	-0.5243162911452407	0.5372909522088872	0.3471193811632231
0.5151309902575442	0.8372105943251893	0.18362566586111365	-0.2490069937379768
-0.5461036753224363	0.15546957145312423	0.8231645769503961	-0.14792615419037922
0.0	0.0	0.0	1.0
25	40	74
0.6384984571531657	-0.5964506459658434	0.48638075753081006	0.5477699028582352
0.5169091923319277	0.8005623653104814	0.3031579229179959	-0.36834490616145016
-0.5701969926814046	0.05784877033365346	0.8194686252112793	-0.2008867315561875
0.0	0.0	0.0	1.0
25	41	75
0.6864266141034684	-0.5839518063075673	0.4333804956233499	0.5392231020900053
0.5501061899928457	0.8067480667973426	0.21573282264633148	-0.4731336147449178
-0.4756065671537559	0.09032057336373663	0.875009014705591	-0.2549619174845491
0.0	0.0	0.0	1.0
25	46	76
0.8655196692589738	-0.3164323213265757	0.38826047440514627	0.009502720669467097
0.27615753817533406	0.9481779560798758	0.1571480758300252	-0.2871420496997927
-0.41786681643249723	-0.02879383727166351	0.9080518145167715	-0.06556707616499882
0.0	0.0	0.0	1.0
25	47	77
0.6536132502675686	-0.4670909446297202	0.5954961304979459	0.1766966140861471
0.35135305976751957	0.884173164000764	0.3078780656848077	-0.1741577486928794
-0.6703287222087503	0.007996245518306891	0.742021136229947	-0.03571505881705867
0.0	0.0	0.0	1.0
26	37	78
0.7149736826123949	-0.4182882693350135	0.5602208600708404	0.2871836366569428
0.4155162558870136	0.8986418297344296	0.14067344366352022	-0.16012917519324857
-0.5622800081622437	0.1322031732714939	0.8163108566304551	-0.16170021643627153
0.0	0.0	0.0	1.0
26	38	79
0.7852716474945346	-0.3946140433444552	0.47710377170935675	0.43320139581482603
0.3958130178304533	0.9125067694331134	0.10326324078775224	-0.18883648654008844
-0.4761096417979761	0.10775431817592367	0.8727591403039869	-0.21474898399900133
0.0	0.0	0.0	1.0
26	39	80
0.7877135635107582	-0.43007608768642025	0.44106885957709774	0.5744485572774206
0.3656447682333061	0.9026205223936175	0.22711228929762023	-0.22536353620583413
-0.4957933810601716	-0.01762471968717014	0.8682614981049726	-0.22796369719772927
0.0	0.0	0.0	1.0
26	40	81
0.7694475007134773	-0.4714361419398304	0.43092727982962953	0.6313562874862371
0.4154919457392292	0.8818677880735044	0.22288015382592086	-0.3074904239657271
-0.48509479221038543	0.007552287894619355	0.8744288817759116	-0.27021162591139575
0.0	0.0	0.0	1.0
26	47	82
0.7755350977642966	-0.3365763982942822	0.5340987197963489	0.2617470043607645
0.24038366750344603	0.9397310784878814	0.2431485709584643	-0.13431058346775415
-0.5837472452514388	-0.060181484389856224	0.8097019080935524	-0.11741285656842691
0.0	0.0	0.0	1.0
27	28	83
0.998038042270027	-0.0026859675871188896	0.06255331134146333	-0.009130297707686976
-0.0029827566451376256	0.9959054177238721	0.09035330993960485	0.0309100388995881
-0.06253987997247491	-0.09036271982554253	0.9939434815692025	0.03304347548585369
0.0	0.0	0.0	1.0
27	29	84
0.9997887666562547	0.010001589763969452	0.017957240357452185	-0.028750021707597637
-0.012531545228688929	0.989083837878302	0.1468200109929831	0.052761699273159594
-0.016292751202829137	-0.1470140710952712	0.9890003215744549	0.05582132418845868
0.0	0.0	0.0	1.0
27	30	85
0.9987660773411491	0.045549806476918385	-0.01978528215015064	-0.04692284223985518
-0.04178523607669472	0.9860924894761649	0.1608585478218262	0.05881224306282003
0.02683720651119159	-0.1598334522828968	0.9867791983898331	0.0641438895625976
0.0	0.0	0.0	1.0
27	31	86
0.9942602997858815	0.08495404613575003	-0.0650311659928132	-0.06502979714341726
-0.07173473707065141	0.9803232343838755	0.18390289977798227	0.0672557862634669
0.07937483135908292	-0.17818254614284001	0.9807908179150433	0.06280320368690419
0.0	0.0	0.0	1.0
27	32	87
0.9869008659723284	0.11232743165373932	-0.11579812283473608	-0.08235747251053334
-0.08669836285325623	0.9745993052623183	0.2064933061585872	0.06988911281420439
0.13605168568310677	-0.193749026831392	0.9715715143238277	0.05719259492516714
0.0	0.0	0.0	1.0
27	33	88
0.9962686036067254	0.054077549935711976	-0.06726378659121912	-0.05198968143228608
-0.046000976138672586	0.9921468932272649	0.11631137334918237	0.0362526026901047
0.07302541547623362	-0.11278328668638235	0.9909324945319694	0.05227861225213616
0.0	0.0	0.0	1.0
27	34	89
0.9840629064620663	-0.11175845542241612	0.1383120430967314	0.052096738037782045
0.09811350911002772	0.9899507367208775	0.10183845063928049	0.01888561885750263
-0.1483034219095794	-0.08664529369359027	0.9851389818492065	0.051634162437106716
0.0	0.0	0.0	1.0
27	37	90
0.8201708536561153	-0.34473789221562945	0.45659116751149714	0.30730379639845506
0.3288687625768122	0.9371238580163296	0.11680798194576406	-0.12841767198479329
-0.4681506221574747	0.05435604200145797	0.88197523610776	-0.18762608805216582
0.0	0.0	0.0	1.0
27	38	91
0.8766420977269586	-0.3119119624167963	0.36634605072075027	0.457129563336718
0.3032953633737895	0.9493187305816184	0.08249670068688404	-0.15752119883721005
-0.37351092126496704	0.03879095577591952	0.9268143127007257	-0.23775740536467127
0.0	0.0	0.0	1.0
27	39	92
0.8784775814655795	-0.34625997600899466	0.3292127891810435	0.5980847633925118
0.28992843126332524	0.9340104306689746	0.2087243940136441	-0.19615678264532968
-0.37976105802107146	-0.08791150391971728	0.9208978731066979	-0.25386519696178544
0.0	0.0	0.0	1.0
27	40	93
0.8637345148960166	-0.3892326798039323	0.3200944886444987	0.6535890498839485
0.3408396569503965	0.919063975526555	0.19786260275788892	-0.2765057658456807
-0.37120199750864175	-0.06179996806729523	0.9264932534472234	-0.2952764968415776
0.0	0.0	0.0	1.0
27	41	94
0.8938381027945751	-0.36668163440505985	0.2580656140234418	0.6530932410577341
0.35122363772642873	0.9303395504799338	0.10540457908405104	-0.37582969251205084
-0.27873863493934486	-0.003575906305413788	0.9603604363902134	-0.33310974606556104
0.0	0.0	0.0	1.0
27	47	95
0.8677320539177678	-0.256308918130824	0.42584819008093877	0.285921875601805
0.16430662409709593	0.9565363131856215	0.24091825081092377	-0.10985133367679605
-0.4690887166852758	-0.13908278322335257	0.8721305190136415	-0.14741138906251888
0.0	0.0	0.0	1.0
27	48	96
0.8047714351538502	-0.35609613900634635	0.4749088443118547	0.3039506544773947
0.1655379158202192	0.9029668009672396	0.396545072610948	0.04309391686956294
-0.5700351252484058	-0.24051284658808694	0.7856294071181081	-0.1166176260104674
0.0	0.0	0.0	1.0
28	29	97
0.9989235785720445	0.00860097619605543	-0.045581931736995415	-0.018389220538360892
-0.005979551474145682	0.9983367928308773	0.057338288472190385	0.01995381596368339
0.045999344896767894	-0.05700395137977759	0.9973136544478727	0.025048593457044216
0.0	0.0	0.0	1.0
28	30	98
0.9954464935676786	0.040596515537868395	-0.08624412527117144	-0.03623914856329369
-0.03428965411526536	0.996713380273675	0.07339162398600821	0.025265601091221362
0.08894017477334058	-0.07010017310975714	0.993567035678095	0.034291826126303986
0.0	0.0	0.0	1.0
28	31	99
0.9880134368333724	0.07576472335796057	-0.13449484213891202	-0.05390664630602189
-0.06272339666089809	0.9931392173627152	0.09869076284225893	0.03272404075330247
0.14104941205117866	-0.08907190991001131	0.98598730228028	0.03426379096141113
0.0	0.0	0.0	1.0
28	32	100
0.9774192761396213	0.09846100529228352	-0.1869675854818166	-0.07029870836848476
-0.07622918417789809	0.9895244796354284	0.12259739543345725	0.0345558286425682
0.19708017850367907	-0.10557669908734629	0.9746859039149949	0.0300483615236756
0.0	0.0	0.0	1.0
28	33	101
0.9899610765393526	0.044806945329817126	-0.13404945886500164	-0.03990656091275842
-0.041299958407189176	0.9987305790193306	0.028830823366616947	0.00405204955439744
0.13517118743899137	-0.023005174135811806	0.9905549973870034	0.021492473479890854
0.0	0.0	0.0	1.0
28	34	102
0.9910842116167408	-0.10173911411975738	0.08602995154000664	0.06144765472084668
0.10163234040561453	0.9948058750461587	0.005631112586909425	-0.011122005886723194
-0.08615600751313875	0.003162501959911548	0.9962765501796792	0.017829337121504356
0.0	0.0	0.0	1.0
28	35	103
0.8998390660186663	-0.28691081680014224	0.32859044588517033	0.1849530187923395
0.2949377748593474	0.9551537355760765	0.02631687532013214	-0.012601578993848278
-0.32140512546801464	0.07323286000044844	0.944105665399195	-0.014520461509958702
0.0	0.0	0.0	1.0
28	36	104
0.8190583348872735	-0.37327489931289165	0.4356709133158788	0.262778847087669
0.3948235594520015	0.9177022884449394	0.04400503615184639	-0.05439106590741349
-0.41624225297811474	0.13597057683311128	0.8990295347804032	-0.11290046360117591
0.0	0.0	0.0	1.0
28	37	105
0.8480489148888724	-0.30451809323928425	0.4336837308755145	0.3101289404218652
0.33301313314855663	0.9428595664808792	0.010852151362096054	-0.15487955992970864
-0.4122076231749839	0.13521930637781762	0.9009995966618998	-0.22534142692649953
0.0	0.0	0.0	1.0
28	38	106
0.8986760594560186	-0.2801489728429552	0.33748727223547376	0.46284234174573385
0.3053108697573521	0.9519806429399836	-0.022753916809571378	-0.18340748423850411
-0.31490696689764397	0.12348702855779697	0.941054840465537	-0.27554527255440725
0.0	0.0	0.0	1.0
28	39	107
0.898277391772423	-0.3177169286476606	0.30356790455862487	0.606075922563811
0.2999072427740011	0.9481799977411801	0.10492850308122671	-0.22619399160026807
-0.3211746117606974	-0.00321253633630686	0.9470142813315378	-0.28799092003138355
0.0	0.0	0.0	1.0
28	40	108
0.8831082958740032	-0.36129356134863355	0.2993099860391476	0.6629293545723758
0.35007928445146724	0.9321614885419466	0.09229911971510638	-0.3051724266043962
-0.31235247012276124	0.02327210948105665	0.9496809830152068	-0.33022842374251893
0.0	0.0	0.0	1.0
28	46	109
0.9911123614809266	-0.0499611205817126	0.12328820791486332	0.16136870019967428
0.04799546080236239	0.9986692283072127	0.018864315269317707	-0.2665659689276137
-0.12406664232250209	-0.012779460141472531	0.9921913687571369	-0.16801266804844855
0.0	0.0	0.0	1.0
28	47	110
0.8933562041647414	-0.21937081588194518	0.39216181588785903	0.2879008145012815
0.17648523668711102	0.9738971680675499	0.14274823952117602	-0.14306004819885298
-0.4132401215473722	-0.058314129259189926	0.9087528097315704	-0.179410228466838
0.0	0.0	0.0	1.0
28	48	111
0.8338560500168716	-0.31412883288983884	0.45387989897375147	0.3062759307096106
0.18759297382698714	0.9346047503123278	0.30219613469718987	0.005932415981255041
-0.5191269619529867	-0.16684342265931504	0.8382542755433459	-0.1438990874955971
0.0	0.0	0.0	1.0
29	30	112
0.9986553154716453	0.029631623820926274	-0.042536781942070785	-0.01740043557193046
-0.029025334739267484	0.9994690380184721	0.014800508418312533	0.004417895263658281
0.042952744655989875	-0.01354603298727378	0.9989852306309452	0.010328815204145152
0.0	0.0	0.0	1.0
29	31	113
0.993732105673896	0.06201918225975719	-0.09300452919978662	-0.03454057900185623
-0.05861239681160053	0.997521447148856	0.03892749678587928	0.010766767551874166
0.09518821316815258	-0.03323241685408047	0.9949043115915207	0.011756389552126
0.0	0.0	0.0	1.0
29	32	114
0.9857363717777277	0.08173237382903865	-0.1471174201280985	-0.05011758015006324
-0.07322444852690087	0.9953642430513092	0.062354707808220465	0.0117860771111603
0.15153184873944647	-0.050692798190528666	0.9871514865916092	0.009119673883113731
0.0	0.0	0.0	1.0
29	33	115
0.9953910791680444	0.031126778247485613	-0.09070603458567418	-0.019951137049434825
-0.0339795731424888	0.9989697626229956	-0.030078047670665714	-0.015752656523871224
0.08967635230352063	0.033021503159236985	0.9954232731645449	-0.0024513065277693554
0.0	0.0	0.0	1.0
29	34	116
0.985220903823098	-0.1025633265885887	0.13718756232840407	0.07817528441203904
0.10982260162781156	0.9928666880609701	-0.04641692956927226	-0.027751258102204898
-0.13144833076477855	0.06079715718551193	0.9894568995439365	-0.010585535609842218
0.0	0.0	0.0	1.0
29	35	117
0.8814249235866938	-0.2729734967009932	0.38545479445512004	0.19695352614743997
0.3016360096807008	0.9533107008757683	-0.014634489944593446	-0.025710344381379216
-0.3634634909761772	0.12916627946403947	0.9226105747857615	-0.04689173574412347
0.0	0.0	0.0	1.0
29	36	118
0.7951073881044125	-0.3525711210617064	0.4934548589158587	0.2720750794031044
0.4002858923651402	0.9163384739060203	0.0097357141102233	-0.06555844474602388
-0.4556042654741364	0.18978215881448895	0.8697167879083048	-0.14685075198956155
0.0	0.0	0.0	1.0
29	37	119
0.8247487197212665	-0.2842159482154606	0.488887146556844	0.31872072848261523
0.3402695530705781	0.9399225843971497	-0.027605415067334056	-0.16668585686176254
-0.45167023968752923	0.18912097243677417	0.8719099732335608	-0.2592611304008357
0.0	0.0	0.0	1.0
29	38	120
0.8799157926046105	-0.26570581504654034	0.39388877185045157	0.47445885895591616
0.3142073910750101	0.9472672261194864	-0.06291543101809703	-0.19495513536763465
-0.3564010277798832	0.1791230910301405	0.9170021663716863	-0.308643056522317
0.0	0.0	0.0	1.0
30	31	121
0.9981898398984259	0.03176631159584019	-0.05106672415287789	-0.016784520806383298
-0.030631275626548493	0.9992693113992049	0.022858042679968164	0.005583005798828383
0.05175548607415302	-0.02125248639558026	0.9984335508051645	0.002438212928334214
0.0	0.0	0.0	1.0
30	32	122
0.9930907775644361	0.05090021532902377	-0.10573518016168923	-0.031970117544717784
-0.046284120207235435	0.9978841087425084	0.04566307561807494	0.006100519702033236
0.10783576668511471	-0.040453739271271	0.9933452253008187	0.0009147042192687119
0.0	0.0	0.0	1.0
30	33	123
0.9988334207026951	0.0008761734709557395	-0.0482808369000221	-0.0020761872581742807
-0.0030533828903096683	0.9989805595134066	-0.04503905318524885	-0.019753976165773315
0.048192171345368545	0.04513392759763703	0.9978177628746814	-0.012118412788471502
0.0	0.0	0.0	1.0
30	34	124
0.9750216097310636	-0.12907481207339144	0.18075564206187378	0.09384432310592249
0.141069604371126	0.9884649906652639	-0.05510198278934071	-0.029094379233687687
-0.1715583746722545	0.07922475361995197	0.9819832782890076	-0.024063454127595856
0.0	0.0	0.0	1.0
30	35	125
0.8557551737081427	-0.2927073063417525	0.4266210045541719	0.20873067874390067
0.3301010831439116	0.9438329479423326	-0.014577051989410698	-0.023985630787524755
-0.3983922691462196	0.15330254036831323	0.9043129632615688	-0.06384168442282938
0.0	0.0	0.0	1.0
30	36	126
0.7626011157706576	-0.3681588158835695	0.5318821316350667	0.28147741767832674
0.4264861515239789	0.9043776928546793	0.014506533668499988	-0.06228267494717716
-0.4863630805961015	0.21577780194038484	0.8466940456126596	-0.16501229499758502
0.0	0.0	0.0	1.0
31	32	127
0.9983097179038133	0.01802649791182861	-0.05525337524215689	-0.015179889861872017
-0.01683309284736585	0.999616555516203	0.02198863089256388	0.00018350631473090822
0.05562866459469823	-0.02102134344506617	0.9982301826021244	-0.0004681307567318457
0.0	0.0	0.0	1.0
31	33	128
0.9995188836116857	-0.030823603040197	0.003471323100086616	0.014863882769831735
0.030986083270580084	0.997314714749672	-0.06635730307737722	-0.024640110207861356
-0.0014165661861975398	0.06643298441149609	0.9977898826452556	-0.014945909101927748
0.0	0.0	0.0	1.0
31	34	129
0.9599259726846427	-0.15471492013744537	0.23367844257209042	0.11025023706357538
0.17502804395822322	0.9821621402626725	-0.06872182732135652	-0.03147247586481289
-0.21887780343808105	0.10686819357440773	0.969882379620434	-0.030698638674848837
0.0	0.0	0.0	1.0
31	35	130
0.8231218786632829	-0.30895456592639775	0.4764635951451686	0.223109560478091
0.3602301011643816	0.9326987564392145	-0.017528406121582546	-0.023103865738787165
-0.4389815781838815	0.1860646707817477	0.8790194772667035	-0.0743918166451366
0.0	0.0	0.0	1.0
32	33	131
0.9970817818778507	-0.04756044442590515	0.05971493052181985	0.030036159443129234
0.05257826477723272	0.9949514942160893	-0.0854810835552471	-0.02406457655224267
-0.055347974170082685	0.08837135037791043	0.9945487248909526	-0.01533672464122525
0.0	0.0	0.0	1.0
32	34	132
0.942602732170608	-0.1656758392970544	0.2899165091970223	0.12472497659147254
0.19623422707078583	0.9773280674009773	-0.07951004833953987	-0.028710231752800727
-0.27017070788628883	0.13183794857648184	0.9537435520608215	-0.03437752010754958
0.0	0.0	0.0	1.0
32	35	133
0.7898347779501056	-0.3122149844879229	0.5279041064355635	0.23540361052684752
0.37740293971708905	0.9258918038048123	-0.017064914779284915	-0.017552828039842795
-0.4834542775891791	0.2127111288058834	0.8491325797693683	-0.08137213622762195
0.0	0.0	0.0	1.0
32	46	134
0.9407622720542721	-0.10987461036387323	0.32077061772649007	0.22166128055975728
0.1417147108286514	0.986862002586001	-0.07759047123316204	-0.28837401589672956
-0.308031161891062	0.11845204525180836	0.9439734485108664	-0.2221249559918196
0.0	0.0	0.0	1.0
33	34	135
0.9650440283881396	-0.14006138871086046	0.22152396087404058	0.09576569426387928
0.1444314881272671	0.989508315800049	-0.0035699825537417822	-0.009291052183549737
-0.21869981481117456	0.03544022146747581	0.9751484674078897	-0.012000180148217361
0.0	0.0	0.0	1.0
33	36	50
0.73570917	-0.39406747	0.55085646	0.28189602
0.42608064	0.90150016	0.07584629	-0.04267071
-0.52648575	0.17890858	0.83114650	-0.15249906
-0.00000000	0.00000000	-0.00000000	1.00000000
33	37	136
0.7677558875254278	-0.32665252235397263	0.5512249746387766	0.33024390780644963
0.37046206240919327	0.9282224486333198	0.034072790491812235	-0.1445892252182013
-0.522789367401372	0.17804842686493283	0.8336606087436585	-0.2648430793126714
0.0	0.0	0.0	1.0
33	38	137
0.8318617948227174	-0.30717865139188033	0.46221977611539145	0.48734961019822726
0.3479514620981629	0.9375071597204498	-0.003170258026206918	-0.1732526510592112
-0.4323605667977243	0.1634673548028854	0.8867596896046224	-0.3125203765365035
0.0	0.0	0.0	1.0
33	39	138
0.8343306976645638	-0.34566038911709696	0.42943113490981527	0.631542375534694
0.32531601608033345	0.9376156995185216	0.12266326120088918	-0.21964738110504609
-0.4450411790925172	0.03735925237325132	0.8947303849187465	-0.3251323790835127
0.0	0.0	0.0	1.0
33	40	139
0.8179321151743724	-0.38867799586033014	0.4241654943138557	0.6880288855354413
0.37595961303530856	0.9191813017354957	0.11730348032352111	-0.2964149230282191
-0.4354783738145584	0.06352281617379218	0.8979551159819004	-0.36716359351159106
0.0	0.0	0.0	1.0
33	41	140
0.8533151802228929	-0.37490350940497813	0.36235401324982885	0.6921046884557474
0.3931336817264202	0.9191367253998781	0.025170417222383657	-0.39002777064479166
-0.34248944297908207	0.12097538202475223	0.9317006878447823	-0.4040093545546774
0.0	0.0	0.0	1.0
33	46	141
0.9623974598697977	-0.08727608175700756	0.25724296842972233	0.19459955962952244
0.08973225831472577	0.9959634898419885	0.002199199933021342	-0.26706806014631773
-0.2563965675276725	0.020966418464592483	0.9663441919357122	-0.199098685046354
0.0	0.0	0.0	1.0
33	47	142
0.8219895336444311	-0.2446816045217837	0.5142606332110577	0.3106423623507793
0.19921560822194426	0.9694879274326029	0.14285107761021068	-0.1421086944112495
-0.5335224669364422	-0.0149732231558866	0.8456532997240386	-0.21881581480146367
0.0	0.0	0.0	1.0
33	48	143
0.7505675864488279	-0.33508262816367784	0.5695330267706729	0.32534564530611415
0.1870773453040053	0.9343836443871864	0.3031984115827657	0.0030953772404161755
-0.6337589073201393	-0.12102419630027599	0.7640044885838421	-0.1851202020201181
0.0	0.0	0.0	1.0
34	48	144
0.8974280885280621	-0.225194693883626	0.37935480927872145	0.2418628517554236
0.11683251523852275	0.9505179240067314	0.28786441432877463	0.004192566769556142
-0.42540911162013434	-0.21401668581313685	0.8793314995680634	-0.13581690689085688
0.0	0.0	0.0	1.0
35	48	146
0.9896039780192778	-0.04216107123830717	0.1375005351619311	0.12471098018431741
-4.600230696965456e-05	0.955972771225353	0.2934555363237058	0.02224880357427029
-0.14381911346434104	-0.290411199997256	0.9460324307318396	-0.10722213549127876
0.0	0.0	0.0	1.0
36	44	147
0.7158018862844163	0.38707173807969414	-0.5812083738878266	-0.07415795760675095
-0.336124324424695	0.9205339220984006	0.19909233941415488	-0.27055185575066903
0.6120850054610993	0.05284757621697961	0.789024101241482	-0.2888315421522805
0.0	0.0	0.0	1.0
37	44	148
0.7452460945185748	0.3330796168791785	-0.5776385091025245	-0.15119596657867898
-0.26754457507616614	0.9428755549445872	0.19850833708727392	-0.15768702250785832
0.6107603171073351	0.00660647690795842	0.7917879860209522	-0.22991277183947384
0.0	0.0	0.0	1.0
38	44	149
0.8137594221698201	0.31249226717623946	-0.49004514016786016	-0.29585346149856495
-0.2500019482929567	0.9493709222461334	0.19024694976712792	-0.08916976418029393
0.5246853306608343	-0.03230301649741911	0.8506831779910036	-0.23431363926360654
0.0	0.0	0.0	1.0
40	44	150
0.8051492527288768	0.33395465327902174	-0.49011117106596486	-0.43518692529449254
-0.33379983436529187	0.9382466007810155	0.0909449808658377	0.10622071424532525
0.49021670137283346	0.09037481402256241	0.8669025793179134	-0.23106743267034352
0.0	0.0	0.0	1.0
40	48	151
0.9857289539876865	0.0409896406831767	0.16327385147011508	-0.2807661931257474
-0.08155145929396057	0.9647677349694935	0.2501451460241698	0.43702088150703644
-0.1472679109868339	-0.25989051390276285	0.9543422620750203	0.189568682360479
0.0	0.0	0.0	1.0
41	44	152
