0	3	1
0.9994293951013695	0.030208298256969544	0.015100734081933274	-0.013122344030636925
-0.033500765654588066	0.8301739199838166	0.5564967287605984	0.16466092092716275
0.0042745817017778385	-0.5566852164849189	0.8307124695059488	0.07745841125616491
0.0	0.0	0.0	1.0
1	4	2
0.9999417782940047	0.005603096785864013	-0.009228743424831277	-0.0032731618793392274
0.0026047331489693543	0.7043441853524334	0.7098537123332742	0.24520957572721797
0.010477617485635147	-0.7098365150972601	0.7042885211931281	0.040336430029514286
0.0	0.0	0.0	1.0
7	17	3
0.44352270659296256	-0.3028387466853009	-0.8435497383661837	0.22715457029419756
-0.3663332911328909	0.7977224128267681	-0.47899764254730515	-0.2604044210064052
0.8179777596040982	0.5214667822414879	0.24286808562042564	-0.17577597916032073
0.0	0.0	0.0	1.0
7	18	4
0.6286168394804988	-0.2766998890460965	-0.7268273591894966	0.26434800364287026
-0.11503403926379378	0.8912065919034885	-0.4387686397055979	-0.20206153889257827
0.76916073736772	0.35942727603747765	0.5283975807278256	-0.14563709158658739
0.0	0.0	0.0	1.0
8	17	5
0.671906207649912	-0.14528495809267977	-0.726246723415425	0.20573912512912412
-0.30880857422631447	0.8363147894333076	-0.45300626643471065	-0.25464485411613824
0.6731859995379765	0.5286490279105952	0.5170598601716422	-0.11686390637381742
0.0	0.0	0.0	1.0
9	12	6
0.8942643912206186	-0.018988198539118737	-0.44713580611350884	0.2003058807426729
-0.29660348857253865	0.723026410142949	-0.6239061878113008	-0.19202159653714349
0.33513798340425516	0.6905593060204687	0.6409448415274315	-0.24253269346430129
0.0	0.0	0.0	1.0
9	16	7
0.5073565317693834	0.047044446623081375	-0.86045097056484	0.049304502575425305
-0.5175272475718876	0.8150190664248679	-0.26059443497307644	-0.255135809240495
0.6890245326511986	0.5775212367498904	0.43785213101775156	-0.09763439897795488
0.0	0.0	0.0	1.0
9	17	8
0.7820106689950457	0.037268417284632156	-0.6221495987985733	0.18419621531004732
-0.2780956647575637	0.9142001903009941	-0.2947892071533127	-0.20951720305349644
0.5577831270359497	0.40354553065933624	0.7252785861772506	-0.04385090401338717
0.0	0.0	0.0	1.0
10	13	9
0.76335092243699	0.20187930626411	-0.6136285820984287	0.13212533563042583
-0.5163503879141436	0.7614882431253794	-0.3918133502469727	-0.20839914798228518
0.3881719690594095	0.6159384925523023	0.685523263456305	-0.14392822599187172
0.0	0.0	0.0	1.0
10	14	10
0.5472715941178744	0.2540618870204555	-0.7974623628881203	0.018206525161348377
-0.6843419712882146	0.684375386879431	-0.25160718770037854	-0.2202082148400678
0.4818398762873562	0.6834344870565039	0.5484044415781045	-0.145671310599297
0.0	0.0	0.0	1.0
10	15	11
0.372494343854855	0.2660282026088886	-0.889087665368511	-0.056095814117356375
-0.7166712388959191	0.6911196978992213	-0.09346510074148609	-0.19842123689487137
0.5896016452168964	0.6719990120623043	0.44809292816045443	-0.13065681299605345
0.0	0.0	0.0	1.0
10	16	12
0.552386026646822	0.27271806462871	-0.7877146970510216	0.00751890524947738
-0.5462515445709333	0.8322242030053376	-0.09493182059183093	-0.18466723811437474
0.6296656100504394	0.4827294677562843	0.60868172341799	-0.029255165232086332
0.0	0.0	0.0	1.0
10	17	13
0.8130648943748741	0.21706643486595414	-0.5401921407573079	0.14991006644195695
-0.31113746692655736	0.9462760905977553	-0.08806171577206943	-0.13378302016477503
0.4920556858540211	0.23967396966262733	0.8369214581029064	0.023054758954720894
0.0	0.0	0.0	1.0
11	13	14
0.8125709125219305	0.3555187878246222	-0.46188186509823714	0.0536972548793725
-0.47138749002710556	0.8669174615803572	-0.16201177261392216	-0.12650015734148715
0.3428152956937522	0.3493714109034689	0.87201908753212	-0.053037640593832425
0.0	0.0	0.0	1.0
11	14	15
0.6125482057067854	0.4722398221845604	-0.6338565360345294	-0.054823949598305374
-0.6511492457463245	0.756077782189317	-0.06596173025919248	-0.12399558604779339
0.4480951852242011	0.4531399616155702	0.7706327467542546	-0.0648679252077507
0.0	0.0	0.0	1.0
11	15	16
0.4457638331380807	0.5198412496851087	-0.7287383589618888	-0.12338955352684179
-0.6957433590517187	0.7134385356872012	0.08334616476313478	-0.08696565306928258
0.5632368369693156	0.4698623558952792	0.6797012829143324	-0.06609119385965496
0.0	0.0	0.0	1.0
11	16	17
0.6171797406279244	0.48659856548776603	-0.6183129584048953	-0.06317738700431612
-0.5234706045919164	0.8406226274376367	0.13904010760714863	-0.07025812429059555
0.5874246207674978	0.23785597912924958	0.7735353786630174	0.025809371289037382
0.0	0.0	0.0	1.0
11	17	18
0.8565748093014165	0.3445061386574627	-0.3841810369302715	0.07546756966319396
-0.28781093916867867	0.9369024526045316	0.19844033959912935	-0.02286700736573347
0.42830415098817265	-0.05940743119149248	0.9016797658291947	0.08028643439776408
0.0	0.0	0.0	1.0
12	13	19
0.9568902361582914	0.21864802917419157	-0.19119142387278995	-0.024363643502231518
-0.23146309404624293	0.9716978111181177	-0.04720419361159381	-0.030992574030111495
0.17545916007204984	0.08942292726267968	0.9804170591376651	-0.012875547863859192
0.0	0.0	0.0	1.0
12	14	20
0.8341961328453079	0.41067252151896283	-0.36805558067203675	-0.11544584821757796
-0.44807525371722917	0.8938094078919202	-0.018257544791482217	-0.013783324248729203
0.3214736654347917	0.1801469137177156	0.9296244887888006	-0.03314351735250348
0.0	0.0	0.0	1.0
12	15	21
0.7097042643524197	0.5147287320673056	-0.48101382206668114	-0.17020745491853984
-0.5364063318137083	0.8374397044210476	0.10470451910154718	0.03282560443298335
0.45671445244379283	0.18370974214443392	0.8704382810445226	-0.049169732027069944
0.0	0.0	0.0	1.0
12	16	22
0.8375562927111813	0.42037156662067293	-0.3489803277461008	-0.12238168003881926
-0.3617608304726179	0.9053673480125647	0.22234929732951786	0.0451040746251262
0.40942464305688664	-0.059982659140657896	0.9103700643630547	0.029631978046487657
0.0	0.0	0.0	1.0
12	17	23
0.9768022411777477	0.18316210353735907	-0.11094616400550766	-0.003200010679921647
-0.13423921624581134	0.9273960292559029	0.3491653873828402	0.0801357974267997
0.16684486852577785	-0.3261722692610431	0.9304700892135724	0.08576639326108958
0.0	0.0	0.0	1.0
12	18	24
0.9991551549054843	0.02024258517299482	0.035767079611593616	0.05513527201350921
-0.037176003037519126	0.816189302331224	0.5765874069257643	0.18369346851620535
-0.017521133437356628	-0.5774300992799978	0.8162522986379985	0.06616093054989985
0.0	0.0	0.0	1.0
13	14	25
0.9583958774608284	0.22333765099478775	-0.17775704011256047	-0.08746275206732923
-0.22983854559039918	0.9730873435343661	-0.016591816785482914	0.010561825220700927
0.1692675668852079	0.056756936822844765	0.9839344923273099	-0.014591804938535846
0.0	0.0	0.0	1.0
13	15	26
0.8836191461680826	0.3585962127593637	-0.3010414512306302	-0.1414415411371719
-0.35019609705268145	0.9329541013339895	0.08342304322345223	0.05428232343501338
0.31077305068147076	0.03170950425902181	0.9499551604121962	-0.028384218753974455
0.0	0.0	0.0	1.0
13	16	27
0.9600848339070531	0.2310840076458736	-0.1575984481657062	-0.09385780294787649
-0.19071995348788906	0.9529819246964246	0.2354814402617589	0.07302476437771432
0.20460443787429516	-0.1960249542004811	0.9590158285364215	0.040889428016485985
0.0	0.0	0.0	1.0
13	17	28
0.9959524756665924	-0.0428783972310662	0.07899430863666101	0.020753205559052468
0.007563635276411648	0.9157380337104974	0.40170472489347164	0.11387333374205423
-0.08956253895760152	-0.39948132955115684	0.9123559178244135	0.08295045939487954
0.0	0.0	0.0	1.0
13	19	29
0.7727132075660549	-0.5273849051778862	0.35324143114572465	0.059454560139428736
0.28179161602843517	0.7836671705251133	0.5535876071324769	0.18035552757596607
-0.5687775506316658	-0.3282240406773946	0.7541627020522534	0.010196964856083568
0.0	0.0	0.0	1.0
13	22	30
-0.029615373763217944	-0.7886458232428846	0.6141341747523444	-0.08302604654810902
0.801988925837771	0.34796906820979007	0.48552174639653384	-0.01260994578325203
-0.5966044197634489	0.5069078039192298	0.6221799993752848	-0.12779426191692567
0.0	0.0	0.0	1.0
14	15	31
0.9804572852340068	0.15085047735762955	-0.12628420259403034	-0.059124013601121864
-0.14209180138620708	0.9869502333426371	0.07575760705011704	0.0325360245445592
0.13606431498615285	-0.056332979526032216	0.9890972330199196	-0.0014559661881451056
0.0	0.0	0.0	1.0
14	16	32
0.9997654097391823	0.00681522682210237	0.020560280210713672	-0.006187537807830802
-0.011806999336342458	0.9672623629020277	0.25350397293817895	0.06547510967931333
-0.01815952516253021	-0.25368718177241373	0.9671159221200882	0.056092506923425274
0.0	0.0	0.0	1.0
14	17	33
0.9308986640611978	-0.2719433795641292	0.24387402509652117	0.10860293440201813
0.1403618633677344	0.8826896450404734	0.4485059346741121	0.12337145361784854
-0.33723330002081714	-0.38328290886936556	0.8598651347034109	0.07005025129388578
0.0	0.0	0.0	1.0
14	19	34
0.5599891549038621	-0.6966517719380716	0.4484289662512569	0.12233404278100247
0.3466862007412763	0.6886249857917932	0.6368707109149945	0.21269759196900134
-0.752476630908267	-0.2011765403605729	0.6271421562114102	-0.04434078024546371
0.0	0.0	0.0	1.0
14	20	35
0.26995075617320813	-0.8111144190497034	0.5188643448884873	-0.01670983363017171
0.626147239055525	0.5572505380887769	0.5453545059446557	0.1512131049035908
-0.7314823354632105	0.1776666526948397	0.6583072656398323	-0.09615144096195283
0.0	0.0	0.0	1.0
14	21	36
0.02554438124059342	-0.8331829108500737	0.5524073040406051	-0.10292248726494198
0.7596924576995528	0.3753571514646341	0.5310126880705391	0.08282246063972609
-0.6497807555929084	0.4060953311651597	0.6425510911066905	-0.13928602853864033
0.0	0.0	0.0	1.0
15	16	37
0.978658859786305	-0.13377458257690658	0.15598453927477288	0.05625430324625132
0.1023221874577779	0.9755222591453527	0.19464458132611925	0.04006858784406284
-0.1782049630240949	-0.17453007176274843	0.9683915787903461	0.05264477436004112
0.0	0.0	0.0	1.0
15	17	38
0.8408860851853358	-0.38219236552206004	0.383196535414541	0.17131243612385766
0.21413373973935865	0.885204100031407	0.4129894263570508	0.10783217607392843
-0.49704864618718536	-0.2652218766011882	0.8261961414883564	0.05049491950992895
0.0	0.0	0.0	1.0
15	19	39
0.38732564571933725	-0.733158636265276	0.558978836437197	0.16990221119690022
0.36336367747552006	0.6786249837956086	0.638306101001023	0.2130307039496369
-0.847316892971413	-0.04411978551225309	0.5292521401700193	-0.09223150010454759
0.0	0.0	0.0	1.0
15	20	40
0.07679377855798653	-0.7995794858569785	0.5956304343042157	0.014712878327917723
0.6291024254192303	0.5023227933073507	0.5932130954502243	0.1729282767375771
-0.7735198656568056	0.3291574466006407	0.5415926036735172	-0.15180597426270848
0.0	0.0	0.0	1.0
15	21	41
-0.17040120697826872	-0.7840907178875021	0.5967958864786065	-0.08661718106968681
0.7344102391230559	0.3027409014444814	0.6074450045836455	0.11727817559423359
-0.6569666274322647	0.5418024019221194	0.5242567804822168	-0.19499332845538062
0.0	0.0	0.0	1.0
16	17	42
0.9338410096131126	-0.21220866761566784	0.2879383186957097	0.11212430339514795
0.15556607611771645	0.9658330976227103	0.20728117543122554	0.04946907088180476
-0.3220872410303619	-0.14877424055677402	0.9349470720129632	0.025354806385097843
0.0	0.0	0.0	1.0
16	18	43
0.8328760925528161	-0.335175474844259	0.4404258206324072	0.1591311229529762
0.1107480513115791	0.8806036314334716	0.4607298898697056	0.14387583681984287
-0.5422660086628477	-0.3349546739392139	0.7705537484777586	-0.00792770497457609
0.0	0.0	0.0	1.0
16	19	44
0.5643297591390463	-0.5667782647262555	0.6002452414211664	0.12926645026174483
0.3643922453094328	0.8234368094996399	0.4349366936809603	0.13664096418211066
-0.7407769000971443	-0.02672302627508668	0.6712195666861244	-0.08482505195463072
0.0	0.0	0.0	1.0
16	20	45
0.2750274987076204	-0.6562135394541208	0.7026690660899582	-0.011456905423753128
0.6410107640499421	0.6698639614589068	0.37468307694221803	0.09030304477685679
-0.7165648652770644	0.3473702848817001	0.6048709150383165	-0.15725803092334042
0.0	0.0	0.0	1.0
16	21	46
0.031217722518510606	-0.6661705844556572	0.7451457806137317	-0.10090881911137034
0.7729901315985825	0.48871288358630266	0.40453179169246967	0.032915631031746606
-0.633649614823424	0.5633618187973424	0.5301997762088291	-0.2098331499966443
0.0	0.0	0.0	1.0
17	18	47
0.9757164404138504	-0.10286435223162821	0.193381549082938	0.04991505394819584
0.04921111892268277	0.963245539329838	0.2640763983283289	0.08401161498032492
-0.2134379879727276	-0.2481472432100214	0.9449165654168314	0.004321318174325072
0.0	0.0	0.0	1.0
17	19	48
0.8201031254346446	-0.3352031614932434	0.4637561254836345	0.042136705008047025
0.29077890873507845	0.942143910294554	0.1667705168600395	0.05320216887345535
-0.4928271419008573	-0.0019185434986060351	0.8701252591043961	-0.05153410603923967
0.0	0.0	0.0	1.0
17	20	49
0.5984115032222103	-0.4453578062020281	0.6660032125458941	-0.07340833133020126
0.5643367850019773	0.8243611654006704	0.04418896190299838	-0.014873609105929782
-0.5687071186584326	0.3494069519671248	0.7446389466823923	-0.12965716796701288
0.0	0.0	0.0	1.0
17	21	50
0.3850755872011574	-0.4840985570930354	0.7857260623549889	-0.14005919143481912
0.7346209471543483	0.676118023983272	0.056537673768953065	-0.0843336715855556
-0.5586134200110145	0.5554396304102571	0.6159854637067114	-0.19029430305580772
0.0	0.0	0.0	1.0
18	22	51
0.27027578268066	-0.2237697122900159	0.9364176261840592	-0.1015206054674158
0.7936370103332687	0.6024087387478076	-0.08511164012587608	-0.19797001021387514
-0.5450608728078054	0.7661794748182045	0.34040842408049454	-0.2701919015971199
0.0	0.0	0.0	1.0
20	24	52
0.38367918353710806	-0.5462391700767196	0.7445890998878071	0.04795014484675065
0.6493978684361746	0.7328527246615489	0.20300091905459008	0.03358111765359535
-0.6565612194055183	0.40564739277861595	0.6359069389328912	-0.18732377218101676
0.0	0.0	0.0	1.0
20	25	53
0.21067294112161555	-0.5909114191119036	0.7787429247914512	-0.021018852449242446
0.6663529451472233	0.6696762712508514	0.3278831677477759	0.08160002510767393
-0.7152555811905965	0.4498416417266762	0.5348382482206426	-0.19504922792755913
0.0	0.0	0.0	1.0
22	29	54
0.4370006335298919	-0.7034255787633186	0.5605559386862247	-0.2551044298215738
0.5327864275790942	0.7045519119040269	0.4687699313264147	0.16524256050034786
-0.7246856032144063	0.09380385446378184	0.6826652187104753	0.023058702007636298
0.0	0.0	0.0	1.0
22	30	55
0.48302612601851125	-0.6855927901575039	0.5446542005040982	-0.26824626800082024
0.509093733201294	0.7259833292502227	0.46235450087075847	0.17731849022887078
-0.7123969803587125	0.05395072247656126	0.6996999141038074	0.020168301337116515
0.0	0.0	0.0	1.0
22	31	56
0.5347035816408581	-0.6640450314550448	0.5226242038402591	-0.2799423964626262
0.47764203723069093	0.7476866511470456	0.46132698127040234	0.19144966525015122
-0.6971013023827588	0.002954072478932187	0.7169665298864605	0.0049232471006486304
0.0	0.0	0.0	1.0
22	35	57
-0.039586864346267917	-0.7761836905687616	0.6292627896798232	-0.0641206287155174
0.650331534191651	0.4581056206901713	0.6059767910516605	0.054531022177797865
-0.7586183361428569	0.4332182937331223	0.48664179941244234	0.08844737994433328
0.0	0.0	0.0	1.0
23	35	58
0.2697026673649236	-0.6950444380921125	0.6664635417366266	-0.022299395263858
0.6250249787863713	0.652859243309145	0.42792327601003355	0.0007800501732822109
-0.7325327872462987	0.3011444555458999	0.6104980861988961	0.12084651261976778
0.0	0.0	0.0	1.0
23	36	59
0.11314003889654319	-0.717411292267518	0.6874011553537375	0.0731221859599275
0.6633709032082071	0.5695980525648836	0.48528020794600096	-0.06560381710013052
-0.739687954906305	0.40109744198944514	0.5403541921967407	0.04635238209504149
0.0	0.0	0.0	1.0
23	37	60
0.16554956588038142	-0.6748088674973782	0.7191844383398509	0.1194483979998119
0.65359048704937	0.6211722738999831	0.43239377271832324	-0.15204379676516735
-0.7385206700072081	0.3984696075375089	0.5438834587844636	-0.06694405001530235
0.0	0.0	0.0	1.0
24	34	61
0.7590993150387549	-0.4893352429827389	0.4293240850276415	-0.1477415895497105
0.42865910182922284	0.8720822015360994	0.2360588706059182	-0.009135787151062617
-0.4899180393988552	0.0048414785178207895	0.8717551256626873	0.12651799084419763
0.0	0.0	0.0	1.0
24	35	62
0.5162842859701529	-0.6308508226827074	0.579204279016109	0.013049510197555781
0.5681886637742258	0.7583423084478798	0.3194970021289156	-0.05153136496701708
-0.6407903261466339	0.16414605012638292	0.7499626416721162	0.1420393153600007
0.0	0.0	0.0	1.0
24	36	63
0.3735427403330904	-0.6814922321122455	0.6293123287852587	0.11599410142741765
0.6314478079256126	0.6837832126028851	0.36566921924639234	-0.11423150321345982
-0.6795140895407847	0.2607848429015435	0.6857491423061833	0.061600712667034534
0.0	0.0	0.0	1.0
24	37	64
0.422578825687029	-0.6298559166339169	0.6516965996560651	0.1585115106268308
0.602326739686658	0.7324580122704464	0.31734470751079136	-0.20373876719300235
-0.6772219863282518	0.25843113454783706	0.6889003497214791	-0.05155353591535005
0.0	0.0	0.0	1.0
24	38	65
0.5139203382321832	-0.6244743248471859	0.5881474711073115	0.2921535861091978
0.5964074114468179	0.7529039459923527	0.2782691046677208	-0.2290888293410629
-0.6165906592322351	0.2077673873192214	0.7593738428799689	-0.1194816379945451
0.0	0.0	0.0	1.0
24	40	66
0.4887114801847018	-0.6915003615386598	0.5319662488206766	0.4902482574370433
0.5786725135096732	0.7132370866787315	0.3955134117453524	-0.3506241821938863
-0.6529159808713969	0.11454227344062101	0.7487194034686886	-0.1763041853002873
0.0	0.0	0.0	1.0
24	41	67
0.5439829741167912	-0.6843562296524003	0.48552940339984907	0.48046271933357054
0.6228075414393832	0.7170694815495084	0.3129248909822615	-0.45626946172124855
-0.5623106735825603	0.13216560869719043	0.8162960044006617	-0.23282860327085683
0.0	0.0	0.0	1.0
24	46	68
0.761461265384068	-0.443053526163795	0.4731597269686562	-0.04324018211501554
0.37948588867524274	0.8964788400296717	0.22872692336768619	-0.2516819760172035
-0.5255161558827561	0.005390625810426637	0.8507664671671139	-0.05186203540511
0.0	0.0	0.0	1.0
24	47	69
0.5076076587032394	-0.5683780681595949	0.6475187770554179	0.12473527254792503
0.4264842274417725	0.8187655206455668	0.3843620778317509	-0.14539048348102115
-0.7486291256781876	0.08105144568240796	0.6580159965331549	-0.009266555128126457
0.0	0.0	0.0	1.0
25	34	70
0.8644538886001422	-0.3644404034523613	0.3462696644798859	-0.09274990266056014
0.32874682017470647	0.9309257324532866	0.15906812748952956	-0.04154303514852052
-0.3803222696631877	-0.02367210299948982	0.9245510927421331	0.11415916835919059
0.0	0.0	0.0	1.0
25	35	71
0.66277166866586	-0.5306941178808201	0.5282967266494283	0.06840123912941419
0.4914591951057518	0.8405721201284846	0.2278292770682207	-0.07249291805477454
-0.5649792878482908	0.10863750506073856	0.8179219976837016	0.11513472943157378
0.0	0.0	0.0	1.0
25	36	72
0.5352603722805713	-0.597822456214173	0.5967450418865938	0.16956266266793982
0.5693830841723676	0.7772001284548711	0.2678856298790081	-0.12869072091859038
-0.6239383906110358	0.19638801020448196	0.7563944839370076	0.02771267137184885
0.0	0.0	0.0	1.0
25	37	73
0.5789744074237908	-0.5391736051818959	0.6116211295775467	0.21100690309202072
0.5283562207309069	0.8194277612223375	0.22221117839419072	-0.22212434966144903
-0.6209897580936741	0.19449924614593603	0.7593034232423004	-0.08521753160762377
0.0	0.0	0.0	1.0
25	38	74
0.6606139158148646	-0.5243162911452406	0.537290952208887	0.3471193811632222
0.515130990257544	0.8372105943251893	0.18362566586111365	-0.24900699373797683
-0.5461036753224362	0.15546957145312426	0.8231645769503961	-0.14792615419037924
0.0	0.0	0.0	1.0
25	40	75
0.6384984571531656	-0.5964506459658434	0.48638075753081006	0.5477699028582348
0.5169091923319278	0.8005623653104815	0.30315792291799576	-0.36834490616145016
-0.5701969926814046	0.057848770333653515	0.8194686252112794	-0.20088673155618744
0.0	0.0	0.0	1.0
25	41	76
0.6864266141034685	-0.5839518063075674	0.43338049562335	0.5392231020900049
0.5501061899928454	0.8067480667973423	0.2157328226463315	-0.4731336147449177
-0.47560656715375577	0.09032057336373661	0.8750090147055908	-0.25496191748454916
0.0	0.0	0.0	1.0
25	46	77
0.8655196692589737	-0.3164323213265758	0.38826047440514655	0.009502720669467541
0.276157538175334	0.9481779560798758	0.15714807583002516	-0.2871420496997929
-0.4178668164324972	-0.028793837271663566	0.9080518145167715	-0.06556707616499849
0.0	0.0	0.0	1.0
25	47	78
0.6536132502675686	-0.4670909446297202	0.5954961304979459	0.17669661408614665
0.35135305976751957	0.8841731640007641	0.3078780656848077	-0.17415774869287948
-0.6703287222087503	0.007996245518306891	0.742021136229947	-0.035715058817058616
0.0	0.0	0.0	1.0
26	37	79
0.7149736826123951	-0.4182882693350136	0.5602208600708405	0.28718363665694324
0.4155162558870137	0.8986418297344297	0.14067344366352016	-0.16012917519324857
-0.5622800081622438	0.132203173271494	0.8163108566304552	-0.16170021643627164
0.0	0.0	0.0	1.0
26	38	80
0.7852716474945344	-0.39461404334445516	0.4771037717093567	0.43320139581482514
0.39581301783045325	0.9125067694331132	0.10326324078775219	-0.1888364865400885
-0.47610964179797605	0.10775431817592378	0.8727591403039868	-0.21474898399900139
0.0	0.0	0.0	1.0
26	39	81
0.7877135635107579	-0.4300760876864201	0.44106885957709757	0.5744485572774188
0.36564476823330627	0.9026205223936176	0.22711228929762012	-0.22536353620583416
-0.49579338106017173	-0.017624719687170085	0.8682614981049728	-0.22796369719772944
0.0	0.0	0.0	1.0
26	40	82
0.7694475007134773	-0.4714361419398304	0.43092727982962953	0.6313562874862362
0.41549194573922926	0.8818677880735045	0.2228801538259207	-0.3074904239657271
-0.48509479221038543	0.007552287894619466	0.8744288817759117	-0.2702116259113957
0.0	0.0	0.0	1.0
26	47	83
0.7755350977642966	-0.3365763982942822	0.5340987197963489	0.26174700436076404
0.240383667503446	0.9397310784878814	0.2431485709584643	-0.13431058346775424
-0.5837472452514388	-0.060181484389856224	0.8097019080935524	-0.1174128565684268
0.0	0.0	0.0	1.0
27	28	84
0.998038042270027	-0.0026859675871188896	0.06255331134146333	-0.009130297707686976
-0.0029827566451377367	0.9959054177238724	0.09035330993960496	0.030910038899587877
-0.06253987997247486	-0.09036271982554246	0.9939434815692025	0.033043475485853915
0.0	0.0	0.0	1.0
27	29	85
0.9997887666562548	0.010001589763969396	0.017957240357452352	-0.02875002170759808
-0.012531545228688882	0.9890838378783019	0.14682001099298325	0.05276169927316004
-0.016292751202829137	-0.1470140710952712	0.9890003215744549	0.055821324188458456
0.0	0.0	0.0	1.0
27	30	86
0.9987660773411492	0.04554980647691833	-0.019785282150150584	-0.04692284223985429
-0.04178523607669475	0.9860924894761647	0.16085854782182626	0.05881224306282047
0.02683720651119159	-0.1598334522828968	0.9867791983898331	0.06414388956259738
0.0	0.0	0.0	1.0
27	31	87
0.9942602997858817	0.08495404613574997	-0.06503116599281303	-0.06502979714341726
-0.07173473707065142	0.9803232343838755	0.1839028997779822	0.06725578626346645
0.07937483135908292	-0.17818254614284001	0.9807908179150433	0.06280320368690441
0.0	0.0	0.0	1.0
27	32	88
0.9869008659723284	0.11232743165373939	-0.11579812283473624	-0.08235747251053334
-0.08669836285325631	0.9745993052623183	0.20649330615858702	0.06988911281420417
0.13605168568310694	-0.19374902683139203	0.9715715143238279	0.05719259492516736
0.0	0.0	0.0	1.0
27	33	89
0.9962686036067253	0.054077549935711906	-0.06726378659121911	-0.05198968143228608
-0.04600097613867254	0.9921468932272649	0.11631137334918248	0.03625260269010581
0.07302541547623355	-0.11278328668638242	0.9909324945319695	0.05227861225213572
0.0	0.0	0.0	1.0
27	34	90
0.9840629064620664	-0.11175845542241607	0.13831204309673156	0.05209673803778249
0.09811350911002772	0.9899507367208775	0.10183845063928049	0.01888561885750252
-0.14830342190957932	-0.08664529369359032	0.9851389818492063	0.05163416243710705
0.0	0.0	0.0	1.0
27	37	91
0.8201708536561155	-0.34473789221562956	0.45659116751149725	0.3073037963984555
0.3288687625768123	0.9371238580163297	0.116807981945764	-0.12841767198479323
-0.46815062215747477	0.054356042001458084	0.88197523610776	-0.18762608805216582
0.0	0.0	0.0	1.0
27	38	92
0.8766420977269583	-0.3119119624167963	0.3663460507207502	0.4571295633367171
0.30329536337378943	0.9493187305816183	0.082496700686884	-0.15752119883721008
-0.373510921264967	0.03879095577591964	0.9268143127007257	-0.2377574053646713
0.0	0.0	0.0	1.0
27	39	93
0.8784775814655793	-0.34625997600899455	0.32921278918104335	0.5980847633925105
0.28992843126332535	0.9340104306689748	0.20872439401364395	-0.19615678264532974
-0.3797610580210716	-0.08791150391971729	0.920897873106698	-0.2538651969617856
0.0	0.0	0.0	1.0
27	40	94
0.8637345148960166	-0.38923267980393234	0.3200944886444987	0.6535890498839481
0.34083965695039653	0.9190639755265549	0.19786260275788872	-0.2765057658456807
-0.37120199750864175	-0.06179996806729517	0.9264932534472236	-0.2952764968415776
0.0	0.0	0.0	1.0
27	41	95
0.8938381027945752	-0.36668163440505996	0.2580656140234419	0.6530932410577341
0.3512236377264286	0.9303395504799336	0.10540457908405106	-0.3758296925120508
-0.2787386349393448	-0.003575906305413777	0.9603604363902133	-0.33310974606556104
0.0	0.0	0.0	1.0
27	47	96
0.8677320539177678	-0.256308918130824	0.42584819008093877	0.28592187560180454
0.1643066240970959	0.9565363131856215	0.24091825081092377	-0.10985133367679613
-0.4690887166852758	-0.13908278322335257	0.8721305190136415	-0.14741138906251883
0.0	0.0	0.0	1.0
27	48	97
0.8047714351538502	-0.35609613900634635	0.47490884431185465	0.3039506544773947
0.16553791582021918	0.9029668009672395	0.3965450726109482	0.043093916869562855
-0.5700351252484058	-0.2405128465880869	0.7856294071181082	-0.11661762601046718
0.0	0.0	0.0	1.0
28	29	98
0.9989235785720447	0.008600976196055375	-0.04558193173699525	-0.018389220538360892
-0.005979551474145687	0.9983367928308771	0.05733828847219051	0.019953815963684056
0.045999344896767894	-0.05700395137977759	0.9973136544478727	0.025048593457043994
0.0	0.0	0.0	1.0
28	30	99
0.9954464935676787	0.04059651553786834	-0.08624412527117138	-0.0362391485632928
-0.03428965411526534	0.996713380273675	0.07339162398600825	0.025265601091221807
0.08894017477334058	-0.07010017310975714	0.993567035678095	0.034291826126303764
0.0	0.0	0.0	1.0
28	31	100
0.9880134368333726	0.07576472335796057	-0.13449484213891197	-0.05390664630602189
-0.06272339666089811	0.9931392173627153	0.09869076284225889	0.03272404075330203
0.14104941205117866	-0.08907190991001131	0.98598730228028	0.03426379096141135
0.0	0.0	0.0	1.0
28	32	101
0.9774192761396212	0.09846100529228358	-0.18696758548181677	-0.07029870836848476
-0.07622918417789823	0.9895244796354284	0.12259739543345712	0.034555828642567975
0.19708017850367918	-0.10557669908734629	0.9746859039149951	0.03004836152367582
0.0	0.0	0.0	1.0
28	33	102
0.9899610765393525	0.04480694532981712	-0.13404945886500164	-0.039906560912757974
-0.04129995840718912	0.9987305790193305	0.028830823366617072	0.004052049554398772
0.13517118743899129	-0.023005174135811865	0.9905549973870034	0.02149247347989041
0.0	0.0	0.0	1.0
28	34	103
0.9910842116167408	-0.10173911411975727	0.08602995154000675	0.06144765472084712
0.10163234040561453	0.9948058750461587	0.005631112586909425	-0.011122005886723305
-0.08615600751313868	0.0031625019599114974	0.9962765501796791	0.017829337121504467
0.0	0.0	0.0	1.0
28	35	104
0.8998390660186666	-0.2869108168001424	0.32859044588517045	0.18495301879234038
0.2949377748593474	0.9551537355760766	0.02631687532013225	-0.012601578993848167
-0.3214051254680147	0.0732328600004485	0.944105665399195	-0.014520461509958869
0.0	0.0	0.0	1.0
28	36	105
0.8190583348872735	-0.37327489931289165	0.43567091331587887	0.2627788470876686
0.3948235594520014	0.9177022884449393	0.04400503615184641	-0.05439106590741354
-0.4162422529781147	0.1359705768331114	0.8990295347804033	-0.11290046360117591
0.0	0.0	0.0	1.0
28	37	106
0.8480489148888726	-0.30451809323928436	0.4336837308755146	0.3101289404218656
0.33301313314855674	0.9428595664808792	0.01085215136209598	-0.15487955992970856
-0.4122076231749839	0.13521930637781773	0.9009995966618999	-0.22534142692649953
0.0	0.0	0.0	1.0
28	38	107
0.8986760594560184	-0.28014897284295515	0.33748727223547365	0.46284234174573297
0.30531086975735205	0.9519806429399834	-0.02275391680957136	-0.18340748423850417
-0.3149069668976439	0.12348702855779703	0.941054840465537	-0.2755452725544073
0.0	0.0	0.0	1.0
28	39	108
0.8982773917724228	-0.31771692864766055	0.3035679045586247	0.6060759225638093
0.29990724277400116	0.9481799977411803	0.10492850308122663	-0.2261939916002681
-0.32117461176069745	-0.0032125363363068094	0.9470142813315379	-0.28799092003138377
0.0	0.0	0.0	1.0
28	40	109
0.8831082958740032	-0.3612935613486336	0.2993099860391476	0.6629293545723753
0.35007928445146724	0.9321614885419466	0.0922991197151063	-0.3051724266043962
-0.31235247012276124	0.02327210948105676	0.9496809830152068	-0.3302284237425189
0.0	0.0	0.0	1.0
28	46	110
0.9911123614809267	-0.049961120581712634	0.12328820791486347	0.16136870019967473
0.04799546080236233	0.9986692283072127	0.01886431526931765	-0.2665659689276139
-0.12406664232250203	-0.012779460141472587	0.992191368757137	-0.16801266804844822
0.0	0.0	0.0	1.0
28	47	111
0.8933562041647414	-0.21937081588194518	0.39216181588785903	0.2879008145012811
0.176485236687111	0.97389716806755	0.14274823952117596	-0.14306004819885307
-0.4132401215473722	-0.058314129259189926	0.9087528097315704	-0.17941022846683793
0.0	0.0	0.0	1.0
28	48	112
0.8338560500168716	-0.31412883288983884	0.45387989897375147	0.3062759307096106
0.1875929738269871	0.9346047503123279	0.30219613469719	0.005932415981254902
-0.5191269619529867	-0.16684342265931498	0.838254275543346	-0.143899087495597
0.0	0.0	0.0	1.0
29	30	113
0.9986553154716454	0.02963162382092622	-0.04253678194207073	-0.017400435571929572
-0.02902533473926746	0.9994690380184721	0.014800508418312569	0.004417895263658725
0.042952744655989875	-0.01354603298727378	0.9989852306309452	0.01032881520414493
0.0	0.0	0.0	1.0
29	31	114
0.9937321056738962	0.06201918225975713	-0.09300452919978645	-0.03454057900185623
-0.05861239681160049	0.9975214471488562	0.03892749678587919	0.010766767551873722
0.09518821316815258	-0.03323241685408047	0.9949043115915207	0.011756389552126222
0.0	0.0	0.0	1.0
29	32	115
0.9857363717777277	0.08173237382903871	-0.1471174201280987	-0.050117580150063686
-0.07322444852690094	0.9953642430513092	0.062354707808220264	0.011786077111160078
0.1515318487394467	-0.05069279819052864	0.9871514865916093	0.00911967388311351
0.0	0.0	0.0	1.0
29	33	116
0.9953910791680441	0.031126778247485557	-0.09070603458567411	-0.019951137049434825
-0.033979573142488756	0.9989697626229955	-0.030078047670665645	-0.015752656523869892
0.08967635230352056	0.03302150315923693	0.995423273164545	-0.0024513065277700216
0.0	0.0	0.0	1.0
29	34	117
0.9852209038230981	-0.10256332658858865	0.13718756232840423	0.07817528441203948
0.10982260162781156	0.9928666880609701	-0.04641692956927226	-0.02775125810220501
-0.1314483307647785	0.060797157185511874	0.9894568995439365	-0.010585535609841996
0.0	0.0	0.0	1.0
29	35	118
0.8814249235866941	-0.2729734967009933	0.3854547944551203	0.19695352614743997
0.3016360096807008	0.9533107008757684	-0.014634489944593335	-0.02571034438137916
-0.36346349097617725	0.12916627946403958	0.9226105747857615	-0.04689173574412366
0.0	0.0	0.0	1.0
29	36	119
0.7951073881044125	-0.3525711210617064	0.4934548589158587	0.27207507940310394
0.4002858923651401	0.9163384739060201	0.009735714110223316	-0.06555844474602393
-0.4556042654741364	0.18978215881448907	0.8697167879083048	-0.14685075198956155
0.0	0.0	0.0	1.0
29	37	120
0.8247487197212667	-0.28421594821546065	0.48888714655684407	0.3187207284826157
0.34026955307057816	0.9399225843971497	-0.02760541506733413	-0.16668585686176246
-0.4516702396875293	0.18912097243677428	0.8719099732335609	-0.2592611304008358
0.0	0.0	0.0	1.0
29	38	121
0.8799157926046103	-0.26570581504654023	0.3938887718504515	0.4744588589559153
0.31420739107501006	0.9472672261194864	-0.06291543101809702	-0.19495513536763473
-0.3564010277798832	0.17912309103014057	0.9170021663716863	-0.30864305652231705
0.0	0.0	0.0	1.0
30	31	122
0.9981898398984261	0.03176631159584019	-0.05106672415287778	-0.016784520806383298
-0.030631275626548514	0.9992693113992049	0.02285804267996813	0.005583005798827939
0.05175548607415302	-0.02125248639558026	0.9984335508051645	0.002438212928334436
0.0	0.0	0.0	1.0
30	32	123
0.9930907775644361	0.05090021532902388	-0.10573518016168935	-0.03197011754471823
-0.04628412020723557	0.9978841087425083	0.04566307561807474	0.006100519702033014
0.10783576668511488	-0.04045373927127097	0.9933452253008189	0.000914704219268934
0.0	0.0	0.0	1.0
30	33	124
0.998833420702695	0.0008761734709556868	-0.048280836900022085	-0.0020761872581742807
-0.003053382890309626	0.9989805595134065	-0.04503905318524872	-0.019753976165771982
0.04819217134536848	0.04513392759763697	0.9978177628746815	-0.012118412788471946
0.0	0.0	0.0	1.0
30	34	125
0.9750216097310636	-0.12907481207339133	0.18075564206187394	0.09384432310592293
0.141069604371126	0.9884649906652639	-0.05510198278934071	-0.0290943792336878
-0.1715583746722544	0.07922475361995197	0.9819832782890073	-0.024063454127595633
0.0	0.0	0.0	1.0
30	35	126
0.855755173708143	-0.2927073063417527	0.42662100455417207	0.2087306787439011
0.3301010831439116	0.9438329479423326	-0.014577051989410587	-0.0239856307875247
-0.3983922691462196	0.15330254036831334	0.904312963261569	-0.06384168442282952
0.0	0.0	0.0	1.0
30	36	127
0.7626011157706576	-0.3681588158835695	0.5318821316350667	0.2814774176783263
0.42648615152397884	0.9043776928546792	0.014506533668500002	-0.062282674947177215
-0.4863630805961015	0.21577780194038496	0.8466940456126597	-0.16501229499758502
0.0	0.0	0.0	1.0
31	32	128
0.9983097179038132	0.01802649791182866	-0.05525337524215702	-0.01517988986187246
-0.016833092847365866	0.999616555516203	0.021988630892563733	0.00018350631473068618
0.055628664594698396	-0.02102134344506614	0.9982301826021246	-0.00046813075673162363
0.0	0.0	0.0	1.0
31	33	129
0.9995188836116856	-0.030823603040196993	0.003471323100086628	0.01486388276983129
0.030986083270580122	0.997314714749672	-0.0663573030773771	-0.024640110207860024
-0.0014165661861976133	0.06643298441149603	0.9977898826452557	-0.014945909101928192
0.0	0.0	0.0	1.0
31	34	130
0.9599259726846429	-0.15471492013744526	0.23367844257209053	0.11025023706357583
0.17502804395822322	0.9821621402626725	-0.06872182732135652	-0.031472475864813
-0.21887780343808097	0.10686819357440773	0.9698823796204338	-0.030698638674848615
0.0	0.0	0.0	1.0
31	35	131
0.8231218786632832	-0.3089545659263979	0.47646359514516884	0.223109560478091
0.3602301011643816	0.9326987564392146	-0.017528406121582435	-0.02310386573878711
-0.43898157818388156	0.18606467078174782	0.8790194772667035	-0.07439181664513674
0.0	0.0	0.0	1.0
32	33	132
0.9970817818778505	-0.04756044442590509	0.05971493052181986	0.030036159443129234
0.052578264777232694	0.9949514942160892	-0.08548108355524699	-0.024064576552241337
-0.05534797417008276	0.08837135037791037	0.9945487248909527	-0.015336724641225916
0.0	0.0	0.0	1.0
32	34	133
0.9426027321706081	-0.16567583929705434	0.2899165091970224	0.12472497659147298
0.19623422707078583	0.9773280674009773	-0.07951004833953987	-0.02871023175280084
-0.2701707078862887	0.13183794857648176	0.9537435520608214	-0.03437752010754936
0.0	0.0	0.0	1.0
32	35	134
0.7898347779501059	-0.31221498448792306	0.5279041064355637	0.23540361052684797
0.37740293971708905	0.9258918038048124	-0.01706491477928486	-0.017552828039842684
-0.4834542775891791	0.2127111288058835	0.8491325797693684	-0.08137213622762209
0.0	0.0	0.0	1.0
32	46	135
0.9407622720542722	-0.10987461036387332	0.32077061772649024	0.22166128055975773
0.14171471082865136	0.986862002586001	-0.07759047123316207	-0.2883740158967298
-0.30803116189106194	0.11845204525180836	0.9439734485108665	-0.22212495599181928
0.0	0.0	0.0	1.0
33	34	136
0.9650440283881397	-0.14006138871086035	0.2215239608740407	0.09576569426387972
0.1444314881272671	0.989508315800049	-0.0035699825537417822	-0.009291052183549848
-0.2186998148111745	0.03544022146747581	0.9751484674078896	-0.012000180148217139
0.0	0.0	0.0	1.0
33	36	137
0.7357091710913901	-0.39406746865001546	0.5508564598687232	0.2818960224591398
0.42608063605334545	0.9015001570355904	0.07584629147636286	-0.04267070674261261
-0.5264857463559165	0.17890857526040396	0.8311465047583761	-0.15249906108178324
0.0	0.0	0.0	1.0
33	37	138
0.767755887525428	-0.3266525223539727	0.5512249746387767	0.3302439078064501
0.3704620624091933	0.9282224486333199	0.03407279049181217	-0.14458922521820122
-0.522789367401372	0.17804842686493294	0.8336606087436587	-0.26484307931267154
0.0	0.0	0.0	1.0
33	38	139
0.831861794822717	-0.3071786513918802	0.46221977611539133	0.48734961019822637
0.34795146209816286	0.9375071597204497	-0.00317025802620691	-0.1732526510592112
-0.4323605667977242	0.16346735480288546	0.8867596896046223	-0.3125203765365035
0.0	0.0	0.0	1.0
33	39	140
0.8343306976645636	-0.34566038911709684	0.4294311349098151	0.6315423755346922
0.32531601608033356	0.9376156995185219	0.1226632612008891	-0.21964738110504609
-0.44504117909251734	0.03735925237325138	0.8947303849187466	-0.32513237908351295
0.0	0.0	0.0	1.0
33	40	141
0.8179321151743724	-0.38867799586033014	0.4241654943138557	0.6880288855354408
0.3759596130353086	0.9191813017354957	0.11730348032352095	-0.2964149230282191
-0.43547837381455834	0.06352281617379224	0.8979551159819004	-0.36716359351159106
0.0	0.0	0.0	1.0
33	41	142
0.853315180222893	-0.37490350940497824	0.36235401324982897	0.6921046884557474
0.39313368172642005	0.919136725399878	0.02517041722238373	-0.39002777064479166
-0.342489442979082	0.12097538202475218	0.9317006878447822	-0.4040093545546774
0.0	0.0	0.0	1.0
33	46	143
0.9623974598697977	-0.08727608175700764	0.25724296842972244	0.19459955962952288
0.08973225831472571	0.9959634898419885	0.0021991999330212863	-0.26706806014631795
-0.2563965675276724	0.020966418464592483	0.9663441919357122	-0.19909868504635367
0.0	0.0	0.0	1.0
33	47	144
0.8219895336444311	-0.2446816045217837	0.5142606332110576	0.31064236235077886
0.19921560822194423	0.9694879274326029	0.14285107761021068	-0.14210869441124957
-0.5335224669364421	-0.0149732231558866	0.8456532997240386	-0.21881581480146356
0.0	0.0	0.0	1.0
33	48	145
0.7505675864488279	-0.33508262816367784	0.5695330267706729	0.32534564530611415
0.18707734530400527	0.9343836443871865	0.3031984115827658	0.0030953772404160645
-0.6337589073201393	-0.12102419630027593	0.7640044885838421	-0.185120202020118
0.0	0.0	0.0	1.0
34	48	146
0.8974280885280621	-0.22519469388362603	0.3793548092787214	0.2418628517554236
0.11683251523852274	0.9505179240067315	0.2878644143287747	0.004192566769556003
-0.42540911162013434	-0.2140166858131368	0.8793314995680634	-0.13581690689085676
0.0	0.0	0.0	1.0
35	48	147
0.9896039780192778	-0.04216107123830718	0.1375005351619311	0.12471098018431741
-4.6002306969647426e-05	0.9559727712253531	0.29345553632370597	0.02224880357427015
-0.14381911346434104	-0.29041119999725595	0.9460324307318396	-0.10722213549127865
0.0	0.0	0.0	1.0
36	44	148
0.7158018862844163	0.387071738079694	-0.5812083738878268	-0.07415795760675184
-0.336124324424695	0.9205339220984007	0.199092339414155	-0.2705518557506695
0.6120850054610993	0.05284757621697964	0.7890241012414823	-0.2888315421522803
0.0	0.0	0.0	1.0
37	44	149
0.7452460945185748	0.33307961687917836	-0.5776385091025246	-0.15119596657867987
-0.26754457507616614	0.9428755549445873	0.19850833708727403	-0.15768702250785877
0.6107603171073351	0.006606476907958456	0.7917879860209525	-0.2299127718394734
0.0	0.0	0.0	1.0
38	44	150
0.8137594221698201	0.31249226717623935	-0.49004514016786027	-0.29585346149856584
-0.2500019482929567	0.9493709222461335	0.19024694976712803	-0.08916976418029426
0.5246853306608343	-0.032303016497419075	0.8506831779910037	-0.2343136392636061
0.0	0.0	0.0	1.0
40	44	151
0.8051492527288768	0.33395465327902163	-0.49011117106596497	-0.43518692529449343
-0.3337998343652919	0.9382466007810156	0.09094498086583781	0.10622071424532492
0.4902167013728334	0.09037481402256245	0.8669025793179136	-0.23106743267034308
0.0	0.0	0.0	1.0
40	48	152
0.9857289539876865	0.040989640683176676	0.16327385147011506	-0.2807661931257474
