0	29	57
929.000000000000	0.000000000000	0.000000000000	0.000000000000	1787.944820000000	-1.508393530000
0.000000000000	929.000000000000	0.000000000000	-1787.944820000000	0.000000000000	-189.847549000000
0.000000000000	0.000000000000	929.000000000000	1.508393530000	189.847549000000	0.000000000000
0.000000000000	-1787.944820000000	1.508393530000	3470.027590000000	2.148357150000	364.205780000000
1787.944820000000	0.000000000000	189.847549000000	2.148357150000	3502.817870000000	-1.467463730000
-1.508393530000	-189.847549000000	0.000000000000	364.205780000000	-1.467463730000	85.526451100000
3	23	57
3146.000000000000	0.000000000000	0.000000000000	0.000000000000	7111.464360000000	1990.522830000000
0.000000000000	3146.000000000000	0.000000000000	-7111.464360000000	0.000000000000	-1857.571170000000
0.000000000000	0.000000000000	3146.000000000000	-1990.522830000000	1857.571170000000	0.000000000000
0.000000000000	-7111.464360000000	-1990.522830000000	17784.365200000000	-1171.311770000000	4242.478030000000
7111.464360000000	0.000000000000	1857.571170000000	-1171.311770000000	17610.798800000000	4628.987790000000
1990.522830000000	-1857.571170000000	0.000000000000	4242.478030000000	4628.987790000000	2901.946290000000
5	7	57
2268.000000000000	0.000000000000	0.000000000000	0.000000000000	3843.085690000000	-1189.395140000000
0.000000000000	2268.000000000000	0.000000000000	-3843.085690000000	0.000000000000	2656.347900000000
0.000000000000	0.000000000000	2268.000000000000	1189.395140000000	-2656.347900000000	0.000000000000
0.000000000000	-3843.085690000000	1189.395140000000	7231.787110000000	-1362.441650000000	-4521.556640000000
3843.085690000000	0.000000000000	-2656.347900000000	-1362.441650000000	9805.818359999999	-1971.577390000000
-1189.395140000000	2656.347900000000	0.000000000000	-4521.556640000000	-1971.577390000000	3887.470210000000
5	34	57
3745.000000000000	0.000000000000	0.000000000000	0.000000000000	7572.045410000000	4757.966310000000
0.000000000000	3745.000000000000	0.000000000000	-7572.045410000000	0.000000000000	3437.210450000000
0.000000000000	0.000000000000	3745.000000000000	-4757.966310000000	-3437.210450000000	0.000000000000
0.000000000000	-7572.045410000000	-4757.966310000000	21471.158200000002	4410.159670000000	-7014.849610000000
7572.045410000000	0.000000000000	-3437.210450000000	4410.159670000000	18808.546900000001	9586.077149999999
4757.966310000000	3437.210450000000	0.000000000000	-7014.849610000000	9586.077149999999	9576.259770000001
6	34	57
5000.000000000000	0.000000000000	0.000000000000	0.000000000000	13378.711900000000	477.381470000000
0.000000000000	5000.000000000000	0.000000000000	-13378.711900000000	0.000000000000	-1420.746830000000
0.000000000000	0.000000000000	5000.000000000000	-477.381470000000	1420.746830000000	0.000000000000
0.000000000000	-13378.711900000000	-477.381470000000	36859.437500000000	-217.067657000000	3502.382810000000
13378.711900000000	0.000000000000	1420.746830000000	-217.067657000000	37069.273399999998	1171.966920000000
477.381470000000	-1420.746830000000	0.000000000000	3502.382810000000	1171.966920000000	1831.749150000000
6	36	57
3959.000000000000	0.000000000000	0.000000000000	0.000000000000	11364.344700000000	-3675.235350000000
0.000000000000	3959.000000000000	0.000000000000	-11364.344700000000	0.000000000000	5025.304200000000
0.000000000000	0.000000000000	3959.000000000000	3675.235350000000	-5025.304200000000	0.000000000000
0.000000000000	-11364.344700000000	3675.235350000000	37451.886700000003	-4812.097660000000	-14385.165999999999
11364.344700000000	0.000000000000	-5025.304200000000	-4812.097660000000	39671.855499999998	-10092.739299999999
-3675.235350000000	5025.304200000000	0.000000000000	-14385.165999999999	-10092.739299999999	10785.748000000000
6	37	57
3969.000000000000	0.000000000000	0.000000000000	0.000000000000	12492.530300000000	-1623.333130000000
0.000000000000	3969.000000000000	0.000000000000	-12492.530300000000	0.000000000000	4899.324220000000
0.000000000000	0.000000000000	3969.000000000000	1623.333130000000	-4899.324220000000	0.000000000000
0.000000000000	-12492.530300000000	1623.333130000000	41123.417999999998	-2170.481450000000	-15522.011699999999
12492.530300000000	0.000000000000	-4899.324220000000	-2170.481450000000	45754.359400000001	-4985.241210000000
-1623.333130000000	4899.324220000000	0.000000000000	-15522.011699999999	-4985.241210000000	7809.239750000000
7	8	57
5000.000000000000	0.000000000000	0.000000000000	0.000000000000	9604.137699999999	2044.053590000000
0.000000000000	5000.000000000000	0.000000000000	-9604.137699999999	0.000000000000	4261.475100000000
0.000000000000	0.000000000000	5000.000000000000	-2044.053590000000	-4261.475100000000	0.000000000000
0.000000000000	-9604.137699999999	-2044.053590000000	21063.720700000002	1666.502320000000	-8186.498540000000
9604.137699999999	0.000000000000	-4261.475100000000	1666.502320000000	23568.775399999999	4733.536620000000
2044.053590000000	4261.475100000000	0.000000000000	-8186.498540000000	4733.536620000000	6055.250490000000
7	20	57
4839.000000000000	0.000000000000	0.000000000000	0.000000000000	9719.409180000001	2958.159180000000
0.000000000000	4839.000000000000	0.000000000000	-9719.409180000001	0.000000000000	5688.622070000000
0.000000000000	0.000000000000	4839.000000000000	-2958.159180000000	-5688.622070000000	0.000000000000
0.000000000000	-9719.409180000001	-2958.159180000000	21929.308600000000	3448.976560000000	-11354.692400000000
9719.409180000001	0.000000000000	-5688.622070000000	3448.976560000000	26774.691400000000	6218.808110000000
2958.159180000000	5688.622070000000	0.000000000000	-11354.692400000000	6218.808110000000	8861.174800000001
7	21	57
5000.000000000000	0.000000000000	0.000000000000	0.000000000000	11126.445299999999	3651.812500000000
0.000000000000	5000.000000000000	0.000000000000	-11126.445299999999	0.000000000000	3700.291500000000
0.000000000000	0.000000000000	5000.000000000000	-3651.812500000000	-3700.291500000000	0.000000000000
0.000000000000	-11126.445299999999	-3651.812500000000	28135.871100000000	2753.540530000000	-8194.459960000000
11126.445299999999	0.000000000000	-3700.291500000000	2753.540530000000	29004.550800000001	8446.452149999999
3651.812500000000	3700.291500000000	0.000000000000	-8194.459960000000	8446.452149999999	6796.375000000000
7	31	57
5000.000000000000	0.000000000000	0.000000000000	0.000000000000	10634.877000000000	2712.510250000000
0.000000000000	5000.000000000000	0.000000000000	-10634.877000000000	0.000000000000	3920.678710000000
0.000000000000	0.000000000000	5000.000000000000	-2712.510250000000	-3920.678710000000	0.000000000000
0.000000000000	-10634.877000000000	-2712.510250000000	25296.439500000000	2688.332030000000	-8279.276370000000
10634.877000000000	0.000000000000	-3920.678710000000	2688.332030000000	27557.293000000001	6153.183590000000
2712.510250000000	3920.678710000000	0.000000000000	-8279.276370000000	6153.183590000000	6522.948240000000
7	36	57
4171.000000000000	0.000000000000	0.000000000000	0.000000000000	13067.842800000000	1458.196780000000
0.000000000000	4171.000000000000	0.000000000000	-13067.842800000000	0.000000000000	-4391.514650000000
0.000000000000	0.000000000000	4171.000000000000	-1458.196780000000	4391.514650000000	0.000000000000
0.000000000000	-13067.842800000000	-1458.196780000000	41713.886700000003	-1589.345830000000	13878.428700000000
13067.842800000000	0.000000000000	4391.514650000000	-1589.345830000000	45962.777300000002	4681.645510000000
1458.196780000000	-4391.514650000000	0.000000000000	13878.428700000000	4681.645510000000	5450.857420000000
9	19	57
4908.000000000000	0.000000000000	0.000000000000	0.000000000000	12023.604499999999	210.576965000000
0.000000000000	4908.000000000000	0.000000000000	-12023.604499999999	0.000000000000	-6182.821290000000
0.000000000000	0.000000000000	4908.000000000000	-210.576965000000	6182.821290000000	0.000000000000
0.000000000000	-12023.604499999999	-210.576965000000	30202.195299999999	-285.823730000000	15174.940399999999
12023.604499999999	0.000000000000	6182.821290000000	-285.823730000000	37859.527300000002	837.762024000000
210.576965000000	-6182.821290000000	0.000000000000	15174.940399999999	837.762024000000	8145.994630000000
9	29	57
4057.000000000000	0.000000000000	0.000000000000	0.000000000000	7503.343260000000	-937.228210000000
0.000000000000	4057.000000000000	0.000000000000	-7503.343260000000	0.000000000000	-3203.262450000000
0.000000000000	0.000000000000	4057.000000000000	937.228210000000	3203.262450000000	0.000000000000
0.000000000000	-7503.343260000000	937.228210000000	14409.806600000000	910.605652000000	6141.116210000000
7503.343260000000	0.000000000000	3203.262450000000	910.605652000000	18264.777300000002	-1688.865110000000
-937.228210000000	-3203.262450000000	0.000000000000	6141.116210000000	-1688.865110000000	4491.694340000000
10	13	57
5000.000000000000	0.000000000000	0.000000000000	0.000000000000	10884.502899999999	-2108.181400000000
0.000000000000	5000.000000000000	0.000000000000	-10884.502899999999	0.000000000000	-4529.849120000000
0.000000000000	0.000000000000	5000.000000000000	2108.181400000000	4529.849120000000	0.000000000000
0.000000000000	-10884.502899999999	2108.181400000000	26178.044900000001	1670.490720000000	11037.012699999999
10884.502899999999	0.000000000000	4529.849120000000	1670.490720000000	30670.939500000000	-4311.968260000000
-2108.181400000000	-4529.849120000000	0.000000000000	11037.012699999999	-4311.968260000000	6613.040530000000
10	19	57
2736.000000000000	0.000000000000	0.000000000000	0.000000000000	8859.233399999999	72.396446200000
0.000000000000	2736.000000000000	0.000000000000	-8859.233399999999	0.000000000000	-2589.908690000000
0.000000000000	0.000000000000	2736.000000000000	-72.396446200000	2589.908690000000	0.000000000000
0.000000000000	-8859.233399999999	-72.396446200000	28810.810500000000	-35.547351800000	8313.665040000000
8859.233399999999	0.000000000000	2589.908690000000	-35.547351800000	31489.789100000002	272.524200000000
72.396446200000	-2589.908690000000	0.000000000000	8313.665040000000	272.524200000000	2711.443360000000
10	29	57
5000.000000000000	0.000000000000	0.000000000000	0.000000000000	8124.679690000000	-2401.774900000000
0.000000000000	5000.000000000000	0.000000000000	-8124.679690000000	0.000000000000	-1387.244630000000
0.000000000000	0.000000000000	5000.000000000000	2401.774900000000	1387.244630000000	0.000000000000
0.000000000000	-8124.679690000000	2401.774900000000	14873.115200000000	731.781067000000	2259.786870000000
8124.679690000000	0.000000000000	1387.244630000000	731.781067000000	14846.215800000000	-3755.888430000000
-2401.774900000000	-1387.244630000000	0.000000000000	2259.786870000000	-3755.888430000000	2440.751710000000
12	15	57
3658.000000000000	0.000000000000	0.000000000000	0.000000000000	6070.445800000000	-1439.876950000000
0.000000000000	3658.000000000000	0.000000000000	-6070.445800000000	0.000000000000	-1867.173830000000
0.000000000000	0.000000000000	3658.000000000000	1439.876950000000	1867.173830000000	0.000000000000
0.000000000000	-6070.445800000000	1439.876950000000	11127.466800000000	692.838013000000	3079.870610000000
6070.445800000000	0.000000000000	1867.173830000000	692.838013000000	11175.182600000000	-2454.224610000000
-1439.876950000000	-1867.173830000000	0.000000000000	3079.870610000000	-2454.224610000000	1975.034670000000
12	29	57
5000.000000000000	0.000000000000	0.000000000000	0.000000000000	8078.384280000000	-4349.852050000000
0.000000000000	5000.000000000000	0.000000000000	-8078.384280000000	0.000000000000	4977.563960000000
0.000000000000	0.000000000000	5000.000000000000	4349.852050000000	-4977.563960000000	0.000000000000
0.000000000000	-8078.384280000000	4349.852050000000	17292.742200000001	-4546.878420000000	-7974.433590000000
8078.384280000000	0.000000000000	-4977.563960000000	-4546.878420000000	18710.206999999999	-6935.511720000000
-4349.852050000000	4977.563960000000	0.000000000000	-7974.433590000000	-6935.511720000000	9557.531250000000
13	25	57
5000.000000000000	0.000000000000	0.000000000000	0.000000000000	4803.017090000000	-1907.399540000000
0.000000000000	5000.000000000000	0.000000000000	-4803.017090000000	0.000000000000	5077.312990000000
0.000000000000	0.000000000000	5000.000000000000	1907.399540000000	-5077.312990000000	0.000000000000
0.000000000000	-4803.017090000000	1907.399540000000	5751.303220000000	-1910.537350000000	-4846.271000000000
4803.017090000000	0.000000000000	-5077.312990000000	-1910.537350000000	10392.506799999999	-1669.259890000000
-1907.399540000000	5077.312990000000	0.000000000000	-4846.271000000000	-1669.259890000000	6274.561520000000
13	26	57
5000.000000000000	0.000000000000	0.000000000000	0.000000000000	6214.417480000000	-1943.598390000000
0.000000000000	5000.000000000000	0.000000000000	-6214.417480000000	0.000000000000	4008.136720000000
0.000000000000	0.000000000000	5000.000000000000	1943.598390000000	-4008.136720000000	0.000000000000
0.000000000000	-6214.417480000000	1943.598390000000	9368.890630000000	-1407.080080000000	-4641.628910000000
6214.417480000000	0.000000000000	-4008.136720000000	-1407.080080000000	12236.351600000000	-2493.578130000000
-1943.598390000000	4008.136720000000	0.000000000000	-4641.628910000000	-2493.578130000000	4642.282230000000
14	29	57
588.000000000000	0.000000000000	0.000000000000	0.000000000000	1168.130250000000	18.340507500000
0.000000000000	588.000000000000	0.000000000000	-1168.130250000000	0.000000000000	-211.854492000000
0.000000000000	0.000000000000	588.000000000000	-18.340507500000	211.854492000000	0.000000000000
0.000000000000	-1168.130250000000	-18.340507500000	2346.523930000000	0.245931655000	424.238647000000
1168.130250000000	0.000000000000	211.854492000000	0.245931655000	2422.098140000000	37.034126300000
18.340507500000	-211.854492000000	0.000000000000	424.238647000000	37.034126300000	118.624863000000
17	32	57
5000.000000000000	0.000000000000	0.000000000000	0.000000000000	7258.927730000000	-3904.538820000000
0.000000000000	5000.000000000000	0.000000000000	-7258.927730000000	0.000000000000	4495.691410000000
0.000000000000	0.000000000000	5000.000000000000	3904.538820000000	-4495.691410000000	0.000000000000
0.000000000000	-7258.927730000000	3904.538820000000	14327.861300000000	-3601.530760000000	-6198.552730000000
7258.927730000000	0.000000000000	-4495.691410000000	-3601.530760000000	15785.552700000000	-5468.194340000000
-3904.538820000000	4495.691410000000	0.000000000000	-6198.552730000000	-5468.194340000000	8104.014160000000
19	35	57
3128.000000000000	0.000000000000	0.000000000000	0.000000000000	10011.211900000000	-2958.046390000000
0.000000000000	3128.000000000000	0.000000000000	-10011.211900000000	0.000000000000	-4107.959470000000
0.000000000000	0.000000000000	3128.000000000000	2958.046390000000	4107.959470000000	0.000000000000
0.000000000000	-10011.211900000000	2958.046390000000	35354.695299999999	3789.856930000000	13119.982400000001
10011.211900000000	0.000000000000	4107.959470000000	3789.856930000000	37579.988299999997	-9501.007809999999
-2958.046390000000	-4107.959470000000	0.000000000000	13119.982400000001	-9501.007809999999	8659.131840000000
19	36	57
4651.000000000000	0.000000000000	0.000000000000	0.000000000000	15143.784200000000	-4027.036870000000
0.000000000000	4651.000000000000	0.000000000000	-15143.784200000000	0.000000000000	-5880.481930000000
0.000000000000	0.000000000000	4651.000000000000	4027.036870000000	5880.481930000000	0.000000000000
0.000000000000	-15143.784200000000	4027.036870000000	53765.921900000001	4837.304200000000	19130.429700000001
15143.784200000000	0.000000000000	5880.481930000000	4837.304200000000	56970.035199999998	-13166.685500000000
-4027.036870000000	-5880.481930000000	0.000000000000	19130.429700000001	-13166.685500000000	11915.431600000000
19	37	57
3594.000000000000	0.000000000000	0.000000000000	0.000000000000	11730.082000000000	-2266.086430000000
0.000000000000	3594.000000000000	0.000000000000	-11730.082000000000	0.000000000000	-4755.372070000000
0.000000000000	0.000000000000	3594.000000000000	2266.086430000000	4755.372070000000	0.000000000000
0.000000000000	-11730.082000000000	2266.086430000000	40611.269500000002	2791.916500000000	15473.376000000000
11730.082000000000	0.000000000000	4755.372070000000	2791.916500000000	44747.480499999998	-7568.066890000000
-2266.086430000000	-4755.372070000000	0.000000000000	15473.376000000000	-7568.066890000000	8612.768550000001
23	29	57
1302.000000000000	0.000000000000	0.000000000000	0.000000000000	2955.245120000000	380.170288000000
0.000000000000	1302.000000000000	0.000000000000	-2955.245120000000	0.000000000000	932.597168000000
0.000000000000	0.000000000000	1302.000000000000	-380.170288000000	-932.597168000000	0.000000000000
0.000000000000	-2955.245120000000	-380.170288000000	7448.023440000000	429.974121000000	-2644.894530000000
2955.245120000000	0.000000000000	-932.597168000000	429.974121000000	8484.891600000001	1010.810670000000
380.170288000000	932.597168000000	0.000000000000	-2644.894530000000	1010.810670000000	1492.216310000000
25	27	57
5000.000000000000	0.000000000000	0.000000000000	0.000000000000	8069.259770000000	-790.037170000000
0.000000000000	5000.000000000000	0.000000000000	-8069.259770000000	0.000000000000	1897.170290000000
0.000000000000	0.000000000000	5000.000000000000	790.037170000000	-1897.170290000000	0.000000000000
0.000000000000	-8069.259770000000	790.037170000000	14251.704100000001	-227.157089000000	-3175.942140000000
8069.259770000000	0.000000000000	-1897.170290000000	-227.157089000000	14751.803700000000	-823.176453000000
-790.037170000000	1897.170290000000	0.000000000000	-3175.942140000000	-823.176453000000	1228.397830000000
25	32	57
3492.000000000000	0.000000000000	0.000000000000	0.000000000000	4572.324220000000	-1266.693240000000
0.000000000000	3492.000000000000	0.000000000000	-4572.324220000000	0.000000000000	192.691620000000
0.000000000000	0.000000000000	3492.000000000000	1266.693240000000	-192.691620000000	0.000000000000
0.000000000000	-4572.324220000000	1266.693240000000	6599.790530000000	-54.557922400000	-193.909119000000
4572.324220000000	0.000000000000	-192.691620000000	-54.557922400000	6369.869140000000	-1611.925290000000
-1266.693240000000	192.691620000000	0.000000000000	-193.909119000000	-1611.925290000000	756.556091000000
35	36	57
3642.000000000000	0.000000000000	0.000000000000	0.000000000000	4141.398930000000	-1582.200070000000
0.000000000000	3642.000000000000	0.000000000000	-4141.398930000000	0.000000000000	2916.133540000000
0.000000000000	0.000000000000	3642.000000000000	1582.200070000000	-2916.133540000000	0.000000000000
0.000000000000	-4141.398930000000	1582.200070000000	5782.722170000000	-1366.664790000000	-3407.541750000000
4141.398930000000	0.000000000000	-2916.133540000000	-1366.664790000000	7352.881840000000	-1956.694950000000
-1582.200070000000	2916.133540000000	0.000000000000	-3407.541750000000	-1956.694950000000	3478.750490000000
35	37	57
1901.000000000000	0.000000000000	0.000000000000	0.000000000000	2031.063110000000	-627.485718000000
0.000000000000	1901.000000000000	0.000000000000	-2031.063110000000	0.000000000000	1576.596070000000
0.000000000000	0.000000000000	1901.000000000000	627.485718000000	-1576.596070000000	0.000000000000
0.000000000000	-2031.063110000000	627.485718000000	2586.473140000000	-607.933167000000	-1754.657230000000
2031.063110000000	0.000000000000	-1576.596070000000	-607.933167000000	3658.723390000000	-764.041016000000
-627.485718000000	1576.596070000000	0.000000000000	-1754.657230000000	-764.041016000000	1766.387330000000
36	53	57
2744.000000000000	0.000000000000	0.000000000000	0.000000000000	6236.703130000000	803.763000000000
0.000000000000	2744.000000000000	0.000000000000	-6236.703130000000	0.000000000000	2881.421630000000
0.000000000000	0.000000000000	2744.000000000000	-803.763000000000	-2881.421630000000	0.000000000000
0.000000000000	-6236.703130000000	-803.763000000000	14589.756799999999	775.386292000000	-6432.062010000000
6236.703130000000	0.000000000000	-2881.421630000000	775.386292000000	17474.123000000000	1907.442020000000
803.763000000000	2881.421630000000	0.000000000000	-6432.062010000000	1907.442020000000	3466.928710000000
36	55	57
5000.000000000000	0.000000000000	0.000000000000	0.000000000000	11952.450199999999	1664.456910000000
0.000000000000	5000.000000000000	0.000000000000	-11952.450199999999	0.000000000000	3468.352050000000
0.000000000000	0.000000000000	5000.000000000000	-1664.456910000000	-3468.352050000000	0.000000000000
0.000000000000	-11952.450199999999	-1664.456910000000	29522.246100000000	1123.933590000000	-8149.458980000000
11952.450199999999	0.000000000000	-3468.352050000000	1123.933590000000	31773.896499999999	4149.715330000000
1664.456910000000	3468.352050000000	0.000000000000	-8149.458980000000	4149.715330000000	3708.051030000000
37	55	57
5000.000000000000	0.000000000000	0.000000000000	0.000000000000	13510.430700000001	292.837311000000
0.000000000000	5000.000000000000	0.000000000000	-13510.430700000001	0.000000000000	448.190186000000
0.000000000000	0.000000000000	5000.000000000000	-292.837311000000	-448.190186000000	0.000000000000
0.000000000000	-13510.430700000001	-292.837311000000	37059.257799999999	-10.914595600000	-1059.014400000000
13510.430700000001	0.000000000000	-448.190186000000	-10.914595600000	37596.242200000001	1018.603700000000
292.837311000000	448.190186000000	0.000000000000	-1059.014400000000	1018.603700000000	984.586914000000
38	55	57
3427.000000000000	0.000000000000	0.000000000000	0.000000000000	6378.737300000000	-1276.703130000000
0.000000000000	3427.000000000000	0.000000000000	-6378.737300000000	0.000000000000	1243.568240000000
0.000000000000	0.000000000000	3427.000000000000	1276.703130000000	-1243.568240000000	0.000000000000
0.000000000000	-6378.737300000000	1276.703130000000	12572.472700000000	-498.355896000000	-2258.954100000000
6378.737300000000	0.000000000000	-1243.568240000000	-498.355896000000	12547.199199999999	-2275.768310000000
-1276.703130000000	1243.568240000000	0.000000000000	-2258.954100000000	-2275.768310000000	1121.769170000000
40	41	57
4518.000000000000	0.000000000000	0.000000000000	0.000000000000	6638.005370000000	-4391.726560000000
0.000000000000	4518.000000000000	0.000000000000	-6638.005370000000	0.000000000000	2577.088380000000
0.000000000000	0.000000000000	4518.000000000000	4391.726560000000	-2577.088380000000	0.000000000000
0.000000000000	-6638.005370000000	4391.726560000000	14468.803700000000	-2597.759520000000	-3770.614500000000
6638.005370000000	0.000000000000	-2577.088380000000	-2597.759520000000	11440.533200000000	-6510.899900000000
-4391.726560000000	2577.088380000000	0.000000000000	-3770.614500000000	-6510.899900000000	6159.944820000000
41	42	57
577.000000000000	0.000000000000	0.000000000000	0.000000000000	626.578247000000	-226.388840000000
0.000000000000	577.000000000000	0.000000000000	-626.578247000000	0.000000000000	510.630859000000
0.000000000000	0.000000000000	577.000000000000	226.388840000000	-510.630859000000	0.000000000000
0.000000000000	-626.578247000000	226.388840000000	808.512146000000	-198.977036000000	-556.281799000000
626.578247000000	0.000000000000	-510.630859000000	-198.977036000000	1145.302250000000	-243.100327000000
-226.388840000000	510.630859000000	0.000000000000	-556.281799000000	-243.100327000000	571.882141000000
41	53	57
1748.000000000000	0.000000000000	0.000000000000	0.000000000000	2210.161380000000	-740.627136000000
0.000000000000	1748.000000000000	0.000000000000	-2210.161380000000	0.000000000000	1239.610230000000
0.000000000000	0.000000000000	1748.000000000000	740.627136000000	-1239.610230000000	0.000000000000
0.000000000000	-2210.161380000000	740.627136000000	3153.598140000000	-536.252441000000	-1542.292600000000
2210.161380000000	0.000000000000	-1239.610230000000	-536.252441000000	3745.195560000000	-916.167480000000
-740.627136000000	1239.610230000000	0.000000000000	-1542.292600000000	-916.167480000000	1257.387700000000
41	55	57
5000.000000000000	0.000000000000	0.000000000000	0.000000000000	6854.814450000000	-2201.348390000000
0.000000000000	5000.000000000000	0.000000000000	-6854.814450000000	0.000000000000	1693.523560000000
0.000000000000	0.000000000000	5000.000000000000	2201.348390000000	-1693.523560000000	0.000000000000
0.000000000000	-6854.814450000000	2201.348390000000	10673.775400000000	-855.616272000000	-2092.885740000000
6854.814450000000	0.000000000000	-1693.523560000000	-855.616272000000	10609.403300000000	-2890.965090000000
-2201.348390000000	1693.523560000000	0.000000000000	-2092.885740000000	-2890.965090000000	2138.593020000000
43	48	57
2104.000000000000	0.000000000000	0.000000000000	0.000000000000	3369.459960000000	2206.573000000000
0.000000000000	2104.000000000000	0.000000000000	-3369.459960000000	0.000000000000	-1399.681640000000
0.000000000000	0.000000000000	2104.000000000000	-2206.573000000000	1399.681640000000	0.000000000000
0.000000000000	-3369.459960000000	-2206.573000000000	7922.990230000000	-1362.772220000000	2193.152100000000
3369.459960000000	0.000000000000	1399.681640000000	-1362.772220000000	6676.896970000000	3491.322270000000
2206.573000000000	-1399.681640000000	0.000000000000	2193.152100000000	3491.322270000000	3701.371830000000
44	52	57
2065.000000000000	0.000000000000	0.000000000000	0.000000000000	3558.651860000000	-870.672791000000
0.000000000000	2065.000000000000	0.000000000000	-3558.651860000000	0.000000000000	-1450.567630000000
0.000000000000	0.000000000000	2065.000000000000	870.672791000000	1450.567630000000	0.000000000000
0.000000000000	-3558.651860000000	870.672791000000	6638.055180000000	596.866821000000	2491.769290000000
3558.651860000000	0.000000000000	1450.567630000000	596.866821000000	7206.444820000000	-1500.420650000000
-870.672791000000	-1450.567630000000	0.000000000000	2491.769290000000	-1500.420650000000	1576.350220000000
45	46	57
2289.000000000000	0.000000000000	0.000000000000	0.000000000000	1788.463750000000	-103.154228000000
0.000000000000	2289.000000000000	0.000000000000	-1788.463750000000	0.000000000000	1099.170410000000
0.000000000000	0.000000000000	2289.000000000000	103.154228000000	-1099.170410000000	0.000000000000
0.000000000000	-1788.463750000000	103.154228000000	1469.538450000000	-31.003206300000	-834.732117000000
1788.463750000000	0.000000000000	-1099.170410000000	-31.003206300000	2020.311040000000	-76.095474200000
-103.154228000000	1099.170410000000	0.000000000000	-834.732117000000	-76.095474200000	617.222046000000
47	48	57
865.000000000000	0.000000000000	0.000000000000	0.000000000000	566.405884000000	-613.846252000000
0.000000000000	865.000000000000	0.000000000000	-566.405884000000	0.000000000000	-1100.304200000000
0.000000000000	0.000000000000	865.000000000000	613.846252000000	1100.304200000000	0.000000000000
0.000000000000	-566.405884000000	613.846252000000	944.019104000000	780.378418000000	721.898254000000
566.405884000000	0.000000000000	1100.304200000000	780.378418000000	1792.132810000000	-377.568359000000
-613.846252000000	-1100.304200000000	0.000000000000	721.898254000000	-377.568359000000	1973.321410000000
47	56	57
1032.000000000000	0.000000000000	0.000000000000	0.000000000000	887.537537000000	30.424713100000
0.000000000000	1032.000000000000	0.000000000000	-887.537537000000	0.000000000000	196.346008000000
0.000000000000	0.000000000000	1032.000000000000	-30.424713100000	-196.346008000000	0.000000000000
0.000000000000	-887.537537000000	-30.424713100000	791.795410000000	1.954351310000	-162.578003000000
887.537537000000	0.000000000000	-196.346008000000	1.954351310000	818.237671000000	31.118555100000
30.424713100000	196.346008000000	0.000000000000	-162.578003000000	31.118555100000	63.479869800000
48	49	57
2045.000000000000	0.000000000000	0.000000000000	0.000000000000	2427.163330000000	-1954.199710000000
0.000000000000	2045.000000000000	0.000000000000	-2427.163330000000	0.000000000000	-2172.751460000000
0.000000000000	0.000000000000	2045.000000000000	1954.199710000000	2172.751460000000	0.000000000000
0.000000000000	-2427.163330000000	1954.199710000000	4857.617190000000	2100.084470000000	2578.437990000000
2427.163330000000	0.000000000000	2172.751460000000	2100.084470000000	5235.989750000000	-2307.199460000000
-1954.199710000000	-2172.751460000000	0.000000000000	2578.437990000000	-2307.199460000000	4322.412110000000
49	54	57
3080.000000000000	0.000000000000	0.000000000000	0.000000000000	4450.331050000000	-371.147278000000
0.000000000000	3080.000000000000	0.000000000000	-4450.331050000000	0.000000000000	-3144.192380000000
0.000000000000	0.000000000000	3080.000000000000	371.147278000000	3144.192380000000	0.000000000000
0.000000000000	-4450.331050000000	371.147278000000	6775.800780000000	420.223114000000	4554.212400000000
4450.331050000000	0.000000000000	3144.192380000000	420.223114000000	9771.140630000000	-609.158142000000
-371.147278000000	-3144.192380000000	0.000000000000	4554.212400000000	-609.158142000000	3530.161130000000
52	53	57
1744.000000000000	0.000000000000	0.000000000000	0.000000000000	2670.542720000000	-1020.247250000000
0.000000000000	1744.000000000000	0.000000000000	-2670.542720000000	0.000000000000	-1574.751710000000
0.000000000000	0.000000000000	1744.000000000000	1020.247250000000	1574.751710000000	0.000000000000
0.000000000000	-2670.542720000000	1020.247250000000	4719.041500000000	931.828247000000	2400.315670000000
2670.542720000000	0.000000000000	1574.751710000000	931.828247000000	5542.496090000000	-1562.004520000000
-1020.247250000000	-1574.751710000000	0.000000000000	2400.315670000000	-1562.004520000000	2071.464360000000
52	54	57
2728.000000000000	0.000000000000	0.000000000000	0.000000000000	4012.652100000000	-1098.874510000000
0.000000000000	2728.000000000000	0.000000000000	-4012.652100000000	0.000000000000	-2591.560790000000
0.000000000000	0.000000000000	2728.000000000000	1098.874510000000	2591.560790000000	0.000000000000
0.000000000000	-4012.652100000000	1098.874510000000	6575.887700000000	1046.775150000000	3806.653560000000
4012.652100000000	0.000000000000	2591.560790000000	1046.775150000000	8385.835940000001	-1655.934200000000
-1098.874510000000	-2591.560790000000	0.000000000000	3806.653560000000	-1655.934200000000	3136.853760000000
