0	29	1
0.383897756593	-0.369612875736	0.846179439939	-2.552407477909
0.405064202731	0.8909218043730001	0.20538705565399998	0.3324500977289999
-0.829791870583	0.263906753526	0.4917411112849999	-0.5091688404129999
0.0	0.0	0.0	1.0
3	23	2
0.9838719762920001	0.09251731245599994	-0.15311553113199997	-0.8767009494059999
-0.10863945513599994	0.988989581114	-0.100507328025	0.734093145389
0.14212516374799994	0.11551859135399999	0.9830875520569999	-0.9136012365030001
0.0	0.0	0.0	1.0
5	7	3
-0.04786531725899998	-0.506090883903	0.8611549406610001	-0.2595053803509999
0.642154869783	0.6447736478049999	0.414620555649	-0.30290055543699995
-0.765083509632	0.57283544025	0.294126853167	0.5179685973779999
0.0	0.0	0.0	1.0
5	34	4
0.960601429782	0.130488011102	-0.24541364842800004	1.7959359309730003
-0.24132326502	0.82963884857	-0.503457611798	-0.727034520921
0.137912096988	0.5428401997889999	0.828438923151	0.614003119728
0.0	0.0	0.0	1.0
6	34	5
0.727795113243	0.11875988972899999	-0.6754398338840001	1.075958961373
-0.12384248373300001	0.9914614677129999	0.040881583036	-0.18875973056100004
0.674527293273	0.053894160719999994	0.7362901454630001	1.733136457393
0.0	0.0	0.0	1.0
6	36	6
0.814517263	-0.397452793389	0.42261023709699996	0.7635273872019998
0.08649501854000002	0.80351066271	0.5889758778749999	-0.056479998435000095
-0.5736632999979999	-0.443179110183	0.688852251107	2.106612597001
0.0	0.0	0.0	1.0
6	37	7
0.5642059391400002	-0.41882086602699997	0.711524135342	0.40044015530599986
0.072338901562	0.883550155402	0.46272054521200007	-0.051998570395000054
-0.8224672497900002	-0.20960004718099992	0.5288006766079999	2.034904214339
0.0	0.0	0.0	1.0
7	8	8
0.7843723287150001	0.017361316338000022	0.620054804057	-0.2789691208749999
0.32922531868500005	0.835543021689	-0.43986365797200006	0.2676550550150001
-0.525718292619	0.549156250725	0.649659350007	-0.4071066677730002
0.0	0.0	0.0	1.0
7	20	9
0.9911764119970001	-0.07345008152799996	0.11036141325900004	1.445646465675
0.07227056516000002	0.997277959676	0.014688832162999968	-0.666373685258
-0.11114254176000005	-0.0065834149260000155	0.993787889343	0.628545216846
0.0	0.0	0.0	1.0
7	21	10
0.996799803174	0.032028325421999994	-0.07329214306300001	1.4739329875280003
-0.055721617273000026	0.935425536142	-0.3491083568250001	-0.627660713124
0.057376086407999995	0.3520753767419999	0.9342167536980001	0.43036543919099984
0.0	0.0	0.0	1.0
7	31	11
0.5856144999549999	0.066859600192	0.8078358867630001	-1.174113150323
0.505325347962	0.749131553786	-0.42831566859200004	-0.908406126177
-0.6338106924420001	0.6590442967499999	0.404913241938	1.302872521779
0.0	0.0	0.0	1.0
7	36	12
0.873110044076	0.31506477648000003	-0.3720530653210001	-0.8985904688900002
-0.25725719142799996	0.9459777708029999	0.19735428422899995	-1.0395245382550002
0.414129853878	-0.07660055879100008	0.906994051905	1.612334371974
0.0	0.0	0.0	1.0
9	19	13
0.11407410442399998	0.20527848184199998	-0.972039254182	-0.23145550851999996
-0.349015171437	0.924336875408	0.15424742858299997	-0.6470053802
0.930150196013	0.321663247324	0.177087530057	1.375193755172
0.0	0.0	0.0	1.0
9	29	14
0.001548633841999999	-0.310585773474	0.950552435912	-2.362219676424
0.531615466585	0.8053563700349999	0.262277507614	0.08502697053899996
-0.846989295669	0.504917858898	0.16636039519099996	0.3856689435530001
0.0	0.0	0.0	1.0
10	13	15
0.545902900951	0.330692080634	-0.7698325478120001	-0.05257607121600019
-0.12124751182000001	0.940327046616	0.317951077864	-0.0022633750080001055
0.8290338974220001	-0.08022871496399994	0.553421755558	0.09432472851400027
0.0	0.0	0.0	1.0
10	19	16
0.644039576885	0.042420214822	-0.7638214206930001	-0.32155442008
-0.14346265462799998	0.9874475408120001	-0.066127930648	-0.6059547646000001
0.751422730686	0.152171943665	0.642040319755	1.9293901178400001
0.0	0.0	0.0	1.0
10	29	17
-0.564388321355	-0.25938786042	0.783708152467	-2.773165736435
0.36072733432	0.77642942958	0.516759435556	-0.6132794981240002
-0.7425301676250001	0.57435398325	-0.344638598563	2.1408847484580003
0.0	0.0	0.0	1.0
12	15	18
-0.209531081171	0.599269260817	-0.772650165767	0.6890695702630003
-0.21950397211200004	0.7411944365619999	0.634396803027	-0.26440816193699995
0.9528481057629999	0.302520859333	-0.023762808367999995	0.5683496676579999
0.0	0.0	0.0	1.0
12	29	19
-0.07684743344800003	0.438936596091	-0.895235479181	3.6100606935710005
-0.25730773945	0.858739964085	0.44313316643699996	-0.364835631719
0.963273123182	0.264400225416	0.04694731685200001	0.5902020317359998
0.0	0.0	0.0	1.0
13	25	20
-0.949373852737	0.089268179972	0.30121277216500003	0.6570091105909999
0.29844553533	0.5557241334159999	0.775957209846	-0.9490272082539999
-0.09812531508600003	0.826564964548	-0.5542331340900001	1.5863479791139998
0.0	0.0	0.0	1.0
13	26	21
-0.789498441758	-0.05671205228600006	0.611133886769	0.4224573915340001
0.47044894264399995	0.5835787380759999	0.6619093406459999	-1.251062461596
-0.394184579766	0.8100796414839999	-0.434054548072	2.2421506656680004
0.0	0.0	0.0	1.0
14	29	22
0.08774033635600005	-0.321525381582	0.942836468338	-3.340012610264
0.468416243406	0.848628357633	0.245806969649	0.18076500062400003
-0.879143849366	0.420068472192	0.22506756440999998	0.4003857759799998
0.0	0.0	0.0	1.0
17	32	23
0.606867390965	0.48262229350200003	-0.631506611953	2.02028296909
-0.216475506165	0.8648670307560001	0.452932634062	0.22228479552999997
0.7647560218859999	-0.138166971973	0.629333297606	-0.4625049585319999
0.0	0.0	0.0	1.0
19	35	24
0.248119109349	0.679706456706	-0.6902469064469999	-1.01215366979
-0.00011692875499999655	0.712552020507	0.701623617356	-0.11891792312399999
0.96873652835	-0.174008446151	0.17687688094100001	2.380724919582
0.0	0.0	0.0	1.0
19	36	25
0.99770812265	-0.06540442396500001	-0.01743370883500002	-1.117972735354
0.06368382992600002	0.819648097392	0.569321289548	-0.07977729304099998
-0.02294930968799996	-0.569130141513	0.8219374091770001	2.3344200514130002
0.0	0.0	0.0	1.0
19	37	26
0.927475582362	-0.211009635383	0.308655649132	-1.3798677742639998
0.059763432834	0.8985761967639999	0.43473583433	-0.06266234560299999
-0.369088236836	-0.384762422127	0.846018216822	2.073436047581
0.0	0.0	0.0	1.0
23	29	27
0.719817361322	0.28214567400600005	-0.634247474412	2.487237280814
-0.278710777479	0.954263233503	0.10819346679600002	0.010005472954999983
0.635759513528	0.09888807150899999	0.7655354588809999	-0.4970419847330001
0.0	0.0	0.0	1.0
25	27	28
0.830376720665	-0.33631522598100005	0.444269587256	-0.06985803950000002
0.30744571737	0.9414987461100001	0.13807368588400007	0.6680933989119999
-0.46471511626999995	0.021930333815999962	0.8851982823670002	-1.1368229770059999
0.0	0.0	0.0	1.0
25	32	29
0.8605082765100001	-0.401555089372	0.31350834189300003	-0.47630829639999983
0.33384413514600003	0.9093232784360001	0.24836601728800006	0.950117791422
-0.384813145776	-0.10906336774700001	0.91653688953	-1.5610917037910002
0.0	0.0	0.0	1.0
35	36	30
0.225311389742	-0.567657855681	0.791842212696	-0.07111724878799999
0.727517170454	0.638615386032	0.2507958068999999	-0.035978686293000064
-0.648043427952	0.519564286515	0.556862815782	0.09231321366899999
0.0	0.0	0.0	1.0
35	37	31
-0.12742916324	-0.42519217491499994	0.8960949072519999	-0.38892335132199995
0.7372170158740001	0.563805693436	0.37235122170599994	-0.156381460695
-0.66353955459	0.7080558719969999	0.241611242786	0.23893246732899995
0.0	0.0	0.0	1.0
36	53	32
0.9850931071079998	0.10333288558200004	-0.13754038030799995	2.3482858471699997
-0.089523521997	0.990644594952	0.10304329211399994	-1.0945945927050003
0.14689847658799998	-0.08919829376799998	0.9851265808959999	0.6527759971350001
0.0	0.0	0.0	1.0
36	55	33
0.8750865730639998	0.40066874313999995	-0.271466134038	2.274191367278
-0.359597941254	0.913695266754	0.18936273911399995	-0.9838695748410001
0.323907234548	-0.06809484897700006	0.943640167646	0.5830622035599999
0.0	0.0	0.0	1.0
37	55	34
0.656686939092	0.576371491138	-0.48638408768200003	1.9162401863119998
-0.410522226314	0.81419684891	0.41056140085799997	-1.337242246585
0.6326425534919999	-0.069941251204	0.77128338409	1.7029442565000001
0.0	0.0	0.0	1.0
38	55	35
0.97499957436	0.16898644301799995	-0.14430599593299998	2.010857024693
-0.14121754732999997	0.97258744813	0.18477864421	0.03955994375499988
0.17157450547	-0.15978422473200005	0.9721327029619999	-0.31397507655699997
0.0	0.0	0.0	1.0
40	41	36
0.52132618204	-0.668285070135	0.5306773403589999	-0.02666409210199977
0.11057580289200004	0.669528486857	0.7345119883330001	0.181943841378
-0.8461667358739999	-0.324244314604	0.422941542662	0.67043069464
0.0	0.0	0.0	1.0
41	42	37
0.016122992018000045	-0.627449851418	0.778492913462	0.05431364867399996
0.8980668849319999	0.351376682946	0.264608037871	0.0799801218560002
-0.4395754477679999	0.6948701735260001	0.569153498281	-0.13891493447600012
0.0	0.0	0.0	1.0
41	53	38
0.9924822916539999	0.11929779823600008	-0.02738998966799995	1.918382749726
-0.12044539410499998	0.99169515433	-0.045173835818000024	-0.05399182580800005
0.021771410702999986	0.04813094299200014	0.998607364874	-0.694093531396
0.0	0.0	0.0	1.0
41	55	39
0.8951494125079998	0.41502719130199994	-0.16268240438800002	1.8401428208280002
-0.41299307543799996	0.909485297026	0.04774066428000001	0.06670449906399992
0.16776928158599996	0.024448741942000054	0.985526583746	-0.737921268808
0.0	0.0	0.0	1.0
43	48	40
0.972940051815	0.056822077499999984	-0.22396017046699998	0.06267108352699974
-0.206876041625	0.645930896766	-0.734834681351	-0.6959493058229999
0.10291092955499999	0.761282120883	0.640211217755	0.3217008594639999
0.0	0.0	0.0	1.0
44	52	41
0.303076337768	0.29727526390500003	-0.905414297203	0.051095347077999925
0.025609034266000006	0.94721883171	0.319570878189	0.018738590236000018
0.9526282192359999	-0.120040170573	0.279461072925	1.342705207616
0.0	0.0	0.0	1.0
45	46	42
0.38974410143400007	-0.449653733945	0.803688156667	-0.17788213236100012
0.611112783238	0.7791448862799999	0.13956501510499997	0.004704481007000071
-0.688951197485	0.436747935579	0.5784536873680001	0.020960814392999863
0.0	0.0	0.0	1.0
47	48	43
-0.02224748599500002	0.090162015126	-0.995683057533	-0.053089302494999935
-0.5399485750799999	0.8371018720560001	0.08786747328800001	-0.17945820198799983
0.84140371301	0.539570903199	0.03006487556400003	0.08316739183699978
0.0	0.0	0.0	1.0
47	56	44
0.48829954445400003	-0.088153270458	0.868217782611	-1.029057840786
0.5978480544	0.758545018344	-0.259220761544	0.2929717653720001
-0.635727886228	0.645637064255	0.423091780779	-0.4006204702960001
0.0	0.0	0.0	1.0
48	49	45
0.41614107634499997	0.64476748154	-0.641171727495	-0.318619407805
0.10501082002799998	0.666333654301	0.738225460011	0.09465253520099995
0.903222583275	-0.374532565282	0.20958000246899997	0.671493787411
0.0	0.0	0.0	1.0
49	54	46
0.13322751862799997	0.555762384687	-0.8206045817940001	0.06594983562000004
-0.617181950043	0.6943643020349999	0.370064013423	-0.4296040336939999
0.7754585526629999	0.457159230579	0.43551363377999996	0.3226947782519999
0.0	0.0	0.0	1.0
52	53	47
0.666730702004	0.496464980726	-0.55588230066	-0.1563205530560001
-0.023635907744999983	0.7595550252750001	0.650017955628	0.006213619850999913
0.744924506873	-0.420245816668	0.518150497558	0.4557888011470002
0.0	0.0	0.0	1.0
52	54	48
0.3463950946719999	0.39224630003	-0.852154793102	-0.020437167282000013
-0.15829234310100002	0.919804268289	0.359040437619	-0.10819967259600005
0.924636550999	0.010518740665999981	0.380704801318	0.44656154317300006
0.0	0.0	0.0	1.0
