7	20	1
0.9324216994160631	-0.21016333147555272	0.29397504829849713	-1.3853645498508522
0.0031162720758218837	0.8181423569924293	0.5750072195880042	0.21741443011453154
-0.3613588750686036	-0.535233129721647	0.7635084787701477	0.07841659663607627
0.0	0.0	0.0	1.0
8	20	2
0.8852621709819136	-0.2616882043765731	0.3844869046162921	-1.1916915978466451
0.02956627299605149	0.8566818851070048	0.5149970779956697	0.20032343210318013
-0.4641515894031061	-0.4445396849306806	0.7661252071664209	0.060503106969317516
0.0	0.0	0.0	1.0
9	20	3
0.8331337829524385	-0.292446393028267	0.46942875953248236	-1.0577188556554267
0.034032542067822726	0.8742659367038873	0.4842529143372169	0.1818731339557227
-0.5520235594171133	-0.3874716234957744	0.7383330755774272	0.08251370659923277
0.0	0.0	0.0	1.0
10	20	4
0.7889091759528252	-0.3067067974973287	0.5324973714422245	-0.9402351540524719
0.01958107900817402	0.8786465757524641	0.47707114257149774	0.18161977865779566
-0.6141978812779159	-0.3659389377612927	0.699177925710108	0.1882323038146575
0.0	0.0	0.0	1.0
11	20	5
0.7719514185385801	-0.35351130923887975	0.5283188350975867	-0.827240079351423
0.03491670757768188	0.8534316028953899	0.5200339154343514	0.16064962107314534
-0.6347219118711035	-0.3829937508803604	0.6711511653387581	0.32743723199888397
0.0	0.0	0.0	1.0
11	21	6
0.7345857517930229	-0.3572467220889859	0.5768521034208138	-0.8312249183178135
-0.012711149217123517	0.842772775681192	0.5381192775205262	0.24344784968475464
-0.678396735714452	-0.40262727591001185	0.614547948698186	0.3678346166217867
0.0	0.0	0.0	1.0
11	22	7
0.582039688932732	-0.44860122637071154	0.6782232235742444	-0.7568130700687618
0.03731581336852661	0.8479148017152214	0.528817529640323	0.17157336618586067
-0.8123038638062386	-0.2824843213898972	0.5102599699300389	0.49594448195956825
0.0	0.0	0.0	1.0
11	42	8
-0.45011062776246535	-0.4981448152482338	0.7411155312930825	-2.253180256336153
0.4165441927494135	0.6169871247673429	0.6676959983063621	-1.2176547695415894
-0.7898680895680417	0.6092444467534949	-0.07021310554159944	2.1532099341784594
0.0	0.0	0.0	1.0
11	43	9
-0.4591150332121973	-0.4327860451939833	0.7758283225661187	-2.4126131532533384
0.4448022978082334	0.6439728940129356	0.6224545326003929	-1.0135419867676652
-0.7690022044790763	0.630868503120615	-0.10315336165403523	2.1500195734174135
0.0	0.0	0.0	1.0
11	44	10
-0.5316358076645061	-0.39777720355973867	0.7477543599192931	-2.454047037015789
0.42823068275371945	0.6354595466398474	0.6425024749786259	-1.0239730481599143
-0.7307406020640422	0.6617887222729234	-0.1674925855223824	2.265299265713774
0.0	0.0	0.0	1.0
12	20	11
0.7926743694269665	-0.35719969233737425	0.4940403238279427	-0.7194895909963024
0.04332412544319609	0.8413296673657263	0.538783377527782	0.15271938172218902
-0.6081039890431006	-0.40567592420507176	0.6823757366943293	0.4070946398925357
0.0	0.0	0.0	1.0
14	20	12
0.9076981309638111	-0.24598050098049945	0.3399673115049508	-0.42080174923599345
-0.008007095502812814	0.7998710708109649	0.6001185338940378	0.2127978392731927
-0.4195474330910512	-0.5474486891864565	0.724071787193766	0.45404700683613963
0.0	0.0	0.0	1.0
14	22	13
0.7690435670103395	-0.3865358686191068	0.5090796619962205	-0.33201012060204854
-0.0030640115838051246	0.7941986306647829	0.6076506014101138	0.22797120429163678
-0.6391891635376356	-0.4688696838700837	0.6095889218803211	0.5133606227797567
0.0	0.0	0.0	1.0
14	39	14
0.1106443948903393	-0.5579020264332128	0.8224981478644277	-2.1623790551317534
0.36923946969424454	0.7914203977761721	0.4871508092489043	-0.4999216291737336
-0.9227242468548805	0.24979831418719733	0.2935656858274507	1.7273958802535627
0.0	0.0	0.0	1.0
14	42	15
-0.2082872916577943	-0.6316586151278528	0.7467422389849018	-2.0432785510943523
0.4290299746640469	0.6271080060856429	0.6501300410728831	-0.9925701078951743
-0.8789481948765946	0.45578868160987474	0.1403818190087206	1.8545134941371877
0.0	0.0	0.0	1.0
14	43	16
-0.22118123128010236	-0.5721519989152501	0.789760092629663	-2.203135769398238
0.4430717896245063	0.6624600394930231	0.6040149246200469	-0.8005815346195568
-0.8687728772558949	0.4835172534451763	0.10698069824260333	1.842272235470666
0.0	0.0	0.0	1.0
14	44	17
-0.30257674903392495	-0.5490376561233911	0.7791052284795079	-2.275972060049595
0.43235924942712317	0.6494166130158627	0.625558509433498	-0.8071011514854781
-0.8494190476167811	0.526132886500859	0.040883168063995896	1.9409580703197793
0.0	0.0	0.0	1.0
15	20	18
0.9248216375167693	-0.23823342275360382	0.296563378144888	-0.361497685466317
-0.00016551154546540363	0.7793550830435941	0.6265824771356586	0.26733206430002454
-0.38040108351115576	-0.5795261402950541	0.7207248972635242	0.4012521767876994
0.0	0.0	0.0	1.0
15	39	19
0.15331899688556416	-0.582259532197005	0.7984153039013737	-2.1742836948662747
0.37249749962790707	0.7824197152353685	0.4990639219578429	-0.419034681226104
-0.9152807825728013	0.22089181827166737	0.33685006773881915	1.6764661182737717
0.0	0.0	0.0	1.0
15	42	20
-0.16682785168759887	-0.6600550204971711	0.7324587555218696	-2.0846601607068465
0.4417497277427344	0.6141035384142343	0.6540138520050504	-0.9142963213972626
-0.881490728565622	0.43267128426652607	0.18912955849445953	1.8165789320982824
0.0	0.0	0.0	1.0
18	42	21
0.12027123994441904	-0.31897553744177637	0.9401007580327168	-2.330857910059472
0.45373710531258327	0.859938409321523	0.23372790292726728	-0.9856808587433475
-0.882982314438176	0.39844787845576046	0.24815683585037696	1.5734613006475964
0.0	0.0	0.0	1.0
20	24	22
0.9563471689544468	0.027323882847864592	0.290952565422373	-0.19285685181681345
0.08233002516689458	0.9300993009032636	-0.35796223930709326	-0.08835461714733202
-0.2803956951593384	0.36629032149796614	0.8872483734971962	-0.14604016076415038
0.0	0.0	0.0	1.0
20	25	23
0.9899217049091422	0.030545656205486996	0.13828200340791133	-0.3164362059443857
0.03791087378175938	0.8836616394005591	-0.4665885443711686	-0.12247268376340462
-0.13644683299556887	0.46712857545928504	0.873597844279884	-0.15012382507124944
0.0	0.0	0.0	1.0
20	26	24
0.9993804593977248	0.033972633936299054	-0.009192723176735796	-0.4812665385810979
-0.034094039180142865	0.8697228226669814	-0.4923613233467804	-0.12340880682481753
-0.008731677380008991	0.49236974890340096	0.8703423829084901	-0.13909586234155263
0.0	0.0	0.0	1.0
24	42	25
0.4924086195727541	-0.38205356587056005	0.7820286952849688	-2.205599625159407
0.4452601182370948	0.8826064551504953	0.15082951814266654	-0.7798866417743036
-0.747848538074575	0.273936471825839	0.6047162117385146	1.262685022809328
0.0	0.0	0.0	1.0
24	43	26
0.4843704680938691	-0.3160653701091337	0.8157744047412245	-2.3786304839453813
0.41709319807119566	0.9030941878424129	0.1022453661142619	-0.5769894445568591
-0.769037414046778	0.2907293601420927	0.5692609461270055	1.2582761602406145
0.0	0.0	0.0	1.0
24	44	27
0.40916916289222827	-0.31599224645616886	0.8559961383830724	-2.504065441611918
0.42586105520266015	0.8958129679232586	0.1271275684079382	-0.5914022013653883
-0.8069838039304819	0.31251878392139	0.5011078955681098	1.372371642433251
0.0	0.0	0.0	1.0
26	43	28
0.1999606356055394	-0.47285081291797454	0.8581537072631943	-2.40600859972579
0.4755107483511664	0.8126176761784737	0.336959927323749	-0.37615187516593107
-0.8566827147737516	0.34068266021162813	0.38733725052490686	0.9813955781250039
0.0	0.0	0.0	1.0
26	44	29
0.11712797183466657	-0.4657139526882908	0.8771496060022842	-2.559162506731226
0.47615637890047563	0.8014261936113605	0.36192689226717584	-0.3928436503345093
-0.8715251025028313	0.3752686937715045	0.31562215126486876	1.0979869708660221
0.0	0.0	0.0	1.0
26	45	30
0.12738616093843824	-0.4579419503166349	0.8798078234980511	-2.801828352384852
0.5000190199552557	0.7957196220416566	0.3417767156614815	-0.34616228321979414
-0.8565942515156812	0.396383120934925	0.3303434051581557	1.0007495153769663
0.0	0.0	0.0	1.0
27	43	31
0.10589983685244077	-0.45008701276658	0.8866832393775546	-2.361116958936512
0.5187390048244871	0.7857535987462254	0.3368994198688924	-0.334090045101567
-0.8483485490962713	0.42427961503131745	0.31668885317972995	0.86713735388169
0.0	0.0	0.0	1.0
27	44	32
0.022906952354811917	-0.43555207054268147	0.8998721388217029	-2.5248041066570908
0.5168874533674246	0.7756267700351311	0.3622575505519189	-0.3501985017598847
-0.8557468601341985	0.4568344314060366	0.242898632003314	0.9803422156629112
0.0	0.0	0.0	1.0
27	45	33
0.03358331121462756	-0.42851710074108695	0.9029094357642105	-2.7663480393662487
0.5414188733798914	0.7671748260681835	0.34396016060958046	-0.30051176912184
-0.8400820919906825	0.47730093370415905	0.2577714975032228	0.8845747464746865
0.0	0.0	0.0	1.0
27	46	34
-0.013810438811962878	-0.42747620925083385	0.9039212271332939	-2.915920674066864
0.5287509832928335	0.7641501570996929	0.36945503493801607	-0.3187993510105724
-0.8486646814606845	0.48305159099848977	0.21547521015251433	0.9048160339611301
0.0	0.0	0.0	1.0
36	49	35
0.8965685376756113	-0.25691760893950527	0.36077435009190756	-2.4998833625549217
0.2875365071396147	0.9572040499875983	-0.03291145118222345	0.8733952310475788
-0.33687908720641885	0.13324320725258343	0.9320721305920548	-1.2657933603836367
0.0	0.0	0.0	1.0
37	49	36
0.9419728433522738	-0.1877234085634809	0.27829336999724436	-2.307261862733564
0.22114632158179576	0.9707255286006896	-0.09373539966551465	0.86540656654159
-0.2525501170076357	0.14983967388083597	0.9559113623765982	-1.241347058047687
0.0	0.0	0.0	1.0
