7	20	1
0.9324216994160629	-0.21016333147555283	0.2939750482984973	-1.385364549850852
0.003116272075821883	0.8181423569924297	0.5750072195880043	0.21741443011453154
-0.3613588750686036	-0.535233129721647	0.7635084787701477	0.07841659663607627
0.0	0.0	0.0	1.0
8	20	2
0.8852621709819134	-0.26168820437657314	0.3844869046162922	-1.1916915978466451
0.029566272996051503	0.8566818851070052	0.5149970779956697	0.20032343210318013
-0.4641515894031061	-0.4445396849306806	0.7661252071664209	0.060503106969317516
0.0	0.0	0.0	1.0
9	20	3
0.8331337829524382	-0.2924463930282671	0.4694287595324825	-1.0577188556554264
0.034032542067822746	0.8742659367038876	0.484252914337217	0.1818731339557227
-0.5520235594171133	-0.3874716234957744	0.7383330755774272	0.08251370659923277
0.0	0.0	0.0	1.0
10	20	4
0.788909175952825	-0.3067067974973287	0.5324973714422246	-0.9402351540524718
0.019581079008174036	0.8786465757524643	0.4770711425714978	0.18161977865779566
-0.6141978812779159	-0.3659389377612927	0.699177925710108	0.1882323038146575
0.0	0.0	0.0	1.0
11	20	5
0.7719514185385798	-0.3535113092388798	0.5283188350975868	-0.8272400793514227
0.0349167075776819	0.8534316028953901	0.5200339154343515	0.1606496210731453
-0.6347219118711035	-0.3829937508803604	0.6711511653387581	0.32743723199888397
0.0	0.0	0.0	1.0
11	21	6
0.7345857517930229	-0.3572467220889858	0.5768521034208136	-0.8312249183178139
-0.012711149217123503	0.8427727756811921	0.5381192775205264	0.24344784968475464
-0.6783967357144521	-0.40262727591001185	0.614547948698186	0.3678346166217866
0.0	0.0	0.0	1.0
11	22	7
0.5820396889327318	-0.4486012263707115	0.6782232235742442	-0.7568130700687619
0.03731581336852667	0.8479148017152215	0.528817529640323	0.17157336618586067
-0.8123038638062386	-0.28248432138989715	0.5102599699300387	0.4959444819595683
0.0	0.0	0.0	1.0
11	42	8
-0.4501106277624648	-0.4981448152482339	0.7411155312930826	-2.2531802563361536
0.4165441927494136	0.6169871247673426	0.6676959983063621	-1.2176547695415898
-0.789868089568042	0.6092444467534951	-0.07021310554159955	2.1532099341784603
0.0	0.0	0.0	1.0
11	43	9
-0.45911503321219743	-0.4327860451939832	0.7758283225661187	-2.412613153253339
0.4448022978082334	0.6439728940129357	0.622454532600393	-1.0135419867676654
-0.7690022044790763	0.6308685031206153	-0.10315336165403527	2.150019573417414
0.0	0.0	0.0	1.0
11	44	10
-0.5316358076645059	-0.39777720355973867	0.7477543599192932	-2.4540470370157883
0.42823068275371945	0.6354595466398474	0.642502474978626	-1.023973048159914
-0.7307406020640423	0.6617887222729233	-0.16749258552238241	2.2652992657137734
0.0	0.0	0.0	1.0
12	20	11
0.7926743694269662	-0.3571996923373743	0.49404032382794283	-0.7194895909963023
0.04332412544319611	0.8413296673657266	0.5387833775277822	0.15271938172218902
-0.6081039890431006	-0.40567592420507176	0.6823757366943293	0.4070946398925357
0.0	0.0	0.0	1.0
14	20	12
0.907698130963811	-0.24598050098049956	0.3399673115049509	-0.42080174923599334
-0.008007095502812816	0.7998710708109651	0.600118533894038	0.2127978392731927
-0.4195474330910512	-0.5474486891864565	0.724071787193766	0.45404700683613963
0.0	0.0	0.0	1.0
14	22	13
0.7690435670103394	-0.38653586861910677	0.5090796619962205	-0.33201012060204876
-0.0030640115838050765	0.7941986306647829	0.6076506014101138	0.22797120429163684
-0.6391891635376356	-0.46886968387008365	0.609588921880321	0.5133606227797567
0.0	0.0	0.0	1.0
14	39	14
0.11064439489033924	-0.5579020264332127	0.8224981478644275	-2.162379055131753
0.36923946969424454	0.7914203977761721	0.4871508092489043	-0.4999216291737337
-0.9227242468548805	0.2497983141871973	0.2935656858274506	1.7273958802535625
0.0	0.0	0.0	1.0
14	42	15
-0.20828729165779378	-0.6316586151278528	0.7467422389849017	-2.0432785510943523
0.4290299746640471	0.6271080060856428	0.650130041072883	-0.9925701078951745
-0.8789481948765948	0.4557886816098748	0.14038181900872052	1.8545134941371884
0.0	0.0	0.0	1.0
14	43	16
-0.22118123128010247	-0.5721519989152501	0.7897600926296631	-2.2031357693982385
0.4430717896245063	0.6624600394930231	0.6040149246200469	-0.8005815346195571
-0.8687728772558949	0.4835172534451765	0.1069806982426033	1.8422722354706664
0.0	0.0	0.0	1.0
14	44	17
-0.3025767490339247	-0.5490376561233911	0.779105228479508	-2.275972060049594
0.43235924942712317	0.6494166130158628	0.6255585094334981	-0.8071011514854779
-0.8494190476167812	0.5261328865008588	0.04088316806399588	1.9409580703197786
0.0	0.0	0.0	1.0
15	20	18
0.9248216375167692	-0.23823342275360393	0.2965633781448881	-0.3614976854663168
-0.0001655115454654032	0.7793550830435944	0.6265824771356587	0.26733206430002454
-0.38040108351115576	-0.5795261402950541	0.7207248972635242	0.4012521767876994
0.0	0.0	0.0	1.0
15	39	50
0.15331900	-0.58225953	0.79841530	-2.17428369
0.37249750	0.78241972	0.49906392	-0.41903468
-0.91528078	0.22089182	0.33685007	1.67646612
-0.00000000	0.00000000	-0.00000000	1.00000000
15	42	50
-0.16682785	-0.66005502	0.73245876	-2.08466016
0.44174973	0.61410354	0.65401385	-0.91429632
-0.88149073	0.43267128	0.18912956	1.81657893
0.00000000	0.00000000	-0.00000000	1.00000000
18	42	19
0.1202712399444196	-0.31897553744177637	0.9401007580327165	-2.330857910059472
0.4537371053125835	0.859938409321523	0.23372790292726722	-0.9856808587433478
-0.8829823144381764	0.3984478784557605	0.24815683585037704	1.5734613006475968
0.0	0.0	0.0	1.0
20	24	20
0.9563471689544469	0.02732388284786453	0.29095256542237297	-0.19285685181681322
0.08233002516689453	0.9300993009032636	-0.3579622393070932	-0.08835461714733207
-0.28039569515933843	0.3662903214979661	0.8872483734971961	-0.1460401607641506
0.0	0.0	0.0	1.0
20	25	21
0.989921704909142	0.030545656205487003	0.13828200340791136	-0.31643620594438593
0.0379108737817593	0.883661639400559	-0.4665885443711685	-0.12247268376340463
-0.13644683299556876	0.46712857545928493	0.8735978442798839	-0.15012382507124922
0.0	0.0	0.0	1.0
20	26	22
0.9993804593977247	0.03397263393629913	-0.00919272317673563	-0.4812665385810979
-0.034094039180142796	0.8697228226669814	-0.4923613233467806	-0.12340880682481747
-0.008731677380009102	0.4923697489034011	0.8703423829084902	-0.1390958623415527
0.0	0.0	0.0	1.0
24	42	23
0.49240861957275445	-0.38205356587056	0.7820286952849684	-2.2055996251594068
0.445260118237095	0.8826064551504952	0.15082951814266643	-0.7798866417743038
-0.7478485380745752	0.27393647182583897	0.6047162117385149	1.2626850228093283
0.0	0.0	0.0	1.0
24	43	24
0.484370468093869	-0.3160653701091337	0.8157744047412246	-2.378630483945382
0.41709319807119566	0.903094187842413	0.10224536611426195	-0.5769894445568592
-0.7690374140467781	0.2907293601420929	0.5692609461270054	1.2582761602406147
0.0	0.0	0.0	1.0
24	44	25
0.4091691628922285	-0.31599224645616875	0.8559961383830723	-2.504065441611917
0.42586105520266015	0.8958129679232588	0.12712756840793824	-0.5914022013653881
-0.8069838039304819	0.3125187839213898	0.5011078955681099	1.3723716424332508
0.0	0.0	0.0	1.0
26	43	26
0.19996063560553934	-0.47285081291797454	0.8581537072631944	-2.4060085997257907
0.47551074835116647	0.8126176761784738	0.33695992732374913	-0.3761518751659314
-0.8566827147737516	0.3406826602116283	0.38733725052490675	0.9813955781250043
0.0	0.0	0.0	1.0
26	44	27
0.1171279718346668	-0.46571395268829074	0.8771496060022842	-2.559162506731225
0.4761563789004756	0.8014261936113606	0.36192689226717584	-0.3928436503345092
-0.8715251025028314	0.37526869377150435	0.3156221512648688	1.0979869708660221
0.0	0.0	0.0	1.0
26	45	28
0.12738616093843808	-0.4579419503166351	0.879807823498051	-2.8018283523848524
0.5000190199552557	0.7957196220416565	0.34177671566148143	-0.34616228321979403
-0.8565942515156811	0.39638312093492495	0.33034340515815563	1.0007495153769663
0.0	0.0	0.0	1.0
27	43	29
0.10589983685244066	-0.4500870127665799	0.8866832393775547	-2.3611169589365124
0.5187390048244872	0.7857535987462255	0.3368994198688924	-0.3340900451015672
-0.8483485490962714	0.4242796150313176	0.31668885317972983	0.8671373538816904
0.0	0.0	0.0	1.0
27	44	30
0.022906952354812198	-0.4355520705426814	0.8998721388217028	-2.52480410665709
0.5168874533674246	0.7756267700351313	0.36225755055191894	-0.3501985017598846
-0.8557468601341985	0.4568344314060364	0.24289863200331402	0.9803422156629108
0.0	0.0	0.0	1.0
27	45	31
0.03358331121462739	-0.42851710074108706	0.9029094357642103	-2.7663480393662487
0.5414188733798914	0.7671748260681834	0.3439601606095804	-0.3005117691218398
-0.8400820919906824	0.47730093370415905	0.25777149750322276	0.8845747464746867
0.0	0.0	0.0	1.0
27	46	32
-0.013810438811962093	-0.4274762092508338	0.9039212271332937	-2.915920674066863
0.5287509832928339	0.7641501570996931	0.36945503493801607	-0.3187993510105725
-0.8486646814606851	0.48305159099848977	0.2154752101525145	0.9048160339611299
0.0	0.0	0.0	1.0
36	49	33
0.8965685376756114	-0.25691760893950527	0.3607743500919075	-2.499883362554922
0.28753650713961476	0.9572040499875986	-0.03291145118222334	0.8733952310475785
-0.3368790872064188	0.1332432072525836	0.9320721305920548	-1.265793360383636
0.0	0.0	0.0	1.0
37	49	34
0.9419728433522739	-0.1877234085634809	0.2782933699972443	-2.3072618627335646
0.22114632158179579	0.9707255286006898	-0.09373539966551456	0.8654065665415898
-0.2525501170076357	0.1498396738808361	0.9559113623765981	-1.2413470580476864
0.0	0.0	0.0	1.0
