15	18	1
0.8491784892040712	0.19194478718667105	-0.491988999946701	0.4805976364973077
0.10942944918797101	0.8474368230353556	0.5194957514499496	0.26996910540192687
0.516644154955013	-0.4949826966341942	0.6986206395563386	-0.2673326784137604
0.0	0.0	0.0	1.0
16	18	2
0.9421350140235075	0.13803628381668323	-0.305495568521831	0.33968743341920565
0.06890923432773062	0.8120890238010796	0.5794504953133055	0.2642518947356661
0.3280747932412237	-0.5669720137188266	0.7555854655005296	-0.11802156818837058
0.0	0.0	0.0	1.0
19	21	3
0.5584202888388174	-0.14618498463625987	-0.8165763096001021	0.05189477813226757
0.12932114716825252	0.9876567387442213	-0.08837513354441791	0.037303466953563465
0.8194162728823128	-0.05625009414330845	0.5704323864392077	-0.07273223353705126
0.0	0.0	0.0	1.0
21	24	4
0.6727537433363274	-0.15455319537103646	-0.7235439370848971	-0.2560086104856586
0.04274224469649061	0.9844240147610832	-0.17053680916639216	-0.07214465504408119
0.7386309860225925	0.08380336168695311	0.6688807168241017	-0.18925072281968577
0.0	0.0	0.0	1.0
21	25	5
0.5684519780747517	-0.1759262181142416	-0.8036866836015143	-0.296742244653614
0.17004967940722918	0.9808996362367398	-0.09444088547743915	-0.025053088290167322
0.8049506387112104	-0.08298157503533996	0.5875104264991785	-0.25429132444744934
0.0	0.0	0.0	1.0
21	26	6
0.5390382891232636	-0.16835660710101424	-0.8252840054385879	-0.2990754808071572
0.16230234230406426	0.9822187944392958	-0.09436247998130157	-0.018117075629067347
0.8264960361312021	-0.08308056763950093	0.5567780697877015	-0.2581338448482738
0.0	0.0	0.0	1.0
22	24	7
0.9276878171821369	-0.05837559650529845	-0.36876529720320833	-0.16436011122591765
0.03366156723702303	0.9967561130367572	-0.07310565165856085	-0.05201294266316525
0.3718366543076415	0.05540599302903831	0.9266433662002805	-0.1476326666331147
0.0	0.0	0.0	1.0
22	25	8
0.8698071906498301	-0.07698763279663133	-0.4873483945711787	-0.21165749661355804
0.1159536637614054	0.9919829572917207	0.05024516302018493	0.003729829327795642
0.4795731003460665	-0.10021342439804709	0.8717608461187275	-0.20460306612424617
0.0	0.0	0.0	1.0
22	26	9
0.8519795992462136	-0.06879980466861675	-0.5190350634707306	-0.21575950300161395
0.10884166227616582	0.9929454075093119	0.04704193234142039	0.009952116396195088
0.5121370706705222	-0.0965714018829782	0.8534574203849233	-0.20514930364860717
0.0	0.0	0.0	1.0
23	30	10
0.949232300107028	0.024127377770755704	0.3136493081848648	0.16262804229341896
0.1088572249749175	0.9102609062856969	-0.399468464479175	-0.2906542463588637
-0.2951408275373144	0.4133313776495287	0.8614227632236022	-0.1373074456150033
0.0	0.0	0.0	1.0
24	28	11
0.9108316463507701	0.07974732630348498	0.4050012605639598	0.19640667306689277
-0.10551199350238405	0.9935450005990183	0.04165690395270609	0.03619075728363377
-0.39906496714943107	-0.08067492517317741	0.9133665169656618	0.041103208256083094
0.0	0.0	0.0	1.0
24	29	12
0.8808148036714232	0.008970610209676452	0.47337563674845784	0.2563255358734502
0.07114177046895324	0.9859614827647254	-0.15105849915668493	-0.12330435726477382
-0.46808533258124196	0.1667313813421424	0.8678113579634152	0.015200125023645381
0.0	0.0	0.0	1.0
25	29	13
0.8101950063572517	0.10476148258160108	0.5767225477691754	0.33029470965661356
0.07885110458337814	0.9554771969839347	-0.2843342625322613	-0.20902880347856806
-0.5808325438418206	0.275841426198758	0.7658622846625065	-0.011923442185913758
0.0	0.0	0.0	1.0
26	29	14
0.7887650030390178	0.09731794428376517	0.606942203845834	0.3349312126551667
0.09357904053721607	0.9568683493302623	-0.27503828109927614	-0.20973502016397091
-0.6075299802521087	0.27373764410333923	0.7456373729695185	-0.025492457551913917
0.0	0.0	0.0	1.0
28	32	15
0.9153847101127297	-0.08773526442577906	-0.39290368161040545	0.05498131314068675
-0.1851275129207076	0.7749142395772811	-0.6043473202892878	-0.47700185031601444
0.3574891541779511	0.6259475818854805	0.6931025434474605	-0.3628780707661772
0.0	0.0	0.0	1.0
34	36	16
0.8282329826714852	0.09012706746538648	-0.5530889756502386	-0.031742294014529014
-0.19602818552891182	0.9712216499631712	-0.1352832169829738	-0.15732709825279198
0.5249792608030706	0.22046699194866778	0.8220651660610974	0.13341932048101968
0.0	0.0	0.0	1.0
34	37	17
0.6841207760444314	0.15800988890066608	-0.7120474917508981	-0.20795988467832963
-0.34190654137764015	0.9318180045227972	-0.12171790628256351	-0.20265338373715147
0.6442660034311659	0.3267234193429492	0.6915006440397907	0.11058279570926238
0.0	0.0	0.0	1.0
36	39	18
0.6840232792142802	0.37220708166015404	-0.6273546895322744	-0.30301865795975913
-0.5072167810753692	0.8607778985413256	-0.042337271896464496	0.151786337769378
0.5242547504088598	0.3471645573848742	0.777581839516416	-0.29209576289007266
0.0	0.0	0.0	1.0
37	39	19
0.8298139939125326	0.3242163953062975	-0.454194268862433	-0.17849298552945822
-0.38669319650118344	0.9208989652831341	-0.049126225381904205	0.13845340262617917
0.40233949356913407	0.21639946156124878	0.8895471102034063	-0.2304548208700968
0.0	0.0	0.0	1.0
37	40	20
0.5820929106714723	0.4574475312842529	-0.6722423042023123	-0.0418398011784748
-0.5730480226028003	0.8173244679755709	0.059972282727592495	0.23118697493772408
0.5768742305687791	0.350317646597268	0.7378981189231552	-0.3035588369808451
0.0	0.0	0.0	1.0
38	43	21
0.17905099616609751	0.6507819571405506	-0.7378505205040486	0.4390795093851096
-0.6702255074605384	0.6297106675563314	0.392762101843201	0.3154722873655032
0.7202349039704784	0.4242018159532183	0.5489209893953214	-0.31118555927636143
0.0	0.0	0.0	1.0
44	46	22
0.9986387129964863	-0.038479951997621414	0.035215051112051435	0.11648913944525206
0.01621532346103193	0.8706863047680493	0.4915714672520099	0.3641367668168427
-0.04957684996844673	-0.49033130886678794	0.8701249856774158	-0.1328926765443294
0.0	0.0	0.0	1.0
45	47	23
0.8714624039143747	-0.006080162427813786	0.49042467784090815	0.00965540954245725
-0.1766300000050003	0.9289399848133518	0.3253802239615974	0.2991606083757592
-0.4575534532786236	-0.37018032926560707	0.8084623046288599	-0.08078070646973856
0.0	0.0	0.0	1.0
45	48	24
0.6675538602850524	-0.06066509455811231	0.7420859592091673	0.02214238061329965
-0.2479511815833367	0.9216730272389734	0.2983941993998906	0.3637163540592043
-0.7020627160222824	-0.383195273458123	0.6002244266884086	-0.05224470877368148
0.0	0.0	0.0	1.0
45	49	25
0.9415856273705514	0.052498765841518635	0.33265672479522	-0.0021105729800900974
-0.19094691731426397	0.8968787751526279	0.3989331628632374	0.401525009458358
-0.2774092722175981	-0.43914950537432307	0.8545126581732144	-0.09641658354041738
0.0	0.0	0.0	1.0
