15	18	1
0.8491784892040712	0.19194478718667093	-0.4919889999467008	0.4805976364973077
0.10942944918797103	0.8474368230353556	0.5194957514499496	0.26996910540192687
0.5166441549550131	-0.49498269663419414	0.6986206395563387	-0.2673326784137604
0.0	0.0	0.0	1.0
16	18	2
0.9421350140235075	0.13803628381668312	-0.30549556852183085	0.33968743341920565
0.06890923432773062	0.8120890238010796	0.5794504953133055	0.2642518947356657
0.32807479324122374	-0.5669720137188267	0.7555854655005297	-0.11802156818837058
0.0	0.0	0.0	1.0
19	21	3
0.5584202888388176	-0.14618498463625992	-0.8165763096001023	0.05189477813226801
0.12932114716825258	0.9876567387442213	-0.08837513354441809	0.03730346695356524
0.8194162728823129	-0.056250094143308574	0.570432386439207	-0.0727322335370477
0.0	0.0	0.0	1.0
21	24	4
0.6727537433363283	-0.1545531953710365	-0.7235439370848972	-0.2560086104856515
0.04274224469649053	0.9844240147610832	-0.17053680916639216	-0.07214465504408163
0.7386309860225916	0.08380336168695313	0.6688807168241017	-0.18925072281968577
0.0	0.0	0.0	1.0
21	25	5
0.5684519780747511	-0.17592621811424147	-0.803686683601514	-0.29674224465361754
0.1700496794072292	0.9808996362367398	-0.0944408854774392	-0.025053088290167322
0.8049506387112109	-0.08298157503534005	0.5875104264991783	-0.2542913244474458
0.0	0.0	0.0	1.0
21	26	6
0.5390382891232639	-0.16835660710101427	-0.825284005438588	-0.2990754808071643
0.16230234230406418	0.982218794439296	-0.0943624799813016	-0.018117075629067347
0.8264960361312019	-0.08308056763950093	0.5567780697877016	-0.25813384484827556
0.0	0.0	0.0	1.0
22	24	7
0.9276878171821378	-0.05837559650529845	-0.36876529720320805	-0.1643601112259141
0.03366156723702295	0.9967561130367572	-0.0731056516585609	-0.05201294266316614
0.3718366543076407	0.055405993029038286	0.9266433662002801	-0.14763266663311825
0.0	0.0	0.0	1.0
22	25	8
0.8698071906498296	-0.07698763279663123	-0.4873483945711787	-0.2116574966135616
0.11595366376140544	0.9919829572917207	0.050245163020184884	0.003729829327795642
0.47957310034606704	-0.10021342439804715	0.8717608461187274	-0.20460306612424262
0.0	0.0	0.0	1.0
22	26	9
0.8519795992462139	-0.06879980466861675	-0.5190350634707306	-0.2157595030016175
0.10884166227616572	0.9929454075093122	0.047041932341420345	0.0099521163961942
0.5121370706705219	-0.09657140188297822	0.8534574203849233	-0.20514930364860895
0.0	0.0	0.0	1.0
23	30	10
0.9492323001070281	0.024127377770755718	0.3136493081848649	0.16262804229341896
0.10885722497491751	0.9102609062856969	-0.399468464479175	-0.2906542463588637
-0.29514082753731447	0.4133313776495287	0.8614227632236021	-0.13730744561499975
0.0	0.0	0.0	1.0
24	28	11
0.9108316463507697	0.07974732630348498	0.40500126056395963	0.19640667306688922
-0.1055119935023838	0.9935450005990183	0.04165690395270623	0.03619075728363555
-0.39906496714943035	-0.08067492517317736	0.9133665169656624	0.04110320825608665
0.0	0.0	0.0	1.0
24	29	12
0.880814803671423	0.008970610209676433	0.47337563674845756	0.25632553587345197
0.07114177046895317	0.9859614827647255	-0.15105849915668507	-0.12330435726477382
-0.468085332581241	0.1667313813421425	0.8678113579634165	0.015200125023648934
0.0	0.0	0.0	1.0
25	29	13
0.8101950063572515	0.104761482581601	0.5767225477691751	0.33029470965661534
0.07885110458337809	0.9554771969839349	-0.28433426253226146	-0.20902880347856828
-0.5808325438418198	0.2758414261987583	0.7658622846625077	-0.011923442185910205
0.0	0.0	0.0	1.0
26	29	14
0.7887650030390175	0.0973179442837651	0.6069422038458335	0.33493121265516845
0.09357904053721601	0.9568683493302624	-0.2750382810992763	-0.20973502016397114
-0.6075299802521079	0.2737376441033395	0.7456373729695198	-0.025492457551910364
0.0	0.0	0.0	1.0
28	32	15
0.9153847101127288	-0.08773526442577838	-0.3929036816104056	0.05498131314068675
-0.18512751292070806	0.7749142395772814	-0.604347320289288	-0.47700185031601444
0.3574891541779519	0.6259475818854799	0.6931025434474606	-0.3628780707661772
0.0	0.0	0.0	1.0
34	36	16
0.8282329826714852	0.09012706746538611	-0.5530889756502387	-0.03174229401452546
-0.19602818552891182	0.9712216499631713	-0.13528321698297377	-0.15732709825279287
0.5249792608030706	0.22046699194866753	0.8220651660610971	0.13341932048102145
0.0	0.0	0.0	1.0
34	37	17
0.684120776044431	0.158009888900666	-0.7120474917508983	-0.20795988467833318
-0.34190654137764	0.9318180045227972	-0.12171790628256343	-0.20265338373715147
0.6442660034311655	0.32672341934294913	0.6915006440397906	0.11058279570925883
0.0	0.0	0.0	1.0
36	39	18
0.6840232792142802	0.37220708166015415	-0.6273546895322744	-0.3030186579597609
-0.5072167810753692	0.8607778985413255	-0.04233727189646441	0.15178633776938155
0.5242547504088598	0.3471645573848744	0.7775818395164159	-0.29209576289007977
0.0	0.0	0.0	1.0
37	39	19
0.8298139939125325	0.32421639530629753	-0.45419426886243297	-0.17849298552946
-0.3866931965011835	0.920898965283134	-0.04912622538190415	0.13845340262617917
0.40233949356913407	0.21639946156124898	0.8895471102034062	-0.23045482087010036
0.0	0.0	0.0	1.0
37	40	20
0.5820929106714721	0.45744753128425286	-0.6722423042023125	-0.0418398011784748
-0.5730480226028003	0.8173244679755711	0.05997228272759227	0.23118697493772053
0.5768742305687791	0.35031764659726794	0.7378981189231556	-0.3035588369808416
0.0	0.0	0.0	1.0
38	43	21
0.17905099616609718	0.65078195714055	-0.7378505205040482	0.4390795093851167
-0.6702255074605385	0.6297106675563312	0.39276210184320115	0.3154722873655032
0.7202349039704786	0.4242018159532187	0.5489209893953212	-0.31118555927636143
0.0	0.0	0.0	1.0
44	46	22
0.9986387129964861	-0.038479951997621366	0.03521505111205133	0.11648913944525206
0.016215323461031918	0.8706863047680493	0.4915714672520099	0.3641367668168431
-0.049576849968446565	-0.4903313088667879	0.8701249856774156	-0.13289267654432585
0.0	0.0	0.0	1.0
45	47	23
0.8714624039143746	-0.006080162427813718	0.4904246778409079	0.00965540954245725
-0.17663000000500023	0.9289399848133518	0.32538022396159755	0.2991606083757583
-0.4575534532786232	-0.37018032926560723	0.8084623046288606	-0.08078070646974211
0.0	0.0	0.0	1.0
45	48	24
0.6675538602850524	-0.06066509455811231	0.7420859592091673	0.02214238061329965
-0.2479511815833366	0.9216730272389733	0.29839419939989076	0.3637163540592052
-0.7020627160222819	-0.38319527345812304	0.6002244266884094	-0.05224470877368148
0.0	0.0	0.0	1.0
45	49	25
0.941585627370552	0.052498765841518726	0.33265672479521996	-0.0021105729800900974
-0.1909469173142641	0.896878775152628	0.39893316286323766	0.4015250094583589
-0.2774092722175986	-0.4391495053743232	0.8545126581732148	-0.09641658354041382
0.0	0.0	0.0	1.0
