0	1	38401
0.90641624	0.24671650	-0.34284201	-0.19284903
-0.24929567	0.96770918	0.03728894	0.31978995
0.34097117	0.05166972	0.93865269	-0.54073352
0.00000000	0.00000000	0.00000000	1.00000000
1	2	42745
0.80547380	0.19200903	-0.56066418	0.21190628
-0.35752925	0.91194224	-0.20133142	0.61211270
0.47263590	0.36262110	0.80319434	-1.69740260
0.00000000	0.00000000	0.00000000	1.00000000
2	3	41656
0.99841177	0.01950357	-0.05285380	-0.17542860
-0.00004105	0.93841541	0.34550905	0.41272673
0.05633748	-0.34495819	0.93692583	0.56420958
0.00000000	0.00000000	0.00000000	1.00000000
3	4	54906
0.75661677	0.35049805	-0.55198038	-0.64816058
-0.42729282	0.90403825	-0.01165492	0.99322009
0.49492624	0.24467555	0.83377570	-1.47155166
0.00000000	0.00000000	0.00000000	1.00000000
4	5	85502
0.62634325	0.42485255	-0.65360117	-0.40955997
-0.32933593	0.90415257	0.27211419	0.91009140
0.70656347	0.04481741	0.70622885	-1.48784006
0.00000000	0.00000000	0.00000000	1.00000000
5	6	81909
0.87253946	0.33938164	-0.35141811	-0.59103572
-0.29921031	0.93985623	0.16475259	0.15385813
0.38619646	-0.03860524	0.92160839	-0.38736480
0.00000000	0.00000000	0.00000000	1.00000000
6	7	79391
0.80997562	0.39856720	-0.43021324	-0.37968683
-0.38598153	0.91458786	0.12061242	0.44781992
0.44153994	0.06836125	0.89463353	-0.47419867
0.00000000	0.00000000	0.00000000	1.00000000
7	8	91909
0.78476417	0.37856391	-0.49074876	-0.29413763
-0.42798033	0.90369856	0.01272334	0.40487260
0.44830549	0.20004599	0.87120825	-0.73157239
0.00000000	0.00000000	0.00000000	1.00000000
8	9	103747
0.99182796	-0.09898223	0.08049783	0.47309846
0.10076479	0.99474061	-0.01838164	-0.77337849
-0.07825498	0.02634277	0.99658513	0.58655792
0.00000000	0.00000000	0.00000000	1.00000000
9	10	85315
0.96243232	0.16110465	-0.21856144	-0.25727510
-0.11863460	0.97355837	0.19521746	0.03357985
0.24423273	-0.16195464	0.95609671	0.28887722
0.00000000	0.00000000	0.00000000	1.00000000
10	11	75338
0.99936026	-0.01466024	-0.03261915	0.37917051
0.01398634	0.99968594	-0.02079278	-0.55239737
0.03291374	0.02032326	0.99925154	0.34404293
0.00000000	0.00000000	0.00000000	1.00000000
11	12	73481
0.99633706	0.08418611	-0.01498901	0.12012006
-0.08475269	0.99550152	-0.04235418	-0.37252718
0.01135595	0.04346943	0.99899018	0.34205341
0.00000000	0.00000000	0.00000000	1.00000000
12	13	92758
0.95531106	0.19447406	-0.22262184	-0.07734071
-0.19377589	0.98072213	0.02519416	-0.05331878
0.22322978	0.01907049	0.97457916	0.03625330
0.00000000	0.00000000	0.00000000	1.00000000
13	14	77984
0.52367997	0.61390436	-0.59066141	-0.31508112
-0.51634604	0.78019506	0.35310426	1.21593761
0.67760319	0.12007206	0.72555959	-1.15860677
0.00000000	0.00000000	0.00000000	1.00000000
14	15	83264
0.65006101	0.57134813	-0.50098085	-0.36201063
-0.55474490	0.80738515	0.20096551	1.12455797
0.51930588	0.14727682	0.84180218	-0.90548438
0.00000000	0.00000000	0.00000000	1.00000000
15	16	85669
0.89332324	0.30539483	-0.32970852	-0.31577465
-0.27731660	0.95189756	0.13033123	0.12261222
0.35365123	-0.02499426	0.93504328	-0.13301681
0.00000000	0.00000000	0.00000000	1.00000000
16	17	67564
0.97736937	0.16655205	-0.13042054	-0.40703711
-0.17021611	0.98525316	-0.01739012	-0.27633411
0.12560095	0.03919626	0.99130625	0.24871488
0.00000000	0.00000000	0.00000000	1.00000000
17	18	60235
0.99127084	0.08584694	-0.10006168	0.04344344
-0.08340985	0.99611354	0.02829787	-0.37146863
0.10210209	-0.01970473	0.99457872	0.35742262
0.00000000	0.00000000	0.00000000	1.00000000
18	19	73596
0.98535693	-0.11890344	0.12220307	0.44062719
0.12888213	0.98864567	-0.07726142	-0.88772923
-0.11162890	0.09187987	0.98949337	0.58701748
0.00000000	0.00000000	0.00000000	1.00000000
19	20	83842
0.97439373	0.13836980	-0.17723051	-0.03691003
-0.13208362	0.99013102	0.04684728	-0.14304650
0.18196364	-0.02223844	0.98305380	0.16773167
0.00000000	0.00000000	0.00000000	1.00000000
20	21	75544
0.53059518	0.62510353	-0.57246315	-0.01404155
-0.57001120	0.76299620	0.30483419	1.29659653
0.62734020	0.16456684	0.76115835	-1.19343150
0.00000000	0.00000000	0.00000000	1.00000000
21	22	70749
0.04575841	0.83700264	-0.54528230	0.70964843
-0.72666246	0.40244812	0.55677408	2.60219693
0.68546921	0.37075907	0.62663352	-1.95169997
0.00000000	0.00000000	0.00000000	1.00000000
22	23	92552
0.81373090	0.41285163	-0.40913990	-0.25635260
-0.47665516	0.87681252	-0.06324378	0.94465560
0.33262870	0.24648207	0.91027719	-1.06436312
0.00000000	0.00000000	0.00000000	1.00000000
23	24	105053
0.96956736	-0.19198723	0.15192078	0.44131023
0.17074630	0.97497207	0.14239119	-0.69294673
-0.17545582	-0.11211798	0.97808218	0.74872762
0.00000000	0.00000000	0.00000000	1.00000000
24	25	98068
0.96296471	-0.06834118	0.26082253	0.19484359
0.08023585	0.99615335	-0.03521938	-0.47627059
-0.25741231	0.05484235	0.96474409	0.58952338
0.00000000	0.00000000	0.00000000	1.00000000
25	26	90193
0.99587303	0.02424939	-0.08745821	-0.13374358
-0.02274684	0.99957663	0.01813615	-0.53059834
0.08786097	-0.01607190	0.99600309	0.45256716
0.00000000	0.00000000	0.00000000	1.00000000
26	27	117431
0.97999996	-0.18059801	0.08357250	0.14435548
0.18650168	0.98001474	-0.06919668	-0.71986598
-0.06940550	0.08339916	0.99409640	0.27888766
0.00000000	0.00000000	0.00000000	1.00000000
27	28	101358
0.96258348	-0.23900868	0.12770273	0.37442034
0.24723098	0.96752036	-0.05273714	-0.78760886
-0.11095036	0.08233596	0.99040937	0.45084834
0.00000000	0.00000000	0.00000000	1.00000000
28	29	96602
0.98110574	-0.14950967	0.12279456	0.07162407
0.14550608	0.98850739	0.04099962	-0.74061936
-0.12751320	-0.02235761	0.99158490	0.84492952
0.00000000	0.00000000	0.00000000	1.00000000
29	30	113205
0.90923214	0.38892713	-0.14843406	-0.66202152
-0.36194801	0.91472393	0.17964979	0.55964929
0.20564672	-0.10961790	0.97246736	0.21909292
0.00000000	0.00000000	0.00000000	1.00000000
30	31	97639
0.82534325	-0.36561191	0.43027496	1.03632164
0.42224941	0.90557593	-0.04046536	-1.19968784
-0.37485212	0.21508114	0.90179050	0.73365432
0.00000000	0.00000000	0.00000000	1.00000000
31	32	31307
-0.42547369	-0.74706918	0.51074445	4.69422531
0.59509724	0.19422083	0.77983159	0.93369812
-0.68178529	0.63574040	0.36194307	-0.10572640
0.00000000	0.00000000	0.00000000	1.00000000
32	33	46607
0.98786718	0.15054780	-0.03812987	-0.30938947
-0.14622924	0.98437488	0.09809691	0.48427498
0.05230235	-0.09133102	0.99444604	-0.00666454
0.00000000	0.00000000	0.00000000	1.00000000
33	34	37925
0.42012385	0.67367446	-0.60799563	-0.56999874
-0.75859690	0.62841702	0.17211297	2.70899439
0.49802288	0.38891473	0.77506036	-2.12862468
0.00000000	0.00000000	0.00000000	1.00000000
34	35	82266
0.71093208	-0.42884785	0.55737329	1.27409029
0.48679835	0.87207812	0.05007098	-1.60713613
-0.50754589	0.23573130	0.82875085	1.17830455
0.00000000	0.00000000	0.00000000	1.00000000
35	36	94527
0.99462378	-0.08042475	0.06523382	0.57245463
0.07632481	0.99508548	0.06308174	-0.74027765
-0.06998655	-0.05776364	0.99587405	0.97234309
0.00000000	0.00000000	0.00000000	1.00000000
36	37	94108
0.93169367	-0.25886717	0.25482273	1.21940339
0.27214870	0.96209270	-0.01767851	-1.00598943
-0.24058673	0.08582065	0.96682608	0.68131679
0.00000000	0.00000000	0.00000000	1.00000000
37	38	65529
0.98667043	-0.08984631	0.13568063	0.66794640
0.08292387	0.99498981	0.05584890	-0.75090611
-0.14001867	-0.04385329	0.98917735	0.96920991
0.00000000	0.00000000	0.00000000	1.00000000
38	39	75342
0.98314083	-0.10200476	0.15175250	0.36516371
0.10634962	0.99411184	-0.02077414	-0.96216410
-0.14873993	0.03656273	0.98820019	0.86266506
0.00000000	0.00000000	0.00000000	1.00000000
39	40	85928
0.73845536	-0.44168651	0.50950640	1.33283269
0.46927583	0.87923139	0.08205081	-1.15953374
-0.48421475	0.17850818	0.85654593	1.37554562
0.00000000	0.00000000	0.00000000	1.00000000
40	41	115957
0.57312417	-0.54300088	0.61374158	1.52603006
0.54065621	0.81337243	0.21474645	-1.14002633
-0.61580789	0.20874676	0.75974017	1.36973786
0.00000000	0.00000000	0.00000000	1.00000000
41	42	89845
0.94459456	-0.22107892	0.24262126	0.42599460
0.20946671	0.97508734	0.07299506	-0.64777285
-0.25271460	-0.01812966	0.96737099	0.97981834
0.00000000	0.00000000	0.00000000	1.00000000
42	43	87253
0.91953325	-0.27000540	0.28557983	0.66492152
0.28864184	0.95712453	-0.02446599	-1.03367484
-0.26672953	0.10492761	0.95804262	0.77719289
0.00000000	0.00000000	0.00000000	1.00000000
43	44	171953
0.96944702	0.05218620	-0.23968518	-0.23558515
-0.16177839	0.87050742	-0.46480596	0.29640493
0.18439128	0.48938066	0.85235345	-1.50562680
0.00000000	0.00000000	0.00000000	1.00000000
44	45	114281
0.97006369	-0.13982992	0.19855531	0.38339698
0.04883090	0.91321188	0.40454873	0.33229771
-0.23789105	-0.38274232	0.89270163	1.28867304
0.00000000	0.00000000	0.00000000	1.00000000
45	46	103165
0.83318335	-0.33703375	0.43842179	1.07412469
0.34610170	0.93615133	0.06192291	-0.74823260
-0.43129921	0.10014539	0.89663345	0.92455953
0.00000000	0.00000000	0.00000000	1.00000000
46	47	128450
0.90307176	-0.21262115	0.37316695	0.18189546
0.18378535	0.97660166	0.11167868	-0.32223323
-0.38818076	-0.03227124	0.92101806	0.98864681
0.00000000	0.00000000	0.00000000	1.00000000
47	48	105126
0.99028862	0.05420441	-0.12802500	-0.28119707
-0.04481807	0.99616879	0.07509425	-0.33005559
0.13160497	-0.06862714	0.98892385	0.39517599
0.00000000	0.00000000	0.00000000	1.00000000
48	49	93042
0.79058963	0.09614200	-0.60475188	0.11118364
-0.40856433	0.81844956	-0.40399936	0.90581405
0.45611754	0.56647772	0.68633795	-2.38475347
0.00000000	0.00000000	0.00000000	1.00000000
49	50	114198
0.97243261	-0.08208770	-0.21825735	0.28334025
0.04953544	0.98734617	-0.15064365	-0.21751627
0.22786160	0.13567936	0.96419412	-0.44907999
0.00000000	0.00000000	0.00000000	1.00000000
50	51	78919
0.86469269	-0.22835353	0.44739401	0.81571239
0.05158680	0.92635047	0.37311348	0.34691116
-0.49964553	-0.29954880	0.81278837	1.78144050
0.00000000	0.00000000	0.00000000	1.00000000
51	52	115110
0.73009527	-0.32321075	0.60207611	1.49382424
0.19043791	0.94240201	0.27497622	-0.00708085
-0.65627301	-0.08610073	0.74959475	1.43079257
0.00000000	0.00000000	0.00000000	1.00000000
52	53	93329
0.99042481	0.10638813	-0.08797981	-0.56318945
-0.11004384	0.99320805	-0.03778810	-0.21367772
0.08336207	0.04710789	0.99540514	0.14738581
0.00000000	0.00000000	0.00000000	1.00000000
53	54	131870
0.99715620	0.02837453	-0.06981666	-0.24061228
-0.02324562	0.99704570	0.07320867	-0.22198033
0.07168768	-0.07137755	0.99486989	0.39698106
0.00000000	0.00000000	0.00000000	1.00000000
54	55	32550
0.25578204	-0.69296002	0.67407858	3.10884595
0.72184741	0.60071176	0.34363011	-0.40622684
-0.64304894	0.39868736	0.65386277	0.26747739
0.00000000	0.00000000	0.00000000	1.00000000
55	56	81753
0.87199944	-0.26453051	0.41187477	1.11630034
0.29796496	0.95440984	-0.01785664	-0.57133901
-0.38837373	0.13829523	0.91106546	0.43723118
0.00000000	0.00000000	0.00000000	1.00000000
56	57	57382
0.58402693	0.55494040	-0.59241349	-0.76312256
-0.62583041	0.77261621	0.10677379	1.82253480
0.51696140	0.30839157	0.79852730	-1.87117100
0.00000000	0.00000000	0.00000000	1.00000000
57	58	70823
0.67870802	0.40694639	-0.61135095	-0.71176249
-0.40161183	0.90260476	0.15495947	1.07423246
0.61486852	0.14035358	0.77603966	-1.59464467
0.00000000	0.00000000	0.00000000	1.00000000
58	59	111095
0.99970061	-0.00292524	-0.02429437	-0.16622248
0.00254555	0.99987447	-0.01564483	-0.42027622
0.02433709	0.01557830	0.99958241	0.32432461
0.00000000	0.00000000	0.00000000	1.00000000
59	60	118350
0.97208571	0.11808746	-0.20274249	-0.36730629
-0.09919912	0.98993278	0.10095853	-0.07997786
0.21262337	-0.07802848	0.97401386	0.11975306
0.00000000	0.00000000	0.00000000	1.00000000
60	61	159003
0.91186333	-0.24953529	0.32594129	0.55940557
0.26471430	0.96432424	-0.00230221	-0.85227007
-0.31373861	0.08838065	0.94538736	0.83237910
0.00000000	0.00000000	0.00000000	1.00000000
61	62	100971
0.72387314	0.49834466	-0.47713766	-0.13621266
-0.50685114	0.85331535	0.12229027	1.35244846
0.46809164	0.15331508	0.87027860	-1.27179110
0.00000000	0.00000000	0.00000000	1.00000000
62	63	75565
0.83197027	0.03828313	-0.55349773	-0.04477197
-0.32310921	0.84441996	-0.42726505	0.47437966
0.45102751	0.53431213	0.71490198	-2.13108897
0.00000000	0.00000000	0.00000000	1.00000000
63	64	92717
0.98624229	-0.02217923	-0.16381148	-0.03974139
0.00392646	0.99382174	-0.11091876	-0.09416977
0.16525948	0.10874958	0.98023605	-0.52328414
0.00000000	0.00000000	0.00000000	1.00000000
64	65	94061
0.81880867	-0.36750731	0.44101098	1.25585616
0.11055768	0.85479313	0.50705588	0.44170704
-0.56331980	-0.36642459	0.74054277	1.84962523
0.00000000	0.00000000	0.00000000	1.00000000
65	66	126490
0.98832750	0.00264087	0.15232122	0.30074662
-0.00302130	0.99999291	0.00226612	-0.17456235
-0.15231414	-0.00269987	0.98832846	0.52026480
0.00000000	0.00000000	0.00000000	1.00000000
66	67	102494
0.95202154	0.12465898	-0.27949101	-0.18158959
-0.16504396	0.97822058	-0.12587675	-0.01180768
0.25771216	0.16596568	0.95186120	-0.54512572
0.00000000	0.00000000	0.00000000	1.00000000
67	68	142699
0.99600595	0.05175012	-0.07276023	-0.18981835
-0.07864247	0.89432991	-0.44044241	0.02977035
0.04227870	0.44440526	0.89482760	-1.02038646
0.00000000	0.00000000	0.00000000	1.00000000
68	69	117764
0.96949148	-0.10955014	0.21928273	0.38166201
0.04651351	0.96054000	0.27422509	0.22123885
-0.24067125	-0.25565934	0.93633097	0.98123533
0.00000000	0.00000000	0.00000000	1.00000000
69	70	113738
0.97425741	-0.15949719	0.15932108	0.60775560
0.11254170	0.95645434	0.26931295	-0.12262382
-0.19533798	-0.24444985	0.94978285	1.34407353
0.00000000	0.00000000	0.00000000	1.00000000
70	71	45354
0.99314803	0.06614584	0.09634157	-0.16281290
-0.03468474	0.95409018	-0.29750425	-0.39896140
-0.11159723	0.29212418	0.94984710	0.07731596
0.00000000	0.00000000	0.00000000	1.00000000
71	72	63938
0.99753922	0.01578262	0.06831156	-0.19244140
0.01082461	0.92798138	-0.37246937	-0.48999363
-0.06927038	0.37229219	0.92552692	-0.73126131
0.00000000	0.00000000	0.00000000	1.00000000
72	73	64007
0.99782324	0.00681019	0.06559271	0.04662436
-0.03815830	0.87085134	0.49006325	0.62978321
-0.05378407	-0.49149936	0.86921555	1.17726815
0.00000000	0.00000000	0.00000000	1.00000000
73	74	67966
0.99661177	-0.08216143	0.00381550	0.14780267
0.06639658	0.77627319	-0.62689042	0.49612287
0.04854434	0.62501967	0.77909815	-1.39317167
0.00000000	0.00000000	0.00000000	1.00000000
74	75	56745
0.95687991	-0.05703541	0.28482920	0.51295829
-0.06303956	0.91639352	0.39528310	0.48598492
-0.28356081	-0.39619404	0.87328327	1.28213382
0.00000000	0.00000000	0.00000000	1.00000000
75	76	106211
0.85873020	-0.30688372	0.41037148	1.06767309
0.12519027	0.90221250	0.41272271	0.20250835
-0.49690017	-0.30304292	0.81317604	1.44873333
0.00000000	0.00000000	0.00000000	1.00000000
76	77	143370
0.66855866	-0.45169798	0.59076035	1.40879703
0.50679070	0.85810483	0.08257943	-0.77308989
-0.54423523	0.24418272	0.80260992	0.65297627
0.00000000	0.00000000	0.00000000	1.00000000
77	78	117946
0.80481374	-0.29994956	0.51215732	1.47177994
0.30138177	0.94990808	0.08272519	-0.58708090
-0.51131576	0.08777657	0.85489845	0.89159149
0.00000000	0.00000000	0.00000000	1.00000000
78	79	90714
0.87877405	0.33781853	-0.33709729	-0.41409212
-0.33649090	0.93948859	0.06430519	0.43599027
0.33842251	0.05692038	0.93927103	-0.36532548
0.00000000	0.00000000	0.00000000	1.00000000
79	80	116482
0.98269743	0.14471298	-0.11560228	-0.27904570
-0.14500190	0.98941350	0.00595114	0.44854060
0.11523966	0.01091438	0.99327773	-0.46545461
0.00000000	0.00000000	0.00000000	1.00000000
80	81	121766
0.94198996	0.18982676	-0.27680504	-0.07395113
-0.18626361	0.98171097	0.03936553	0.44864175
0.27921513	0.01447679	0.96011937	-0.57488555
0.00000000	0.00000000	0.00000000	1.00000000
81	82	145575
0.97206801	0.08038918	-0.22050178	-0.48632443
-0.09093079	0.99512947	-0.03806437	0.01151851
0.21636787	0.05705155	0.97464365	-0.41976357
0.00000000	0.00000000	0.00000000	1.00000000
82	83	150812
0.96199268	0.13932945	-0.23485576	-0.28824201
-0.18074374	0.96956658	-0.16514395	0.01383186
0.20469886	0.20131600	0.95789891	-0.52044177
0.00000000	0.00000000	0.00000000	1.00000000
83	84	94784
0.94057804	0.06411065	-0.33347082	-0.12011643
-0.14293239	0.96553260	-0.21752465	0.04936720
0.30803129	0.25226268	0.91732240	-0.97591698
0.00000000	0.00000000	0.00000000	1.00000000
84	85	109086
0.99749523	-0.00931780	0.07011701	0.20119900
0.01724721	0.99340558	-0.11334839	-0.14055443
-0.06859847	0.11427382	0.99107808	0.01254042
0.00000000	0.00000000	0.00000000	1.00000000
85	86	90564
0.98790950	-0.10977318	0.10947400	0.43956664
0.07245561	0.95119965	0.29994908	0.17313834
-0.13705799	-0.28839058	0.94765294	1.13185751
0.00000000	0.00000000	0.00000000	1.00000000
86	87	135011
0.95609438	-0.19401003	0.21964443	0.81141043
0.14096852	0.96154696	0.23570174	-0.06306241
-0.25692692	-0.19439018	0.94667894	0.93197048
0.00000000	0.00000000	0.00000000	1.00000000
87	88	88259
0.95929712	0.17819385	-0.21908030	-0.01530932
-0.20932038	0.96942574	-0.12805679	-0.00354949
0.18956318	0.16870248	0.96726692	-0.37373158
0.00000000	0.00000000	0.00000000	1.00000000
88	89	79661
0.94325250	0.16852666	-0.28613549	0.19071154
-0.15469502	0.98544729	0.07044808	0.11379833
0.29384381	-0.02218660	0.95559591	-0.15439525
0.00000000	0.00000000	0.00000000	1.00000000
89	90	74585
0.99532205	0.07727607	-0.05798617	-0.03788847
-0.07718691	0.99700952	0.00377935	0.25698084
0.05810482	0.00071410	0.99831021	-0.33935407
0.00000000	0.00000000	0.00000000	1.00000000
90	91	45551
0.97333819	0.00737022	-0.22925629	0.00444161
-0.11060312	0.89069265	-0.44094598	-0.09304378
0.20094706	0.45454606	0.86776042	-1.08331776
0.00000000	0.00000000	0.00000000	1.00000000
91	92	59418
0.97963470	-0.00963047	-0.20055671	0.16326906
-0.04068983	0.96860218	-0.24526358	-0.03107684
0.19662167	0.24842933	0.94848448	-0.73927104
0.00000000	0.00000000	0.00000000	1.00000000
92	93	50954
0.98265624	-0.09519957	0.15913428	0.32891256
0.03861095	0.94439268	0.32654491	0.52762336
-0.18137220	-0.31473711	0.93168914	0.88468939
0.00000000	0.00000000	0.00000000	1.00000000
93	94	37514
0.99256563	0.07543110	0.09551712	-0.12292808
-0.02987821	0.91178864	-0.40957168	-0.22297825
-0.11798584	0.40367290	0.90726376	-0.62705302
0.00000000	0.00000000	0.00000000	1.00000000
94	95	47637
0.73564792	-0.14861391	-0.66086012	0.55661470
0.21314237	0.97686285	0.01758664	-0.31766823
0.64295608	-0.15379487	0.75030309	-0.86761445
0.00000000	0.00000000	0.00000000	1.00000000
95	96	57077
0.98950976	0.03743341	0.13953169	-0.72039890
-0.03102248	0.99837303	-0.04784190	0.06844688
-0.14109555	0.04301141	0.98906124	0.35342351
0.00000000	0.00000000	0.00000000	1.00000000
96	97	65078
0.99244034	-0.01888113	-0.12126690	-0.44915965
0.02346693	0.99905807	0.03649948	0.10413952
0.12046352	-0.03906932	0.99194854	0.14806874
0.00000000	0.00000000	0.00000000	1.00000000
97	98	42279
0.96122450	-0.11282868	0.25162899	0.30587626
-0.02163131	0.87880874	0.47668347	0.65828472
-0.27491733	-0.46364281	0.84229189	1.36216795
0.00000000	0.00000000	0.00000000	1.00000000
98	99	64230
0.49795076	-0.38413167	0.77748829	2.01412368
0.28569686	0.91916007	0.27114952	-0.18172982
-0.81879330	0.08710684	0.56744164	1.19929230
0.00000000	0.00000000	0.00000000	1.00000000
99	100	57990
0.64004439	-0.33445212	0.69172609	1.97769678
0.38156223	0.91978663	0.09166612	-0.78184390
-0.66689843	0.20526619	0.71631861	1.09938693
0.00000000	0.00000000	0.00000000	1.00000000
100	101	78654
0.93077922	0.02598775	0.36465693	0.24015334
0.11834323	0.92234361	-0.36780071	-0.33117232
-0.34589720	0.38549593	0.85542268	-0.27157006
0.00000000	0.00000000	0.00000000	1.00000000
101	102	73861
0.88113552	-0.31154698	0.35572267	1.07674181
0.13833012	0.88919306	0.43612003	0.20830311
-0.45217794	-0.33507371	0.82659584	2.16925907
0.00000000	0.00000000	0.00000000	1.00000000
102	103	76548
0.93174118	-0.24204443	0.27068955	0.85642445
0.20503342	0.96592414	0.15796128	-0.54469407
-0.29969925	-0.09167865	0.94961858	1.29905403
0.00000000	0.00000000	0.00000000	1.00000000
103	104	109215
0.81316578	-0.37693262	0.44348973	1.32014716
0.40040830	0.91529161	0.04375509	-0.67052543
-0.42241520	0.14199680	0.89521074	0.56579816
0.00000000	0.00000000	0.00000000	1.00000000
104	105	82488
0.85482651	-0.34073055	0.39137495	1.21670532
0.35263458	0.93474597	0.04357735	-0.45349467
-0.38068420	0.10076126	0.91919893	0.44133675
0.00000000	0.00000000	0.00000000	1.00000000
105	106	77392
0.70607275	-0.44457743	0.55119157	1.96309829
0.50585341	0.86135155	0.04674977	-0.59348810
-0.49555373	0.24581352	0.83306795	0.24307516
0.00000000	0.00000000	0.00000000	1.00000000
106	107	132929
0.99888945	0.04130588	0.02266353	0.05605499
-0.03717444	0.98649675	-0.15950578	-0.67311299
-0.02894603	0.15848613	0.98693681	0.31259856
0.00000000	0.00000000	0.00000000	1.00000000
107	108	135518
0.79906768	0.35245267	-0.48710164	-0.36646533
-0.34240666	0.93271005	0.11317976	0.31958601
0.49421510	0.07634855	0.86598068	-0.41604796
0.00000000	0.00000000	0.00000000	1.00000000
108	109	80132
0.88155556	-0.29397589	0.36937502	1.11939204
0.30021408	0.95294970	0.04193256	-0.65995264
-0.36432302	0.07392573	0.92833382	0.78117424
0.00000000	0.00000000	0.00000000	1.00000000
109	110	68415
0.81973052	-0.36061120	0.44497329	1.40217876
0.37302220	0.92568111	0.06299997	-0.67591637
-0.43462184	0.11434190	0.89332515	0.75680053
0.00000000	0.00000000	0.00000000	1.00000000
110	111	63766
0.10648361	-0.50399077	0.85711986	2.75425291
0.69425261	0.65478992	0.29876989	-0.65888721
-0.71181077	0.56324357	0.41962135	0.26432636
0.00000000	0.00000000	0.00000000	1.00000000
111	112	124476
0.77168465	-0.25953496	0.58064157	1.04891610
0.34773508	0.93658262	-0.04351369	-0.60217696
-0.53252542	0.23548825	0.81299567	0.48949963
0.00000000	0.00000000	0.00000000	1.00000000
112	113	164498
0.95965648	-0.15783066	0.23269972	0.10160601
0.13805285	0.98545814	0.09906406	-0.25684896
-0.24495119	-0.06294260	0.96749014	0.75048685
0.00000000	0.00000000	0.00000000	1.00000000
113	114	135827
0.75907898	-0.36062613	0.54198498	1.19989419
0.38995576	0.91853511	0.06502111	-0.58834600
-0.52128047	0.16199398	0.83786893	0.72423989
0.00000000	0.00000000	0.00000000	1.00000000
114	115	135205
0.96788007	0.21980675	-0.12203714	-0.33635092
-0.21597926	0.97540975	0.04391793	-0.14177929
0.12868965	-0.01614980	0.99155337	0.45325190
0.00000000	0.00000000	0.00000000	1.00000000
115	116	94900
0.85306585	-0.35480210	0.38261506	1.26962674
0.32109636	0.93492204	0.15105516	-1.06926608
-0.41130993	-0.00600366	0.91147584	1.68474865
0.00000000	0.00000000	0.00000000	1.00000000
116	117	103191
0.99484336	-0.06362894	0.07898125	0.18328431
0.06629129	0.99730122	-0.03155470	-0.69803667
-0.07676030	0.03662775	0.99637657	0.64194006
0.00000000	0.00000000	0.00000000	1.00000000
117	118	114732
0.99999094	-0.00176455	-0.00389050	-0.00665220
0.00138949	0.99553496	-0.09438419	-0.03228469
0.00403968	0.09437793	0.99552828	-0.20859817
0.00000000	0.00000000	0.00000000	1.00000000
118	119	103783
0.99924690	0.03242992	-0.02130645	-0.01681905
-0.03150152	0.99859750	0.04255242	0.67890167
0.02265655	-0.04184919	0.99886703	-0.69198161
0.00000000	0.00000000	0.00000000	1.00000000
119	120	118405
0.95182341	0.22218190	-0.21134666	-0.01082226
-0.21600004	0.97499686	0.05220198	0.88216501
0.21766068	-0.00403617	0.97601610	-0.93378192
0.00000000	0.00000000	0.00000000	1.00000000
120	121	150561
0.62907213	0.39760163	-0.66796786	0.61841714
-0.44751972	0.88784724	0.10702203	1.25531590
0.63560563	0.23160420	0.73645455	-1.94996727
0.00000000	0.00000000	0.00000000	1.00000000
121	122	145765
0.84544915	0.20073664	-0.49489453	-0.54300988
-0.24844781	0.96812481	-0.03174784	0.18092300
0.47274676	0.14979666	0.86837292	-0.86309433
0.00000000	0.00000000	0.00000000	1.00000000
122	123	94596
0.99732292	0.04199143	-0.05986526	0.31719053
-0.04595409	0.99673229	-0.06643008	-0.41402966
0.05688014	0.06900328	0.99599355	0.45352557
0.00000000	0.00000000	0.00000000	1.00000000
123	124	61954
0.99236113	0.06092210	-0.10727464	0.49529660
-0.05752144	0.99774742	0.03451724	-0.07878061
0.10913586	-0.02808298	0.99363005	0.21612071
0.00000000	0.00000000	0.00000000	1.00000000
124	125	88494
0.89324093	0.02166265	-0.44905615	0.45064050
-0.24933563	0.85502142	-0.45471984	0.19033647
0.37410218	0.51813996	0.76914132	-1.91395891
0.00000000	0.00000000	0.00000000	1.00000000
125	126	43675
0.99819112	-0.02533049	0.05452397	0.26696995
0.00005644	0.90730309	0.42047727	0.65109849
-0.06012066	-0.41971362	0.90566325	0.95832086
0.00000000	0.00000000	0.00000000	1.00000000
126	127	68810
0.78732055	-0.43210658	0.43978438	0.88461006
0.30137938	0.89200604	0.33689123	-0.13141815
-0.53786325	-0.13269942	0.83252269	1.33181453
0.00000000	0.00000000	0.00000000	1.00000000
127	128	100420
0.75519580	-0.33263245	0.56483179	0.64742118
0.39714953	0.91770548	0.00944175	-0.40863296
-0.52148986	0.21719232	0.82515198	0.36763233
0.00000000	0.00000000	0.00000000	1.00000000
128	129	135936
0.95658910	0.13905542	-0.25612658	-0.43917790
-0.14815983	0.98882574	-0.01650153	0.93729770
0.25096998	0.05373286	0.96650237	-1.49908173
0.00000000	0.00000000	0.00000000	1.00000000
129	130	133505
0.93268031	-0.19373959	0.30425742	0.49229348
0.18469149	0.98105162	0.05853756	-0.14612499
-0.30983338	0.00159693	0.95078951	0.40850127
0.00000000	0.00000000	0.00000000	1.00000000
130	131	151009
0.92619717	-0.22286931	0.30411905	0.52999586
0.22005442	0.97449630	0.04396841	-0.16605742
-0.30616197	0.02619930	0.95161885	0.27764261
0.00000000	0.00000000	0.00000000	1.00000000
131	132	100971
0.85943621	-0.23972727	0.45155308	1.03208077
0.32572401	0.93753248	-0.12221594	-0.97226256
-0.39404720	0.25211853	0.88383424	0.95354950
0.00000000	0.00000000	0.00000000	1.00000000
132	133	92196
0.75289720	-0.22275254	0.61929578	0.44155112
0.20651105	0.97341645	0.09906321	-0.61991024
-0.62489939	0.05330703	0.77888334	2.20380855
0.00000000	0.00000000	0.00000000	1.00000000
133	134	84866
0.95942253	-0.20225748	0.19646980	-0.04599601
0.17756593	0.97463340	0.13623555	-0.78362709
-0.21904066	-0.09582110	0.97099912	1.37952244
0.00000000	0.00000000	0.00000000	1.00000000
134	135	72326
0.97614294	0.17036627	-0.13461140	-0.65479487
-0.16459866	0.98493785	0.05295544	-0.25914299
0.14160571	-0.02953522	0.98948246	0.55864656
0.00000000	0.00000000	0.00000000	1.00000000
135	136	76102
0.90651405	0.30277622	-0.29420894	-0.57923704
-0.30113307	0.95216107	0.05203931	0.03707192
0.29589057	0.04142166	0.95432329	-0.03415275
0.00000000	0.00000000	0.00000000	1.00000000
136	137	52842
0.19148101	0.66185248	-0.72476649	0.24855281
-0.69260991	0.61432654	0.37801394	1.72191787
0.69543266	0.42959782	0.57603747	-2.02968311
0.00000000	0.00000000	0.00000000	1.00000000
137	138	59061
0.60200459	-0.15953660	0.78239286	1.13519061
0.56810969	0.77411586	-0.27927765	-1.07222223
-0.56110770	0.61261141	0.55665559	-0.56310123
0.00000000	0.00000000	0.00000000	1.00000000
138	139	105522
0.98739535	-0.10926661	0.11450475	0.26107836
0.08474021	0.97599739	0.20061934	0.07611658
-0.13367733	-0.18838742	0.97295451	0.69448692
0.00000000	0.00000000	0.00000000	1.00000000
139	140	95453
0.61709219	-0.44573584	0.64847279	2.00065398
0.31171229	0.89514762	0.31866288	-0.14038244
-0.72251844	0.00549253	0.69132984	1.58816803
0.00000000	0.00000000	0.00000000	1.00000000
140	141	102292
0.82322150	-0.32014263	0.46884450	0.95939100
0.28009164	0.94736242	0.15509106	-0.77525568
-0.49381688	0.00364512	0.86955827	1.51949692
0.00000000	0.00000000	0.00000000	1.00000000
141	142	103402
0.83053374	0.36473939	-0.42092621	-0.84893763
-0.38451841	0.92223138	0.04043121	0.67472535
0.40293822	0.12827443	0.90619332	-0.91704327
0.00000000	0.00000000	0.00000000	1.00000000
142	143	70302
0.71457982	0.24073786	-0.65682662	-0.14337406
-0.42195189	0.89721948	-0.13020720	0.61307532
0.55797172	0.37019259	0.74271452	-1.82920969
0.00000000	0.00000000	0.00000000	1.00000000
143	144	90216
0.99662429	-0.00931846	-0.08156512	-0.08756094
-0.01641077	0.95087099	-0.30915204	-0.07794045
0.08043875	0.30944708	0.94750834	-0.81218493
0.00000000	0.00000000	0.00000000	1.00000000
144	145	75871
0.53335726	-0.48285931	0.69453365	2.07667184
0.15500331	0.86295527	0.48091814	0.36326888
-0.83156723	-0.14884622	0.53510815	2.10707641
0.00000000	0.00000000	0.00000000	1.00000000
145	146	73807
0.69367385	-0.43193415	0.57641083	1.83399057
0.39594078	0.89715910	0.19579741	-0.47260961
-0.60170376	0.09240498	0.79335618	1.17584074
0.00000000	0.00000000	0.00000000	1.00000000
146	147	26253
0.37303862	-0.53365833	0.75898015	2.30368066
0.66806871	0.72214800	0.17940502	-1.08316374
-0.64383715	0.44012597	0.62590957	0.56519490
0.00000000	0.00000000	0.00000000	1.00000000
147	148	46723
0.64636427	-0.44488770	0.61990970	2.38820863
0.49524787	0.86265796	0.10271709	-1.03365731
-0.58046758	0.24061629	0.77792102	0.82435226
0.00000000	0.00000000	0.00000000	1.00000000
148	149	127636
0.98068494	-0.12041891	0.15413027	0.38050231
0.11364372	0.99215597	0.05207079	-0.72781992
-0.15919158	-0.03354910	0.98667759	1.06932700
0.00000000	0.00000000	0.00000000	1.00000000
149	150	80051
0.62992525	0.58607101	-0.50962198	-0.45012036
-0.56700361	0.79545122	0.21392511	1.49329197
0.53075510	0.15420088	0.83337951	-1.33847058
0.00000000	0.00000000	0.00000000	1.00000000
150	151	37759
-0.05865740	0.64380664	-0.76293653	0.53756648
-0.70839065	0.51164222	0.48621470	2.50301194
0.70337874	0.56897724	0.42605501	-2.66800141
0.00000000	0.00000000	0.00000000	1.00000000
151	152	90403
0.68599927	0.39901099	-0.60843670	-0.68955648
-0.45130077	0.88926929	0.07434833	1.08134246
0.57072997	0.22358505	0.79011202	-1.47202182
0.00000000	0.00000000	0.00000000	1.00000000
152	153	101727
0.95908880	0.18401045	-0.21514885	-0.22992140
-0.15902928	0.97890109	0.12830587	-0.21352381
0.23421901	-0.08884176	0.96811599	0.34566131
0.00000000	0.00000000	0.00000000	1.00000000
153	154	86634
0.82548106	0.36613148	-0.42956805	-0.06700516
-0.38915128	0.92044234	0.03670188	0.35266465
0.40883046	0.13687025	0.90228826	-0.53873950
0.00000000	0.00000000	0.00000000	1.00000000
154	155	79601
0.96814591	0.05438192	-0.24440959	0.54199898
-0.08932848	0.98691261	-0.13425335	-0.09118919
0.23390992	0.15180956	0.96033323	-0.66269535
0.00000000	0.00000000	0.00000000	1.00000000
155	156	63345
0.99433368	0.00095567	0.10630102	0.48205110
-0.01781564	0.98731512	0.15777025	-0.09270886
-0.10480181	-0.15877007	0.98173755	0.96870434
0.00000000	0.00000000	0.00000000	1.00000000
156	157	54628
0.99997509	-0.00669979	0.00220691	0.46508616
0.00682574	0.99798280	-0.06311598	0.02067732
-0.00177959	0.06312948	0.99800378	0.07588816
0.00000000	0.00000000	0.00000000	1.00000000
157	158	62437
0.98804373	0.09924310	-0.11798472	0.20450877
-0.08091119	0.98519784	0.15112382	0.13801770
0.13123630	-0.13977066	0.98144847	0.09878142
0.00000000	0.00000000	0.00000000	1.00000000
158	159	62056
0.55121720	0.56129366	-0.61734033	0.20083936
-0.59890145	0.78132480	0.17563692	1.22266078
0.58092725	0.27291191	0.76683933	-1.60250592
0.00000000	0.00000000	0.00000000	1.00000000
159	160	46217
0.93061519	-0.24119346	0.27528360	0.59551650
0.26143223	0.96444261	-0.03878039	-0.73885691
-0.25614157	0.10805762	0.96058059	0.58303797
0.00000000	0.00000000	0.00000000	1.00000000
160	161	61023
0.88903308	-0.23993248	0.38993913	0.76785749
0.21016368	0.97051793	0.11800896	-0.00826113
-0.40675712	-0.02296282	0.91324770	0.65357304
0.00000000	0.00000000	0.00000000	1.00000000
161	162	50019
0.64017600	0.51320714	-0.57165802	0.22284161
-0.46028316	0.85200858	0.24944054	0.97479641
0.61507231	0.10343868	0.78165621	-1.17438769
0.00000000	0.00000000	0.00000000	1.00000000
162	163	70984
0.99081528	0.06396832	-0.11913528	-0.06254708
-0.07511450	0.99296379	-0.09154607	0.20150428
0.11244097	0.09965400	0.98864859	-0.59723347
0.00000000	0.00000000	0.00000000	1.00000000
163	164	63645
0.58522141	-0.44300345	0.67916411	1.40789366
0.48986551	0.86060572	0.13924687	-0.69813740
-0.64617926	0.25120872	0.72065699	0.97224540
0.00000000	0.00000000	0.00000000	1.00000000
164	165	84199
0.89036977	-0.24123077	0.38606912	0.60930711
0.26935747	0.96284109	-0.01958421	-0.28631845
-0.36699894	0.12142781	0.92226189	0.69314647
0.00000000	0.00000000	0.00000000	1.00000000
165	166	100893
0.97861445	0.07580356	-0.19122642	-0.17582645
-0.13325748	0.94180626	-0.30861545	-0.19846694
0.15670405	0.32749793	0.93176657	-1.49167109
0.00000000	0.00000000	0.00000000	1.00000000
166	167	99164
0.99734563	0.02712566	-0.06757012	-0.12996997
-0.02490919	0.99913061	0.03343202	0.10443188
0.06841824	-0.03166016	0.99715424	-0.04815799
0.00000000	0.00000000	0.00000000	1.00000000
167	168	62457
0.81733227	-0.41264030	0.40211442	1.67035079
0.21342009	0.86509365	0.45394379	0.07365625
-0.53518206	-0.28520361	0.79513460	2.19221640
0.00000000	0.00000000	0.00000000	1.00000000
168	169	66164
0.85038674	0.35107347	-0.39190564	0.16882229
-0.37116048	0.92820126	0.02612087	0.84790254
0.37293759	0.12324704	0.91963452	-0.95519465
0.00000000	0.00000000	0.00000000	1.00000000
169	170	91564
0.95644331	0.07048044	-0.28328207	0.03057345
-0.19201234	0.88283527	-0.42864108	0.03766918
0.21988055	0.46436450	0.85791498	-1.44078398
0.00000000	0.00000000	0.00000000	1.00000000
170	171	71267
0.97688502	-0.13403676	0.16652249	0.63731951
0.06186467	0.92293143	0.37996110	0.32760337
-0.20461759	-0.36087641	0.90989000	1.26618516
0.00000000	0.00000000	0.00000000	1.00000000
171	172	80073
0.85335243	0.32433143	-0.40816525	0.10879457
-0.29175958	0.94594181	0.14167039	0.89126271
0.43204871	-0.00180865	0.90184850	-0.82729608
0.00000000	0.00000000	0.00000000	1.00000000
172	173	53611
0.73007351	-0.49663830	0.46940726	1.36453521
0.42923889	0.86775815	0.25049883	-0.78449941
-0.53173929	0.01860526	0.84670365	1.30355692
0.00000000	0.00000000	0.00000000	1.00000000
173	174	47587
0.53577679	-0.25551805	0.80476946	1.35757840
0.56384754	0.81772721	-0.11575039	-0.83774531
-0.62850547	0.51578361	0.58219248	-0.22021170
0.00000000	0.00000000	0.00000000	1.00000000
174	175	91356
0.82653427	-0.29384202	0.48010203	1.24841249
0.19082011	0.94869369	0.25212711	0.15011007
-0.52955532	-0.11677857	0.84019876	1.13860679
0.00000000	0.00000000	0.00000000	1.00000000
175	176	61376
0.95989585	0.22068709	-0.17290768	-0.39343852
-0.20831306	0.97419047	0.08693907	-0.03931481
0.18763141	-0.04743353	0.98109353	0.49864620
0.00000000	0.00000000	0.00000000	1.00000000
176	177	81001
0.97269773	0.06151482	-0.22377458	0.56949973
-0.06928929	0.99722981	-0.02705010	0.25064129
0.22149070	0.04181675	0.97426546	-0.71954370
0.00000000	0.00000000	0.00000000	1.00000000
177	178	96294
0.87317765	0.32236061	-0.36557385	-0.02321933
-0.32223850	0.94454485	0.06322286	0.51173049
0.36568156	0.06259719	0.92863262	-0.60260481
0.00000000	0.00000000	0.00000000	1.00000000
178	179	104808
0.46889752	-0.48934150	0.73530942	1.28835976
0.53520840	0.81967038	0.20418739	-0.78844446
-0.70262885	0.29780072	0.64624101	0.69300920
0.00000000	0.00000000	0.00000000	1.00000000
179	180	115582
0.75949305	-0.42303869	0.49417490	0.80189604
0.31155685	0.90342361	0.29454729	-0.37873307
-0.57105404	-0.06974298	0.81794447	1.72556973
0.00000000	0.00000000	0.00000000	1.00000000
180	181	142148
0.92030925	0.03970421	-0.38917142	0.22227685
-0.23669167	0.84858996	-0.47315136	0.29962480
0.31146079	0.52755922	0.79036289	-1.91578007
0.00000000	0.00000000	0.00000000	1.00000000
181	182	137959
0.99913800	0.01650582	0.03808932	0.37758434
-0.02015292	0.99503690	0.09744606	0.13224389
-0.03629185	-0.09812968	0.99451166	0.13011535
0.00000000	0.00000000	0.00000000	1.00000000
182	183	115178
0.81862390	0.28106341	-0.50085771	0.29282069
-0.20277822	0.95735365	0.20580298	0.34766448
0.53734171	-0.06691217	0.84070611	-0.17906442
0.00000000	0.00000000	0.00000000	1.00000000
183	184	83894
0.95964712	-0.16488031	0.22779763	0.36613497
0.14656264	0.98460662	0.09523299	-0.04397945
-0.23999310	-0.05800346	0.96904022	0.47519490
0.00000000	0.00000000	0.00000000	1.00000000
184	185	45448
0.93200600	-0.23078917	0.27946609	0.12249377
0.16403736	0.95616585	0.24256603	0.30239120
-0.32319760	-0.18023010	0.92901033	0.30253547
0.00000000	0.00000000	0.00000000	1.00000000
185	186	62801
0.83524865	-0.43225390	0.33987635	0.68691301
0.39070609	0.90146285	0.18631496	-0.35240254
-0.38692132	-0.02282760	0.92183018	0.66514283
0.00000000	0.00000000	0.00000000	1.00000000
186	187	53982
0.60967159	-0.67982149	0.40760648	1.48206854
0.65371108	0.72205496	0.22649163	-1.02889419
-0.44828817	0.12837137	0.88462329	0.94247091
0.00000000	0.00000000	0.00000000	1.00000000
187	188	63980
0.84054208	-0.43769124	0.31924176	0.73307949
0.46049333	0.88765138	0.00455241	-0.84400398
-0.28536797	0.14318223	0.94766241	0.44400814
0.00000000	0.00000000	0.00000000	1.00000000
188	189	88855
0.69738740	0.46267626	-0.54734033	-0.67793638
-0.59749597	0.79708326	-0.08750431	1.10684454
0.39578962	0.38805804	0.83232296	-1.51827168
0.00000000	0.00000000	0.00000000	1.00000000
189	190	64672
0.99615860	-0.05037367	0.07162752	0.11734770
0.05450269	0.99689060	-0.05690949	-0.18745992
-0.06853804	0.06059477	0.99580669	0.17030427
0.00000000	0.00000000	0.00000000	1.00000000
190	191	101176
0.99939096	0.02213711	-0.02697495	0.03348169
-0.02925357	0.95292592	-0.30178860	-0.16332118
0.01902441	0.30239394	0.95299309	-0.75175864
0.00000000	0.00000000	0.00000000	1.00000000
191	192	61297
0.99506247	-0.01860448	0.09749161	0.17622693
-0.00899309	0.96133292	0.27524206	0.61002946
-0.09884263	-0.27475977	0.95641893	0.84659237
0.00000000	0.00000000	0.00000000	1.00000000
192	193	49195
0.98097396	-0.11118669	0.15914689	0.45163321
0.10037111	0.99215835	0.07448062	-0.44142863
-0.16618019	-0.05708980	0.98444152	0.64366716
0.00000000	0.00000000	0.00000000	1.00000000
193	194	69873
0.99861574	-0.05124487	-0.01186674	0.60889852
0.05137561	0.99861896	0.01098860	-0.58751035
0.01128724	-0.01158305	0.99986917	0.54175639
0.00000000	0.00000000	0.00000000	1.00000000
194	195	81385
0.73954797	0.19226404	-0.64506072	0.49523616
-0.44611502	0.85762882	-0.25583988	0.81590861
0.50403392	0.47697708	0.72002959	-2.22362161
0.00000000	0.00000000	0.00000000	1.00000000
195	196	77042
0.99949920	0.02936514	-0.01178722	-0.15354508
-0.02407858	0.94752157	0.31878376	0.77220953
0.02052978	-0.31834030	0.94775409	0.27275586
0.00000000	0.00000000	0.00000000	1.00000000
196	197	71714
0.99749637	0.05962458	-0.03802454	0.56034011
-0.05535779	0.99295115	0.10480365	0.03539860
0.04400539	-0.10243630	0.99376577	0.36425886
0.00000000	0.00000000	0.00000000	1.00000000
197	198	66004
0.94251674	-0.20751256	0.26191726	0.81022877
0.22556846	0.97338420	-0.04051891	-0.71848595
-0.24653797	0.09727003	0.96423942	0.32406026
0.00000000	0.00000000	0.00000000	1.00000000
198	199	48052
0.30518448	-0.47723237	0.82408214	2.22428036
0.46779323	0.82888913	0.30677694	-0.46925357
-0.82947701	0.29187655	0.47621024	0.74067503
0.00000000	0.00000000	0.00000000	1.00000000
199	200	76815
0.95163566	-0.17558159	0.25211257	0.56130356
0.18103836	0.98347491	0.00157657	-0.55294853
-0.24822314	0.04414172	0.96769661	0.55463821
0.00000000	0.00000000	0.00000000	1.00000000
200	201	60572
0.96810186	0.14146097	-0.20680280	-0.43407318
-0.13858411	0.98994315	0.02840766	0.37970805
0.20874161	0.00115808	0.97797006	-0.50050336
0.00000000	0.00000000	0.00000000	1.00000000
201	202	38654
0.80168146	0.40082279	-0.44344983	-0.76084101
-0.35392961	0.91613561	0.18822692	0.53837824
0.48170584	0.00605192	0.87631202	-0.56290179
