0	42	60
5000.000000000000	0.000000000000	0.000000000000	0.000000000000	9740.734380000000	-2718.122070000000
0.000000000000	5000.000000000000	0.000000000000	-9740.734380000000	0.000000000000	-5082.485840000000
0.000000000000	0.000000000000	5000.000000000000	2718.122070000000	5082.485840000000	0.000000000000
0.000000000000	-9740.734380000000	2718.122070000000	20912.507799999999	2815.725340000000	10100.470700000000
9740.734380000000	0.000000000000	5082.485840000000	2815.725340000000	24932.902300000002	-5252.835450000000
-2718.122070000000	-5082.485840000000	0.000000000000	10100.470700000000	-5252.835450000000	7256.946290000000
2	3	60
5000.000000000000	0.000000000000	0.000000000000	0.000000000000	11271.690399999999	304.362213000000
0.000000000000	5000.000000000000	0.000000000000	-11271.690399999999	0.000000000000	-4831.790530000000
0.000000000000	0.000000000000	5000.000000000000	-304.362213000000	4831.790530000000	0.000000000000
0.000000000000	-11271.690399999999	-304.362213000000	26579.279299999998	-477.512085000000	11329.705099999999
11271.690399999999	0.000000000000	4831.790530000000	-477.512085000000	31477.824199999999	967.593079000000
304.362213000000	-4831.790530000000	0.000000000000	11329.705099999999	967.593079000000	5396.613280000000
3	25	60
1986.000000000000	0.000000000000	0.000000000000	0.000000000000	6001.832030000000	-1923.848630000000
0.000000000000	1986.000000000000	0.000000000000	-6001.832030000000	0.000000000000	-1828.164060000000
0.000000000000	0.000000000000	1986.000000000000	1923.848630000000	1828.164060000000	0.000000000000
0.000000000000	-6001.832030000000	1923.848630000000	20053.564500000000	1771.806760000000	5505.283690000000
6001.832030000000	0.000000000000	1828.164060000000	1771.806760000000	19996.640599999999	-5806.099610000000
-1923.848630000000	-1828.164060000000	0.000000000000	5505.283690000000	-5806.099610000000	3673.582280000000
3	26	60
766.000000000000	0.000000000000	0.000000000000	0.000000000000	2437.425050000000	-667.894958000000
0.000000000000	766.000000000000	0.000000000000	-2437.425050000000	0.000000000000	-729.869812000000
0.000000000000	0.000000000000	766.000000000000	667.894958000000	729.869812000000	0.000000000000
0.000000000000	-2437.425050000000	667.894958000000	8413.375980000001	608.861145000000	2310.879640000000
2437.425050000000	0.000000000000	729.869812000000	608.861145000000	8545.402340000001	-2112.840580000000
-667.894958000000	-729.869812000000	0.000000000000	2310.879640000000	-2112.840580000000	1403.440190000000
3	34	60
5000.000000000000	0.000000000000	0.000000000000	0.000000000000	12106.156300000001	-1691.905030000000
0.000000000000	5000.000000000000	0.000000000000	-12106.156300000001	0.000000000000	2365.650880000000
0.000000000000	0.000000000000	5000.000000000000	1691.905030000000	-2365.650880000000	0.000000000000
0.000000000000	-12106.156300000001	1691.905030000000	31123.367200000001	-716.594727000000	-5996.145510000000
12106.156300000001	0.000000000000	-2365.650880000000	-716.594727000000	31972.560500000000	-3862.030520000000
-1691.905030000000	2365.650880000000	0.000000000000	-5996.145510000000	-3862.030520000000	2183.106200000000
3	35	60
3883.000000000000	0.000000000000	0.000000000000	0.000000000000	10172.162100000000	-1129.418330000000
0.000000000000	3883.000000000000	0.000000000000	-10172.162100000000	0.000000000000	2073.774900000000
0.000000000000	0.000000000000	3883.000000000000	1129.418330000000	-2073.774900000000	0.000000000000
0.000000000000	-10172.162100000000	1129.418330000000	27616.460899999998	-579.968262000000	-5482.078610000000
10172.162100000000	0.000000000000	-2073.774900000000	-579.968262000000	28603.318400000000	-2851.182130000000
-1129.418330000000	2073.774900000000	0.000000000000	-5482.078610000000	-2851.182130000000	1728.958370000000
3	36	60
4320.000000000000	0.000000000000	0.000000000000	0.000000000000	10155.761699999999	-1524.975100000000
0.000000000000	4320.000000000000	0.000000000000	-10155.761699999999	0.000000000000	2084.128910000000
0.000000000000	0.000000000000	4320.000000000000	1524.975100000000	-2084.128910000000	0.000000000000
0.000000000000	-10155.761699999999	1524.975100000000	25228.828099999999	-661.608826000000	-5128.803220000000
10155.761699999999	0.000000000000	-2084.128910000000	-661.608826000000	25944.349600000001	-3428.759520000000
-1524.975100000000	2084.128910000000	0.000000000000	-5128.803220000000	-3428.759520000000	1930.390990000000
3	37	60
3312.000000000000	0.000000000000	0.000000000000	0.000000000000	7986.243160000000	-1110.523680000000
0.000000000000	3312.000000000000	0.000000000000	-7986.243160000000	0.000000000000	1677.726930000000
0.000000000000	0.000000000000	3312.000000000000	1110.523680000000	-1677.726930000000	0.000000000000
0.000000000000	-7986.243160000000	1110.523680000000	20048.441400000000	-525.554138000000	-4138.422360000000
7986.243160000000	0.000000000000	-1677.726930000000	-525.554138000000	20711.078099999999	-2600.408690000000
-1110.523680000000	1677.726930000000	0.000000000000	-4138.422360000000	-2600.408690000000	1473.376830000000
3	38	60
3676.000000000000	0.000000000000	0.000000000000	0.000000000000	7704.910640000000	-1340.539550000000
0.000000000000	3676.000000000000	0.000000000000	-7704.910640000000	0.000000000000	1736.105830000000
0.000000000000	0.000000000000	3676.000000000000	1340.539550000000	-1736.105830000000	0.000000000000
0.000000000000	-7704.910640000000	1340.539550000000	17192.955099999999	-585.323364000000	-3814.082520000000
7704.910640000000	0.000000000000	-1736.105830000000	-585.323364000000	17744.197300000000	-2720.116940000000
-1340.539550000000	1736.105830000000	0.000000000000	-3814.082520000000	-2720.116940000000	1585.710080000000
3	40	60
1803.000000000000	0.000000000000	0.000000000000	0.000000000000	3091.514160000000	-730.212158000000
0.000000000000	1803.000000000000	0.000000000000	-3091.514160000000	0.000000000000	-1124.479490000000
0.000000000000	0.000000000000	1803.000000000000	730.212158000000	1124.479490000000	0.000000000000
0.000000000000	-3091.514160000000	730.212158000000	5773.902340000000	433.548584000000	1848.311520000000
3091.514160000000	0.000000000000	1124.479490000000	433.548584000000	6816.324710000000	-1231.504030000000
-730.212158000000	-1124.479490000000	0.000000000000	1848.311520000000	-1231.504030000000	1648.913330000000
3	41	60
3684.000000000000	0.000000000000	0.000000000000	0.000000000000	7077.611820000000	-1680.006960000000
0.000000000000	3684.000000000000	0.000000000000	-7077.611820000000	0.000000000000	69.656906100000
0.000000000000	0.000000000000	3684.000000000000	1680.006960000000	-69.656906100000	0.000000000000
0.000000000000	-7077.611820000000	1680.006960000000	14745.893599999999	66.763603200000	-82.797988900000
7077.611820000000	0.000000000000	-69.656906100000	66.763603200000	15553.282200000000	-3236.626710000000
-1680.006960000000	69.656906100000	0.000000000000	-82.797988900000	-3236.626710000000	2463.516360000000
3	44	60
2651.000000000000	0.000000000000	0.000000000000	0.000000000000	5732.777830000000	-1747.839840000000
0.000000000000	2651.000000000000	0.000000000000	-5732.777830000000	0.000000000000	-2819.711910000000
0.000000000000	0.000000000000	2651.000000000000	1747.839840000000	2819.711910000000	0.000000000000
0.000000000000	-5732.777830000000	1747.839840000000	13828.925800000001	1861.849980000000	6124.711910000000
5732.777830000000	0.000000000000	2819.711910000000	1861.849980000000	15584.605500000000	-3745.979490000000
-1747.839840000000	-2819.711910000000	0.000000000000	6124.711910000000	-3745.979490000000	4292.511720000000
3	45	60
1677.000000000000	0.000000000000	0.000000000000	0.000000000000	3727.529790000000	-1172.087040000000
0.000000000000	1677.000000000000	0.000000000000	-3727.529790000000	0.000000000000	-1804.859500000000
0.000000000000	0.000000000000	1677.000000000000	1172.087040000000	1804.859500000000	0.000000000000
0.000000000000	-3727.529790000000	1172.087040000000	9283.623050000000	1259.306640000000	4029.293700000000
3727.529790000000	0.000000000000	1804.859500000000	1259.306640000000	10328.121100000000	-2583.927980000000
-1172.087040000000	-1804.859500000000	0.000000000000	4029.293700000000	-2583.927980000000	2868.586430000000
4	8	60
3083.000000000000	0.000000000000	0.000000000000	0.000000000000	10184.546899999999	122.222313000000
0.000000000000	3083.000000000000	0.000000000000	-10184.546899999999	0.000000000000	3674.178710000000
0.000000000000	0.000000000000	3083.000000000000	-122.222313000000	-3674.178710000000	0.000000000000
0.000000000000	-10184.546899999999	-122.222313000000	33901.542999999998	94.271835300000	-12115.932600000000
10184.546899999999	0.000000000000	-3674.178710000000	94.271835300000	38302.886700000003	357.400665000000
122.222313000000	3674.178710000000	0.000000000000	-12115.932600000000	357.400665000000	4867.218260000000
6	8	60
2984.000000000000	0.000000000000	0.000000000000	0.000000000000	9700.840819999999	-358.479401000000
0.000000000000	2984.000000000000	0.000000000000	-9700.840819999999	0.000000000000	3591.075200000000
0.000000000000	0.000000000000	2984.000000000000	358.479401000000	-3591.075200000000	0.000000000000
0.000000000000	-9700.840819999999	358.479401000000	31941.871100000000	-454.013336000000	-11628.928700000000
9700.840819999999	0.000000000000	-3591.075200000000	-454.013336000000	36092.777300000002	-1216.490480000000
-358.479401000000	3591.075200000000	0.000000000000	-11628.928700000000	-1216.490480000000	4895.443850000000
6	9	60
976.000000000000	0.000000000000	0.000000000000	0.000000000000	3235.546880000000	-84.299171400000
0.000000000000	976.000000000000	0.000000000000	-3235.546880000000	0.000000000000	906.470398000000
0.000000000000	0.000000000000	976.000000000000	84.299171400000	-906.470398000000	0.000000000000
0.000000000000	-3235.546880000000	84.299171400000	10773.894500000000	-77.642067000000	-2997.063480000000
3235.546880000000	0.000000000000	-906.470398000000	-77.642067000000	11620.999000000000	-279.039520000000
-84.299171400000	906.470398000000	0.000000000000	-2997.063480000000	-279.039520000000	926.437012000000
6	10	60
841.000000000000	0.000000000000	0.000000000000	0.000000000000	2785.882080000000	-169.860260000000
0.000000000000	841.000000000000	0.000000000000	-2785.882080000000	0.000000000000	199.456451000000
0.000000000000	0.000000000000	841.000000000000	169.860260000000	-199.456451000000	0.000000000000
0.000000000000	-2785.882080000000	169.860260000000	9301.507809999999	78.759956400000	-687.675842000000
2785.882080000000	0.000000000000	-199.456451000000	78.759956400000	10073.267599999999	-560.375000000000
-169.860260000000	199.456451000000	0.000000000000	-687.675842000000	-560.375000000000	898.442688000000
6	31	60
5000.000000000000	0.000000000000	0.000000000000	0.000000000000	12983.104499999999	-4559.461910000000
0.000000000000	5000.000000000000	0.000000000000	-12983.104499999999	0.000000000000	5162.073730000000
0.000000000000	0.000000000000	5000.000000000000	4559.461910000000	-5162.073730000000	0.000000000000
0.000000000000	-12983.104499999999	4559.461910000000	38494.531300000002	-4971.664550000000	-13623.635700000001
12983.104499999999	0.000000000000	-5162.073730000000	-4971.664550000000	40146.398399999998	-11893.869100000000
-4559.461910000000	5162.073730000000	0.000000000000	-13623.635700000001	-11893.869100000000	10333.262699999999
8	11	60
886.000000000000	0.000000000000	0.000000000000	0.000000000000	2253.543460000000	-626.238770000000
0.000000000000	886.000000000000	0.000000000000	-2253.543460000000	0.000000000000	-1069.137700000000
0.000000000000	0.000000000000	886.000000000000	626.238770000000	1069.137700000000	0.000000000000
0.000000000000	-2253.543460000000	626.238770000000	6234.430180000000	756.056213000000	2737.550540000000
2253.543460000000	0.000000000000	1069.137700000000	756.056213000000	7115.702640000000	-1592.122440000000
-626.238770000000	-1069.137700000000	0.000000000000	2737.550540000000	-1592.122440000000	1772.053960000000
8	44	60
1709.000000000000	0.000000000000	0.000000000000	0.000000000000	3743.567380000000	-1204.131710000000
0.000000000000	1709.000000000000	0.000000000000	-3743.567380000000	0.000000000000	-1397.607670000000
0.000000000000	0.000000000000	1709.000000000000	1204.131710000000	1397.607670000000	0.000000000000
0.000000000000	-3743.567380000000	1204.131710000000	9283.666990000000	1070.289670000000	3237.064210000000
3743.567380000000	0.000000000000	1397.607670000000	1070.289670000000	9887.256840000000	-2703.808590000000
-1204.131710000000	-1397.607670000000	0.000000000000	3237.064210000000	-2703.808590000000	2406.957520000000
10	15	60
2562.000000000000	0.000000000000	0.000000000000	0.000000000000	7458.015140000000	3.277833220000
0.000000000000	2562.000000000000	0.000000000000	-7458.015140000000	0.000000000000	-2961.149170000000
0.000000000000	0.000000000000	2562.000000000000	-3.277833220000	2961.149170000000	0.000000000000
0.000000000000	-7458.015140000000	-3.277833220000	21994.513700000000	44.507606500000	8559.653319999999
7458.015140000000	0.000000000000	2961.149170000000	44.507606500000	25561.503900000000	48.678577400000
3.277833220000	-2961.149170000000	0.000000000000	8559.653319999999	48.678577400000	3722.600100000000
10	22	60
5000.000000000000	0.000000000000	0.000000000000	0.000000000000	14315.383800000000	65.151115400000
0.000000000000	5000.000000000000	0.000000000000	-14315.383800000000	0.000000000000	-4956.269530000000
0.000000000000	0.000000000000	5000.000000000000	-65.151115400000	4956.269530000000	0.000000000000
0.000000000000	-14315.383800000000	-65.151115400000	41909.003900000003	-123.434364000000	14398.562500000000
14315.383800000000	0.000000000000	4956.269530000000	-123.434364000000	47184.843800000002	334.378998000000
65.151115400000	-4956.269530000000	0.000000000000	14398.562500000000	334.378998000000	5612.325680000000
11	18	60
5000.000000000000	0.000000000000	0.000000000000	0.000000000000	15251.163100000000	1201.134280000000
0.000000000000	5000.000000000000	0.000000000000	-15251.163100000000	0.000000000000	-2539.366460000000
0.000000000000	0.000000000000	5000.000000000000	-1201.134280000000	2539.366460000000	0.000000000000
0.000000000000	-15251.163100000000	-1201.134280000000	47568.730499999998	-781.897949000000	7655.251950000000
15251.163100000000	0.000000000000	2539.366460000000	-781.897949000000	48716.195299999999	3934.785640000000
1201.134280000000	-2539.366460000000	0.000000000000	7655.251950000000	3934.785640000000	2715.168460000000
11	20	60
4325.000000000000	0.000000000000	0.000000000000	0.000000000000	13647.038100000000	2515.302490000000
0.000000000000	4325.000000000000	0.000000000000	-13647.038100000000	0.000000000000	-3181.821290000000
0.000000000000	0.000000000000	4325.000000000000	-2515.302490000000	3181.821290000000	0.000000000000
0.000000000000	-13647.038100000000	-2515.302490000000	44925.847699999998	-2010.738530000000	9961.565430000001
13647.038100000000	0.000000000000	3181.821290000000	-2010.738530000000	45842.003900000003	8011.447750000000
2515.302490000000	-3181.821290000000	0.000000000000	9961.565430000001	8011.447750000000	4420.049320000000
11	22	60
5000.000000000000	0.000000000000	0.000000000000	0.000000000000	13062.858399999999	68.000183100000
0.000000000000	5000.000000000000	0.000000000000	-13062.858399999999	0.000000000000	-2609.774410000000
0.000000000000	0.000000000000	5000.000000000000	-68.000183100000	2609.774410000000	0.000000000000
0.000000000000	-13062.858399999999	-68.000183100000	34988.750000000000	-107.749115000000	6806.865230000000
13062.858399999999	0.000000000000	2609.774410000000	-107.749115000000	37115.578099999999	418.144623000000
68.000183100000	-2609.774410000000	0.000000000000	6806.865230000000	418.144623000000	2469.453610000000
11	23	60
3190.000000000000	0.000000000000	0.000000000000	0.000000000000	7621.410640000000	-447.742035000000
0.000000000000	3190.000000000000	0.000000000000	-7621.410640000000	0.000000000000	-2338.713620000000
0.000000000000	0.000000000000	3190.000000000000	447.742035000000	2338.713620000000	0.000000000000
0.000000000000	-7621.410640000000	447.742035000000	18706.511699999999	284.223450000000	5657.144530000000
7621.410640000000	0.000000000000	2338.713620000000	284.223450000000	20369.761699999999	-945.955017000000
-447.742035000000	-2338.713620000000	0.000000000000	5657.144530000000	-945.955017000000	2055.130860000000
12	20	60
5000.000000000000	0.000000000000	0.000000000000	0.000000000000	12392.239299999999	3341.124270000000
0.000000000000	5000.000000000000	0.000000000000	-12392.239299999999	0.000000000000	-1881.089360000000
0.000000000000	0.000000000000	5000.000000000000	-3341.124270000000	1881.089360000000	0.000000000000
0.000000000000	-12392.239299999999	-3341.124270000000	33578.695299999999	-1205.708130000000	4271.960450000000
12392.239299999999	0.000000000000	1881.089360000000	-1205.708130000000	32416.623000000000	8445.803710000000
3341.124270000000	-1881.089360000000	0.000000000000	4271.960450000000	8445.803710000000	3807.431400000000
12	22	60
5000.000000000000	0.000000000000	0.000000000000	0.000000000000	9258.784180000001	398.810394000000
0.000000000000	5000.000000000000	0.000000000000	-9258.784180000001	0.000000000000	-1879.512080000000
0.000000000000	0.000000000000	5000.000000000000	-398.810394000000	1879.512080000000	0.000000000000
0.000000000000	-9258.784180000001	-398.810394000000	17865.916000000001	-272.359894000000	3702.163330000000
9258.784180000001	0.000000000000	1879.512080000000	-272.359894000000	19099.927700000000	1005.821780000000
398.810394000000	-1879.512080000000	0.000000000000	3702.163330000000	1005.821780000000	1701.088750000000
13	21	60
5000.000000000000	0.000000000000	0.000000000000	0.000000000000	9461.069340000000	1774.851810000000
0.000000000000	5000.000000000000	0.000000000000	-9461.069340000000	0.000000000000	-2394.159670000000
0.000000000000	0.000000000000	5000.000000000000	-1774.851810000000	2394.159670000000	0.000000000000
0.000000000000	-9461.069340000000	-1774.851810000000	18911.107400000001	-859.770935000000	4458.116210000000
9461.069340000000	0.000000000000	2394.159670000000	-859.770935000000	19728.449199999999	3517.524170000000
1774.851810000000	-2394.159670000000	0.000000000000	4458.116210000000	3517.524170000000	2506.976810000000
13	22	60
5000.000000000000	0.000000000000	0.000000000000	0.000000000000	8345.665040000000	730.382935000000
0.000000000000	5000.000000000000	0.000000000000	-8345.665040000000	0.000000000000	-2459.762450000000
0.000000000000	0.000000000000	5000.000000000000	-730.382935000000	2459.762450000000	0.000000000000
0.000000000000	-8345.665040000000	-730.382935000000	14549.135700000001	-426.482727000000	4225.032230000000
8345.665040000000	0.000000000000	2459.762450000000	-426.482727000000	15882.561500000000	1442.292720000000
730.382935000000	-2459.762450000000	0.000000000000	4225.032230000000	1442.292720000000	1859.759640000000
14	22	60
5000.000000000000	0.000000000000	0.000000000000	0.000000000000	8581.081050000001	-300.231079000000
0.000000000000	5000.000000000000	0.000000000000	-8581.081050000001	0.000000000000	-2886.056400000000
0.000000000000	0.000000000000	5000.000000000000	300.231079000000	2886.056400000000	0.000000000000
0.000000000000	-8581.081050000001	300.231079000000	15164.535200000000	88.562561000000	5143.912110000000
8581.081050000001	0.000000000000	2886.056400000000	88.562561000000	17343.052700000000	-357.931061000000
-300.231079000000	-2886.056400000000	0.000000000000	5143.912110000000	-357.931061000000	2395.268550000000
16	22	60
4336.000000000000	0.000000000000	0.000000000000	0.000000000000	7936.187010000000	-1519.766480000000
0.000000000000	4336.000000000000	0.000000000000	-7936.187010000000	0.000000000000	-3027.092770000000
0.000000000000	0.000000000000	4336.000000000000	1519.766480000000	3027.092770000000	0.000000000000
0.000000000000	-7936.187010000000	1519.766480000000	15495.529300000000	952.445129000000	5818.909180000000
7936.187010000000	0.000000000000	3027.092770000000	952.445129000000	17605.353500000001	-2632.203610000000
-1519.766480000000	-3027.092770000000	0.000000000000	5818.909180000000	-2632.203610000000	3604.890630000000
17	19	60
3240.000000000000	0.000000000000	0.000000000000	0.000000000000	5966.093750000000	1328.052120000000
0.000000000000	3240.000000000000	0.000000000000	-5966.093750000000	0.000000000000	2160.486330000000
0.000000000000	0.000000000000	3240.000000000000	-1328.052120000000	-2160.486330000000	0.000000000000
0.000000000000	-5966.093750000000	-1328.052120000000	11660.157200000000	880.391174000000	-3975.202390000000
5966.093750000000	0.000000000000	-2160.486330000000	880.391174000000	12503.209999999999	2453.655760000000
1328.052120000000	2160.486330000000	0.000000000000	-3975.202390000000	2453.655760000000	2160.612790000000
17	20	60
5000.000000000000	0.000000000000	0.000000000000	0.000000000000	9889.599609999999	1920.392090000000
0.000000000000	5000.000000000000	0.000000000000	-9889.599609999999	0.000000000000	1000.172240000000
0.000000000000	0.000000000000	5000.000000000000	-1920.392090000000	-1000.172240000000	0.000000000000
0.000000000000	-9889.599609999999	-1920.392090000000	20688.423800000000	393.190002000000	-1855.681880000000
9889.599609999999	0.000000000000	-1000.172240000000	393.190002000000	20330.736300000000	3864.037350000000
1920.392090000000	1000.172240000000	0.000000000000	-1855.681880000000	3864.037350000000	1731.432860000000
19	21	60
509.000000000000	0.000000000000	0.000000000000	0.000000000000	572.718323000000	-31.206304600000
0.000000000000	509.000000000000	0.000000000000	-572.718323000000	0.000000000000	-315.395935000000
0.000000000000	0.000000000000	509.000000000000	31.206304600000	315.395935000000	0.000000000000
0.000000000000	-572.718323000000	31.206304600000	673.384888000000	10.316929800000	355.892548000000
572.718323000000	0.000000000000	315.395935000000	10.316929800000	847.517273000000	-30.883026100000
-31.206304600000	-315.395935000000	0.000000000000	355.892548000000	-30.883026100000	227.646118000000
20	22	60
659.000000000000	0.000000000000	0.000000000000	0.000000000000	802.047180000000	-325.155060000000
0.000000000000	659.000000000000	0.000000000000	-802.047180000000	0.000000000000	-527.167786000000
0.000000000000	0.000000000000	659.000000000000	325.155060000000	527.167786000000	0.000000000000
0.000000000000	-802.047180000000	325.155060000000	1155.267700000000	247.479294000000	653.320557000000
802.047180000000	0.000000000000	527.167786000000	247.479294000000	1443.042480000000	-388.090607000000
-325.155060000000	-527.167786000000	0.000000000000	653.320557000000	-388.090607000000	627.669373000000
21	23	60
3152.000000000000	0.000000000000	0.000000000000	0.000000000000	4897.454590000000	98.041168200000
0.000000000000	3152.000000000000	0.000000000000	-4897.454590000000	0.000000000000	-2994.012450000000
0.000000000000	0.000000000000	3152.000000000000	-98.041168200000	2994.012450000000	0.000000000000
0.000000000000	-4897.454590000000	-98.041168200000	7775.870120000000	-55.676048300000	4756.795900000000
4897.454590000000	0.000000000000	2994.012450000000	-55.676048300000	10766.949199999999	153.080765000000
98.041168200000	-2994.012450000000	0.000000000000	4756.795900000000	153.080765000000	3185.394290000000
22	42	60
2281.000000000000	0.000000000000	0.000000000000	0.000000000000	4119.906250000000	1951.700200000000
0.000000000000	2281.000000000000	0.000000000000	-4119.906250000000	0.000000000000	-1029.057740000000
0.000000000000	0.000000000000	2281.000000000000	-1951.700200000000	1029.057740000000	0.000000000000
0.000000000000	-4119.906250000000	-1951.700200000000	9242.460940000001	-1001.082520000000	1866.596800000000
4119.906250000000	0.000000000000	1029.057740000000	-1001.082520000000	8340.512699999999	3561.489750000000
1951.700200000000	-1029.057740000000	0.000000000000	1866.596800000000	3561.489750000000	2645.674320000000
22	43	60
2670.000000000000	0.000000000000	0.000000000000	0.000000000000	4166.969240000000	1629.465940000000
0.000000000000	2670.000000000000	0.000000000000	-4166.969240000000	0.000000000000	-1991.841310000000
0.000000000000	0.000000000000	2670.000000000000	-1629.465940000000	1991.841310000000	0.000000000000
0.000000000000	-4166.969240000000	-1629.465940000000	8268.956050000001	-1346.297850000000	3196.178220000000
4166.969240000000	0.000000000000	1991.841310000000	-1346.297850000000	8462.863280000000	2915.460450000000
1629.465940000000	-1991.841310000000	0.000000000000	3196.178220000000	2915.460450000000	3043.918460000000
23	30	60
1683.000000000000	0.000000000000	0.000000000000	0.000000000000	3851.267580000000	-97.438255300000
0.000000000000	1683.000000000000	0.000000000000	-3851.267580000000	0.000000000000	-1805.542720000000
0.000000000000	0.000000000000	1683.000000000000	97.438255300000	1805.542720000000	0.000000000000
0.000000000000	-3851.267580000000	97.438255300000	9003.508790000000	130.280212000000	4149.231930000000
3851.267580000000	0.000000000000	1805.542720000000	130.280212000000	10929.546899999999	-198.312744000000
-97.438255300000	-1805.542720000000	0.000000000000	4149.231930000000	-198.312744000000	2105.047850000000
23	47	60
2959.000000000000	0.000000000000	0.000000000000	0.000000000000	7205.481930000000	454.086975000000
0.000000000000	2959.000000000000	0.000000000000	-7205.481930000000	0.000000000000	-1602.857910000000
0.000000000000	0.000000000000	2959.000000000000	-454.086975000000	1602.857910000000	0.000000000000
0.000000000000	-7205.481930000000	-454.086975000000	17888.298800000000	-351.319366000000	3957.021000000000
7205.481930000000	0.000000000000	1602.857910000000	-351.319366000000	19233.074199999999	1223.962650000000
454.086975000000	-1602.857910000000	0.000000000000	3957.021000000000	1223.962650000000	1829.007320000000
24	27	60
3453.000000000000	0.000000000000	0.000000000000	0.000000000000	5894.151860000000	-302.828583000000
0.000000000000	3453.000000000000	0.000000000000	-5894.151860000000	0.000000000000	-4181.672850000000
0.000000000000	0.000000000000	3453.000000000000	302.828583000000	4181.672850000000	0.000000000000
0.000000000000	-5894.151860000000	302.828583000000	10684.404300000000	284.826080000000	7133.379880000000
5894.151860000000	0.000000000000	4181.672850000000	284.826080000000	15333.949199999999	-560.659363000000
-302.828583000000	-4181.672850000000	0.000000000000	7133.379880000000	-560.659363000000	5571.036620000000
25	31	60
3065.000000000000	0.000000000000	0.000000000000	0.000000000000	8729.103520000001	-2063.344480000000
0.000000000000	3065.000000000000	0.000000000000	-8729.103520000001	0.000000000000	3525.192140000000
0.000000000000	0.000000000000	3065.000000000000	2063.344480000000	-3525.192140000000	0.000000000000
0.000000000000	-8729.103520000001	2063.344480000000	26585.636699999999	-2339.251710000000	-10180.054700000001
8729.103520000001	0.000000000000	-3525.192140000000	-2339.251710000000	29356.677700000000	-5802.952150000000
-2063.344480000000	3525.192140000000	0.000000000000	-10180.054700000001	-5802.952150000000	5611.658690000000
27	29	60
2161.000000000000	0.000000000000	0.000000000000	0.000000000000	4086.232180000000	-674.621216000000
0.000000000000	2161.000000000000	0.000000000000	-4086.232180000000	0.000000000000	1322.706420000000
0.000000000000	0.000000000000	2161.000000000000	674.621216000000	-1322.706420000000	0.000000000000
0.000000000000	-4086.232180000000	674.621216000000	8067.996090000000	-377.164520000000	-2542.937500000000
4086.232180000000	0.000000000000	-1322.706420000000	-377.164520000000	8682.602540000000	-1230.699220000000
-674.621216000000	1322.706420000000	0.000000000000	-2542.937500000000	-1230.699220000000	1189.151490000000
30	34	60
1487.000000000000	0.000000000000	0.000000000000	0.000000000000	5050.472660000000	59.273216200000
0.000000000000	1487.000000000000	0.000000000000	-5050.472660000000	0.000000000000	1363.702760000000
0.000000000000	0.000000000000	1487.000000000000	-59.273216200000	-1363.702760000000	0.000000000000
0.000000000000	-5050.472660000000	-59.273216200000	17184.054700000001	44.399089800000	-4623.701660000000
5050.472660000000	0.000000000000	-1363.702760000000	44.399089800000	18455.427700000000	197.960922000000
59.273216200000	1363.702760000000	0.000000000000	-4623.701660000000	197.960922000000	1320.224370000000
30	36	60
1179.000000000000	0.000000000000	0.000000000000	0.000000000000	3996.296880000000	28.325080900000
0.000000000000	1179.000000000000	0.000000000000	-3996.296880000000	0.000000000000	1158.330570000000
0.000000000000	0.000000000000	1179.000000000000	-28.325080900000	-1158.330570000000	0.000000000000
0.000000000000	-3996.296880000000	-28.325080900000	13566.613300000001	23.466472600000	-3920.416990000000
3996.296880000000	0.000000000000	-1158.330570000000	23.466472600000	14729.981400000001	93.184112500000
28.325080900000	1158.330570000000	0.000000000000	-3920.416990000000	93.184112500000	1194.380250000000
31	38	60
4762.000000000000	0.000000000000	0.000000000000	0.000000000000	14864.825199999999	4496.254880000000
0.000000000000	4762.000000000000	0.000000000000	-14864.825199999999	0.000000000000	-310.196381000000
0.000000000000	0.000000000000	4762.000000000000	-4496.254880000000	310.196381000000	0.000000000000
0.000000000000	-14864.825199999999	-4496.254880000000	50931.898399999998	-327.306885000000	903.153198000000
14864.825199999999	0.000000000000	310.196381000000	-327.306885000000	47073.664100000002	14117.255900000000
4496.254880000000	-310.196381000000	0.000000000000	903.153198000000	14117.255900000000	4842.152830000000
32	43	60
2638.000000000000	0.000000000000	0.000000000000	0.000000000000	4761.083010000000	0.425178289000
0.000000000000	2638.000000000000	0.000000000000	-4761.083010000000	0.000000000000	-360.224518000000
0.000000000000	0.000000000000	2638.000000000000	-0.425178289000	360.224518000000	0.000000000000
0.000000000000	-4761.083010000000	-0.425178289000	8975.130859999999	70.794349700000	573.002747000000
4761.083010000000	0.000000000000	360.224518000000	70.794349700000	9289.680660000000	96.999107400000
0.425178289000	-360.224518000000	0.000000000000	573.002747000000	96.999107400000	892.885437000000
32	44	60
2854.000000000000	0.000000000000	0.000000000000	0.000000000000	5212.329100000000	188.409897000000
0.000000000000	2854.000000000000	0.000000000000	-5212.329100000000	0.000000000000	-191.926331000000
0.000000000000	0.000000000000	2854.000000000000	-188.409897000000	191.926331000000	0.000000000000
0.000000000000	-5212.329100000000	-188.409897000000	9970.603520000001	-0.195706099000	281.643494000000
5212.329100000000	0.000000000000	191.926331000000	-0.195706099000	10151.989299999999	467.769043000000
188.409897000000	-191.926331000000	0.000000000000	281.643494000000	467.769043000000	911.910706000000
32	45	60
2559.000000000000	0.000000000000	0.000000000000	0.000000000000	4745.730470000000	353.896851000000
0.000000000000	2559.000000000000	0.000000000000	-4745.730470000000	0.000000000000	-150.418213000000
0.000000000000	0.000000000000	2559.000000000000	-353.896851000000	150.418213000000	0.000000000000
0.000000000000	-4745.730470000000	-353.896851000000	9272.306640000001	20.424408000000	206.587570000000
4745.730470000000	0.000000000000	150.418213000000	20.424408000000	9382.270510000000	777.767151000000
353.896851000000	-150.418213000000	0.000000000000	206.587570000000	777.767151000000	888.315308000000
37	47	60
2588.000000000000	0.000000000000	0.000000000000	0.000000000000	3746.841550000000	-826.725159000000
0.000000000000	2588.000000000000	0.000000000000	-3746.841550000000	0.000000000000	530.779236000000
0.000000000000	0.000000000000	2588.000000000000	826.725159000000	-530.779236000000	0.000000000000
0.000000000000	-3746.841550000000	826.725159000000	5944.250980000000	-168.986786000000	-870.849060000000
3746.841550000000	0.000000000000	-530.779236000000	-168.986786000000	6040.677250000000	-1206.219240000000
-826.725159000000	530.779236000000	0.000000000000	-870.849060000000	-1206.219240000000	941.699524000000
39	42	60
2912.000000000000	0.000000000000	0.000000000000	0.000000000000	5872.098630000000	-2109.544190000000
0.000000000000	2912.000000000000	0.000000000000	-5872.098630000000	0.000000000000	996.649963000000
0.000000000000	0.000000000000	2912.000000000000	2109.544190000000	-996.649963000000	0.000000000000
0.000000000000	-5872.098630000000	2109.544190000000	13892.966800000000	-814.070496000000	-2301.113280000000
5872.098630000000	0.000000000000	-996.649963000000	-814.070496000000	13010.863300000001	-4293.239750000000
-2109.544190000000	996.649963000000	0.000000000000	-2301.113280000000	-4293.239750000000	2338.408450000000
39	46	60
3519.000000000000	0.000000000000	0.000000000000	0.000000000000	6796.483400000000	-2609.386470000000
0.000000000000	3519.000000000000	0.000000000000	-6796.483400000000	0.000000000000	1496.057370000000
0.000000000000	0.000000000000	3519.000000000000	2609.386470000000	-1496.057370000000	0.000000000000
0.000000000000	-6796.483400000000	2609.386470000000	15657.453100000001	-1267.587770000000	-3287.329100000000
6796.483400000000	0.000000000000	-1496.057370000000	-1267.587770000000	14858.725600000000	-5122.133300000000
-2609.386470000000	1496.057370000000	0.000000000000	-3287.329100000000	-5122.133300000000	3277.540040000000
40	44	60
5000.000000000000	0.000000000000	0.000000000000	0.000000000000	10141.463900000001	-3285.473390000000
0.000000000000	5000.000000000000	0.000000000000	-10141.463900000001	0.000000000000	1473.928340000000
0.000000000000	0.000000000000	5000.000000000000	3285.473390000000	-1473.928340000000	0.000000000000
0.000000000000	-10141.463900000001	3285.473390000000	24122.623000000000	-796.767456000000	-2915.675050000000
10141.463900000001	0.000000000000	-1473.928340000000	-796.767456000000	22482.093799999999	-6731.534180000000
-3285.473390000000	1473.928340000000	0.000000000000	-2915.675050000000	-6731.534180000000	3122.279300000000
40	45	60
4855.000000000000	0.000000000000	0.000000000000	0.000000000000	10139.912100000000	-3051.033450000000
0.000000000000	4855.000000000000	0.000000000000	-10139.912100000000	0.000000000000	1924.841670000000
0.000000000000	0.000000000000	4855.000000000000	3051.033450000000	-1924.841670000000	0.000000000000
0.000000000000	-10139.912100000000	3051.033450000000	24591.002000000000	-1056.012080000000	-4015.607180000000
10139.912100000000	0.000000000000	-1924.841670000000	-1056.012080000000	23484.037100000001	-6405.694820000000
-3051.033450000000	1924.841670000000	0.000000000000	-4015.607180000000	-6405.694820000000	3172.635250000000
43	48	60
4513.000000000000	0.000000000000	0.000000000000	0.000000000000	11705.129900000000	-3172.831790000000
0.000000000000	4513.000000000000	0.000000000000	-11705.129900000000	0.000000000000	-4842.976560000000
0.000000000000	0.000000000000	4513.000000000000	3172.831790000000	4842.976560000000	0.000000000000
0.000000000000	-11705.129900000000	3172.831790000000	32935.355499999998	3332.112300000000	12772.972700000000
11705.129900000000	0.000000000000	4842.976560000000	3332.112300000000	36131.097699999998	-8123.688480000000
-3172.831790000000	-4842.976560000000	0.000000000000	12772.972700000000	-8123.688480000000	7729.194820000000
44	48	60
3921.000000000000	0.000000000000	0.000000000000	0.000000000000	9780.740229999999	-2936.745610000000
0.000000000000	3921.000000000000	0.000000000000	-9780.740229999999	0.000000000000	-3979.551030000000
0.000000000000	0.000000000000	3921.000000000000	2936.745610000000	3979.551030000000	0.000000000000
0.000000000000	-9780.740229999999	2936.745610000000	26868.636699999999	2964.483890000000	10050.800800000001
9780.740229999999	0.000000000000	3979.551030000000	2964.483890000000	28911.750000000000	-7274.832520000000
-2936.745610000000	-3979.551030000000	0.000000000000	10050.800800000001	-7274.832520000000	6462.935550000000
52	57	60
2918.000000000000	0.000000000000	0.000000000000	0.000000000000	2854.030760000000	-194.274780000000
0.000000000000	2918.000000000000	0.000000000000	-2854.030760000000	0.000000000000	-794.390198000000
0.000000000000	0.000000000000	2918.000000000000	194.274780000000	794.390198000000	0.000000000000
0.000000000000	-2854.030760000000	194.274780000000	3046.832030000000	93.035400400000	870.459229000000
2854.030760000000	0.000000000000	794.390198000000	93.035400400000	3281.391850000000	-221.247849000000
-194.274780000000	-794.390198000000	0.000000000000	870.459229000000	-221.247849000000	621.355713000000
