0	42	1
-0.99585666803	-0.054541574108	0.07281669161899999	-1.463357563126
0.012961453211000005	0.707129749574	0.7069698456310001	-1.246796513434
-0.09005046307600001	0.704978057288	-0.703491648209	3.079742402473
0.0	0.0	0.0	1.0
2	3	2
0.813453201746	0.107322151492	-0.571648234883	-0.15686430910800017
-0.202838033681	0.9734726885530001	-0.105875917105	-0.10503706926199996
0.545118015313	0.20207569494400002	0.8136422191650001	0.03256701201199973
0.0	0.0	0.0	1.0
3	25	3
0.6363760244079999	-0.226234400782	0.7374593910939999	-3.646317534943
0.16690004512700002	0.973762378599	0.154702290401	-0.3564095051269999
-0.753109622144	0.02463318475899998	0.657435370224	2.093695478589
0.0	0.0	0.0	1.0
3	26	4
0.672423367967	-0.26185307416000003	0.692303352018	-3.662995218262
0.129104114592	0.962487184131	0.23864687941500004	-0.30304569698899986
-0.728821678336	-0.071092269405	0.6810037879290001	2.1011103740599997
0.0	0.0	0.0	1.0
3	34	5
0.02616487673999995	-0.401088076585	0.915666938757	-1.463784738004
0.11094607539700001	0.9114876152570001	0.396086078265	-0.584169948128
-0.99348177778	0.09122544030299998	0.06834593051800007	2.3777745562979997
0.0	0.0	0.0	1.0
3	35	6
0.342188708232	-0.17971668179400002	0.922286687523	-1.4387138312679997
0.125449235341	0.981490451001	0.14470856027	-0.6326526591759999
-0.931220232886	0.06617998659499999	0.3583981965810001	2.489094829244
0.0	0.0	0.0	1.0
3	36	7
0.025584242788999956	-0.46057091030999997	0.887257604275	-1.118054658777
0.17680487791000002	0.8756388564350001	0.449442323156	-0.46273902855199994
-0.983913825256	0.14536951269399997	0.10383174937400003	2.374163251373
0.0	0.0	0.0	1.0
3	37	8
-0.25987977160700004	-0.5930152255369999	0.762102294462	-0.6226344174859999
0.217926472053	0.732838935964	0.644559654993	-0.66732916236
-0.940729450965	0.333588217618	-0.06121922629699999	2.527000043267
0.0	0.0	0.0	1.0
3	38	9
-0.643520983607	-0.375841090012	0.6668046300149999	-0.5747345660439999
0.147161013738	0.794148448108	0.589639677581	-0.695981004139
-0.751149040873	0.47757000289	-0.455743159251	2.606444879653
0.0	0.0	0.0	1.0
3	40	10
-0.998280750284	-0.009803387025999994	0.057822968550999984	-0.5929608982299998
0.021251225214999992	0.858447655409	0.5124653949760001	-0.45746789406699995
-0.054660981794000044	0.512808504734	-0.856762674228	2.660867288322
0.0	0.0	0.0	1.0
3	41	11
-0.999910414485	0.0031624817740000034	-0.013076039273000023	-0.391152251138
-0.005287268023000003	0.801433033353	0.598063590887	-0.473598313903
0.01237211513899997	0.598075437065	-0.8013469900510001	3.1801454352790004
0.0	0.0	0.0	1.0
3	44	12
-0.817772780741	0.152013538459	-0.555105606973	-0.12228353345199983
-0.055210935487	0.939324820376	0.33856232896599997	-0.393090624797
0.5728915992879999	0.307509288496	-0.759760771254	3.8025695430410003
0.0	0.0	0.0	1.0
3	45	13
-0.750765758421	0.135318806757	-0.64656122205	0.08982342420300005
-0.069934196321	0.95701269646	0.281497892311	-0.31553698559
0.65685992431	0.25655164609799996	-0.709027332817	3.635835404251
0.0	0.0	0.0	1.0
4	8	14
0.998298940614	-0.003666578484999994	-0.05820230252000003	0.7904842013820002
0.0047169555990000025	0.9998290838499999	0.01793858772499999	-0.2950287068729999
0.05812658559500003	-0.018182172381000016	0.998145671283	1.4153554331759999
0.0	0.0	0.0	1.0
6	8	15
0.99949519995	-0.015053904515000006	0.02799739809999994	0.6882132621999999
0.013101915465999993	0.997560216388	0.06859502262999999	-0.20883889711100007
-0.028960830246999966	-0.06819325940100002	0.9972550975969999	1.421307836245
0.0	0.0	0.0	1.0
6	9	16
0.956346099645	0.11336006818500001	-0.269359754065	1.128952901165
-0.07663256949	0.986725567055	0.14318577705600002	-0.24755349078300004
0.282016568796	-0.116293380666	0.952338823263	1.9998407857620002
0.0	0.0	0.0	1.0
6	10	17
0.68932468312	0.251482497295	-0.6794038517500001	1.36203373199
-0.165054166512	0.967668788502	0.19072314756400005	-0.28080156172400006
0.705404237994	-0.01933151578000001	0.708548127393	2.0539473179490004
0.0	0.0	0.0	1.0
6	31	18
-0.86850869393	-0.278877283705	0.40978169804	-0.371724760375
0.049090653228	0.774257746818	0.630964737652	-0.7200412895300001
-0.493236196498	0.5681132997769999	-0.6587622068739999	3.6893270561150002
0.0	0.0	0.0	1.0
8	11	19
0.2783521475729999	0.329537870317	-0.9021783960340001	0.28270720330000015
-0.251742933599	0.931494714681	0.262575422152	-0.26755784627000007
0.926904760245	0.15403002094899998	0.34224328429799994	1.19108858724
0.0	0.0	0.0	1.0
8	44	20
-0.14245168506300004	0.211255214802	-0.966994787404	1.730847124739
-0.19924667599100002	0.950841760276	0.23708077351999998	-0.15766913730800008
0.969542355337	0.226439312734	-0.093357710076	1.2791062985250001
0.0	0.0	0.0	1.0
10	15	21
-0.11094859660800001	0.44151829805000004	-0.8903695486659999	0.36351196203399994
-0.319197900203	0.83259971285	0.45264624673299997	-1.05555288069
0.941172364262	0.334428224769	0.04855501605300002	3.169138367825
0.0	0.0	0.0	1.0
10	22	22
-0.80868701637	0.365188158228	-0.461156045672	-0.5819926920199996
-0.299464311364	0.41918188264	0.857092520812	-1.1192550220150002
0.506306891051	0.83122272837	-0.22962559289199996	3.29861863446
0.0	0.0	0.0	1.0
11	18	23
0.5640462316189999	0.595871697285	-0.57166117429	0.9217244623490003
-0.287834994173	0.790753885754	0.540241670596	-1.085156300109
0.7739566169659999	-0.14017430261700004	0.617532698118	2.307166302992
0.0	0.0	0.0	1.0
11	20	24
0.650021880361	0.431270963308	-0.6256862336329999	0.6166780304220001
-0.26771226371400003	0.9005353800410001	0.34259228503600003	-1.2573999841339998
0.711200966993	-0.055186400533000037	0.700820803459	2.7706844385139995
0.0	0.0	0.0	1.0
11	22	25
-0.4820189137010001	0.6260768041839999	-0.61293534823	0.545332104094
-0.38521575582999995	0.4768930175220001	0.7900532929859999	-0.94456757304
0.786935450051	0.6169343538659999	0.011301799184000053	2.7183131935500002
0.0	0.0	0.0	1.0
11	23	26
-0.633441646347	0.280303929835	-0.721238574797	0.6962758126699999
-0.27706951711399996	0.7881201349670001	0.549637943036	-1.032486204043
0.7224839766550001	0.547997177704	-0.42156674546899997	2.571955765947
0.0	0.0	0.0	1.0
12	20	27
0.7312160771270001	0.394635785725	-0.5564078270380001	0.6433335513600001
-0.33863479681	0.918064718532	0.20611877596999997	-1.2549860364279999
0.59216051615	0.03770344979999998	0.80493936433	1.6759225289799997
0.0	0.0	0.0	1.0
12	22	28
-0.381770114027	0.674134551036	-0.6322944516100001	0.5570733504870001
-0.518901360798	0.4097888523280001	0.7502099982120001	-0.9415431706920001
0.76484843901	0.61450902392	0.19336236646000005	1.67903928514
0.0	0.0	0.0	1.0
13	21	29
0.39028503345300003	0.6391831739599999	-0.662665702845	0.3225015363389999
-0.542322849273	0.741231370024	0.39555429348	-1.0023759705570001
0.7440203310440001	0.20500088729199994	0.6359334212050001	1.1877085733420003
0.0	0.0	0.0	1.0
13	22	30
-0.152864522145	0.718615823144	-0.678400406314	0.35090263859500037
-0.6276205023770001	0.45966359771199994	0.62833325901	-0.808191613227
0.763365617755	0.521828939982	0.380750404404	1.164847720066
0.0	0.0	0.0	1.0
14	22	31
0.193650561369	0.7445320581179999	-0.638886237944	0.21356355603300017
-0.532448926881	0.626721410516	0.568963568962	-0.5182531983180001
0.8240134660100001	0.22999569673	0.517789615334	0.9797599377570001
0.0	0.0	0.0	1.0
16	22	32
0.417085541324	0.7339663243	-0.536039052572	0.061979947034000296
-0.5692015806980001	0.670743006366	0.4755147201619999	-0.08277508425099982
0.708555083383	0.10678506796200006	0.697530132132	0.7554649616319999
0.0	0.0	0.0	1.0
17	19	33
0.867146875922	-0.286116832687	0.407674386731	0.591669284168
0.26228338002	0.958165027557	0.11458242045100003	-0.5417932179650002
-0.42340047715	0.0075643862679999644	0.9059117511649999	0.6415454546120001
0.0	0.0	0.0	1.0
17	20	34
0.9508010090800001	-0.13589436442100003	0.278411061402	0.46398252571199966
0.16700628712700002	0.981734961879	-0.09114166762099994	-0.43650649030599975
-0.260939065962	0.13315437944799996	0.956129278425	0.5526574651539996
0.0	0.0	0.0	1.0
19	21	35
0.6531893333880001	0.5147077734159999	-0.5553586702500001	-0.19394096368999994
-0.5328329983429999	0.83355913772	0.14584394943499998	0.18952304785600002
0.537992413241	0.200651449728	0.81872203129	0.00033499797300000356
0.0	0.0	0.0	1.0
20	22	36
0.34947370171400005	0.718053974058	-0.60188815903	-0.16737160570399962
-0.598207802507	0.6654185936960001	0.446506381738	0.25383711907299983
0.721120854438	0.20401375071400002	0.6620912685739999	0.11511123729300021
0.0	0.0	0.0	1.0
21	23	37
0.740199822007	0.21942802328800004	-0.635576448029	-0.20507483225100012
-0.454262725884	0.860103651172	-0.23210058054799998	0.16777917439200019
0.49572825446	0.4605196347950001	0.7363244741	-0.16396151451000016
0.0	0.0	0.0	1.0
22	42	38
0.285549200559	-0.518443760994	0.806026984116	-3.402922517567
0.76837702529	0.62649871538	0.13076154014800004	-1.760466828096
-0.5727675021599999	0.5819937690239999	0.5772589217040001	1.022529387402
0.0	0.0	0.0	1.0
22	43	39
-0.077292502043	-0.390546572748	0.9173318646240001	-3.619752913428
0.744669413634	0.5891798285140001	0.313584197964	-1.85610873703
-0.662942924224	0.707349072066	0.24529214596400004	0.9313512217740003
0.0	0.0	0.0	1.0
23	30	40
0.842241355361	0.089073949442	-0.531685917239	-0.42832110805400014
-0.17027938017000002	0.979721982002	-0.10560909043600003	-0.13546987082199993
0.511495446945	0.17948378873000004	0.840333047891	0.304007935232
0.0	0.0	0.0	1.0
23	47	41
0.21328006389799997	-0.29733345394899996	0.930646260636	-3.3205375778410002
0.43263433144900004	0.8828214447920001	0.18290863113	-0.654755012705
-0.875980229276	0.363622457993	0.31692568750800004	2.217298838755
0.0	0.0	0.0	1.0
24	27	42
0.54346725285	0.24009703469200003	-0.804358293112	-0.08283507052000008
-0.273690796968	0.9565432576680001	0.10060303615599998	0.029921067354000006
0.7935587082380001	0.16546927498999997	0.5855618293859999	0.10200857728600002
0.0	0.0	0.0	1.0
25	31	43
0.621530248654	-0.34240288467099994	0.704598337622	0.2960908502809997
0.151216057992	0.934945601022	0.32095434641000004	-0.23470535245300006
-0.768654242918	-0.09293852061299998	0.6328770249619999	0.793950974993
0.0	0.0	0.0	1.0
27	29	44
0.761041063619	-0.343035995503	0.5505808235520001	0.02234082027000002
0.21851963179	0.9347073907779999	0.28030952009599996	0.1062325558
-0.6107859663359999	-0.09301553779200002	0.78631098212	-0.14482522920400026
0.0	0.0	0.0	1.0
30	34	45
0.9774108618710001	0.009680699018000012	0.211107546401	0.15976523497099993
-0.04756328329	0.983398317504	0.17512931432800002	-0.6169265517520002
-0.20590630419199998	-0.18121522432900003	0.961646711184	1.8003631302070002
0.0	0.0	0.0	1.0
30	36	46
0.981371315534	-0.06205601210899998	0.181803069054	0.261939259698
0.017251896350000014	0.971028607822	0.23834500314200005	-0.5821914897980001
-0.19132613821400005	-0.23077036372600002	0.954015117008	2.150565418102
0.0	0.0	0.0	1.0
31	38	47
0.880086810858	-0.280965984172	0.382752184444	-0.7116409395419997
0.278793691533	0.958319633618	0.06243636198400006	-1.307049984847
-0.38434374429199997	0.05175973153599999	0.921741068074	1.7180386055840002
0.0	0.0	0.0	1.0
32	43	48
0.0022284218229999733	-0.373974007392	0.927435469348	-2.676635132361
0.614489546749	0.732189518084	0.293770029276	-0.7870175114450002
-0.7889212547429999	0.569249444207	0.23143804732599998	0.961905816751
0.0	0.0	0.0	1.0
32	44	49
-0.004634709022999962	-0.275158408352	0.9613873499900001	-2.7322926384810002
0.659016728221	0.7222468260820001	0.20989461903200002	-0.6444566079790001
-0.7521152073599999	0.634548199566	0.177988296424	1.231287567212
0.0	0.0	0.0	1.0
32	45	50
-0.11259402524100003	-0.222756209652	0.968349844347	-2.7120013596020005
0.648916004011	0.7215392978140001	0.241435900243	-0.7782806057359999
-0.752483431626	0.655566115088	0.06331044471100002	1.4772211437019998
0.0	0.0	0.0	1.0
37	47	51
0.13038164790300003	-0.236793976487	0.9627713221520001	-1.573744883103
0.6582788942869999	0.7468127132240001	0.094537661174	0.669891727387
-0.741398425134	0.6214500067830001	0.25325145271000005	0.130992862438
0.0	0.0	0.0	1.0
39	42	52
0.742492527357	-0.29018768270999995	0.6037382692500001	-0.822215019165
0.249273791641	0.95626065733	0.153067194665	0.46152561399500014
-0.621750361554	0.03685111124399996	0.7823546566650001	-0.6523907746979999
0.0	0.0	0.0	1.0
39	46	53
0.629644547721	-0.097812621876	0.770703711018	-0.9238977031889999
0.24460516684300002	0.966547867827	-0.07716608113100003	0.764465699208
-0.7373749028400001	0.23711230965299998	0.632506789659	-0.8405097735989999
0.0	0.0	0.0	1.0
40	44	54
0.7838769604310001	-0.14859963547900001	0.602875391753	-0.5309073416319999
0.254403585847	0.9625646661189999	-0.09353152252099996	0.6361243766139999
-0.566408967061	0.22669899390200002	0.792336014994	-0.9179574298169999
0.0	0.0	0.0	1.0
40	45	55
0.712082459215	-0.12877229188499997	0.690187781378	-0.731887221205
0.284167195247	0.9517809727530001	-0.11560540477399996	0.6151184619850001
-0.642020283141	0.27845651398000004	0.7143380354839999	-0.723098502418
0.0	0.0	0.0	1.0
43	48	56
0.558899408714	0.178613165784	-0.80977078311	0.5888923438139999
-0.22187438895099998	0.9731338167439999	0.061517235199999964	0.3630095245289999
0.7990010301660001	0.145289438536	0.5835180394440002	-0.12945412028199996
0.0	0.0	0.0	1.0
44	48	57
0.557674517177	0.23513728731	-0.7960602189149999	0.7146948896219999
-0.16942510635400002	0.971092903098	0.16815819482099997	0.023984173353000023
0.812586514682	0.041099228781999994	0.581394216299	-0.19652305398500006
0.0	0.0	0.0	1.0
52	57	58
0.329815543844	0.113530778531	-0.937191372035	1.3046619206130001
-0.342800679043	0.9393832558680001	-0.006854382445000016	0.20683209555799997
0.879606472374	0.323536152593	0.348739803558	-0.3480705538570002
0.0	0.0	0.0	1.0
