0	8	1
0.6620318581438226	0.12566961501841883	-0.7388645041717584	-0.22274733289394394
-0.423697305967009	0.8759450187055629	-0.23065323952534145	-0.08495628786779078
0.6182186412441977	0.46575476024023543	0.6331494832563199	-0.23872563670843258
0.0	0.0	0.0	1.0
1	8	2
0.6801549939634586	0.10470104645150619	-0.7255526681597648	-0.21676777103121048
-0.425643931427942	0.8622230122509701	-0.2745881910042876	-0.08811535806821125
0.596838651894661	0.49558969950556625	0.6310107174520119	-0.24814067525946104
0.0	0.0	0.0	1.0
2	4	3
0.9672684275484528	-0.051882927357895146	0.24839476296302399	0.10339960196055983
0.06910197018512318	0.9957364318204684	-0.06110610126002176	-0.04793099375710801
-0.24416535284842866	0.07627059405999191	0.9667296189215439	0.014465285100708027
0.0	0.0	0.0	1.0
3	4	4
0.9974895645568432	-0.015813680793116895	0.06902566729353332	0.047169764079476796
0.028839887223734914	0.9809657497668212	-0.192027493724359	-0.08370724275387956
-0.0646750898754471	0.19353614990185225	0.9789591297295304	-0.022022724930442664
0.0	0.0	0.0	1.0
3	5	5
0.9995911207337701	0.023447169385384423	-0.016366212814391216	0.030142613931203023
-0.028353829606502103	0.8868214589904728	-0.4612416043324176	-0.16394546583594957
0.003699137689514735	0.4615171410580143	0.8871236380969394	-0.10202696491567315
0.0	0.0	0.0	1.0
9	11	6
0.8693761629522025	0.23722223062899456	-0.43348690280236274	-0.0411471259092373
-0.042397755801709305	0.9098092433640601	0.4128552932485547	0.17567852745432339
0.49232887780035034	-0.34054761762691005	0.8010241022004426	0.0032874257339811797
0.0	0.0	0.0	1.0
15	16	7
0.9214993184927284	0.05015807595893019	-0.38512744819920036	-0.04164466869462751
0.04692300463975604	0.9699832687634943	0.2386015769634291	0.09891110866543118
0.3855350151602288	-0.2379425502714298	0.8914853197403798	-0.021646200306504368
0.0	0.0	0.0	1.0
15	17	8
0.7360840425187226	0.16446914916652908	-0.6566050754312032	-0.07128892696063985
0.019815577322840776	0.9643803489094402	0.2637761176703901	0.2042172900383891
0.6766000807965419	-0.20717241536076883	0.7066059689825142	0.04071037320230129
0.0	0.0	0.0	1.0
16	17	9
0.9394270737054636	0.03740458583701796	-0.34070187159178933	-0.043241427724998636
-0.03495591550084596	0.9992999848700731	0.013325045989553166	0.10420812974017482
0.3409617533027649	-0.0006083410784233869	0.9400770058112001	0.07531887931797596
0.0	0.0	0.0	1.0
16	18	10
0.7837489709705973	-0.024775532560046564	-0.620583335654639	-0.18054870140968132
0.0925683878363864	0.9927031825854612	0.0772750747765226	0.1830268154769595
0.6141405845388188	-0.11801062407267726	0.7803235874769285	0.06846330217319167
0.0	0.0	0.0	1.0
16	19	11
0.6097088308214526	-0.06671128823586439	-0.7898131717729074	-0.3109858230515454
0.1455968043159991	0.9889227162701387	0.028866780025159966	0.18331063190758212
0.7791384617382451	-0.1325945677940495	0.6126679782875194	-0.01325642365205663
0.0	0.0	0.0	1.0
17	20	12
0.7420937582771611	-0.12045897021027044	-0.659383271694734	-0.29862000291932267
0.09921714710209172	0.9926234692010946	-0.06967415085887162	0.006169876095312635
0.6629123508743686	-0.013717378856173952	0.7485713723631838	-0.14502708873404968
0.0	0.0	0.0	1.0
17	22	13
0.9138842698118735	-0.21220816676654028	-0.34609720476052674	-0.2562828953640689
0.07339373160526488	0.9248223714402855	-0.3732519530551389	-0.23229120219283717
0.39928556940512966	0.3157077680202267	0.8607553793275479	-0.06989488322354881
0.0	0.0	0.0	1.0
18	22	14
0.98749143568406	-0.15655476407069419	-0.01874770767284084	-0.1357544897324463
0.13161086221901763	0.8838966035424829	-0.4487821890815522	-0.27449327003405216
0.08683000512784286	0.44070117101518047	0.8934445516294135	-0.1155813690745529
0.0	0.0	0.0	1.0
21	27	15
0.979362359643825	-0.028362213836815458	-0.20011246275338526	0.29923686664450755
-0.06949189835363868	0.8824875800985591	-0.4651736883816922	-0.4850574951509154
0.18979013049502585	0.4694798925863819	0.8623040537524754	0.18074636783326545
0.0	0.0	0.0	1.0
22	27	16
0.8899459174645584	0.1277069111352036	-0.4378209453488393	0.2627406909142429
-0.285396483914408	0.9047411730355864	-0.31621545755343	-0.35479522700845884
0.3557317492839813	0.40636730364657503	0.8416177297453813	0.188859947937263
0.0	0.0	0.0	1.0
22	28	17
0.9210623004018493	0.09210942445846229	-0.37836483593253	0.3494609242421142
-0.2632250979779208	0.8632989508978866	-0.4306127450885103	-0.43326729737291103
0.28697849104627365	0.4962164114515506	0.8193976236290222	0.172951383206986
0.0	0.0	0.0	1.0
31	33	18
0.6824946674199914	-0.0002668987824784195	-0.7308904983966522	-0.1559564648491873
0.15940873606649275	0.9759801530577816	0.1484971249275441	0.08762659113593681
0.7132951864948109	-0.21785880971554517	0.6661438526942749	-0.2359095105301325
0.0	0.0	0.0	1.0
32	33	19
0.8910460748908212	-0.07218705912130376	-0.44813610582912733	-0.10117270980980979
0.10071514698281993	0.9941059592995714	0.04012234687079573	-0.021039219872316644
0.4425986135784724	-0.08088492098819901	0.8930645267709224	-0.1498038953486176
0.0	0.0	0.0	1.0
32	34	20
0.6169034164341078	-0.1713715446805753	-0.7681550351489397	-0.042250277490922174
0.13653708420591562	0.9845104376655828	-0.10998673970644868	-0.11271943564164577
0.7751052752395555	-0.037030465145799024	0.6307463329564983	-0.3552719908670265
0.0	0.0	0.0	1.0
32	35	21
0.24735961477614052	-0.32036330057263773	-0.9144290081295283	0.10922770763821364
0.24984740311939857	0.9329311902895865	-0.25925981392076763	-0.16255383490494352
0.9361568259403067	-0.16433731002756144	0.3108114730999481	-0.3945044294698218
0.0	0.0	0.0	1.0
33	36	22
0.24740044478326043	-0.3406090275220922	-0.9070713659946004	0.13508745278162684
0.3350968083239002	0.9084816997385219	-0.2497421738187499	-0.11225369609714954
0.9091221738405231	-0.242170427071549	0.3388956945982861	-0.16941198224272047
0.0	0.0	0.0	1.0
34	36	23
0.6336015404231145	-0.205312847723307	-0.7459192678236215	-0.008270877991177315
0.27704769401391577	0.9604176285840774	-0.029022209622667956	-0.01820544462244004
0.7223527310685074	-0.1882667353166323	0.6654035508703623	-0.06136561840644189
0.0	0.0	0.0	1.0
34	37	24
0.4580982578683933	-0.17753589907252718	-0.870991774415022	-0.08023955620505716
0.30344184465309854	0.9522250347613269	-0.03449854087701086	0.021402260231033168
0.8355051107193606	-0.248491725742426	0.4900843794738763	-0.03852904258542176
0.0	0.0	0.0	1.0
35	36	25
0.8920620849941434	-0.07559816318926067	-0.44554495509265374	-0.0323898746845774
0.08903649114419906	0.9959852067885128	0.009272670934117568	0.027976328800969442
0.4430552066293774	-0.04794157225401792	0.8952115370918416	-0.010085228727664824
0.0	0.0	0.0	1.0
35	37	26
0.7740133308993651	-0.08173694386802131	-0.6278713486997113	-0.11567200157077365
0.11658004100451945	0.9930763400269538	0.014435188982171516	0.06789320064879509
0.6223444451923784	-0.08437032879109438	0.7781831147870617	0.005371931261517695
0.0	0.0	0.0	1.0
35	38	27
0.6533429602097385	-0.07091947382166593	-0.7537330581153081	-0.27120703194214
0.06799924927299834	0.9970758205487109	-0.03487347343572412	0.0293793722678095
0.7540021722467889	-0.028468959333241856	0.6562549466138593	-0.09766601373540768
0.0	0.0	0.0	1.0
35	39	28
0.7172348074803033	-0.10881755330258056	-0.6882827043018547	-0.44092627094137876
-0.010884393377784081	0.9858617803759514	-0.1672070640396738	-0.08048227860761016
0.6967466006227365	0.12741827512286033	0.7059099711202377	-0.20588413714141196
0.0	0.0	0.0	1.0
35	40	29
0.8128698797977629	-0.09219594056230142	-0.575102101225831	-0.525897360848804
-0.11243244262646204	0.9439836323258142	-0.3102481965175206	-0.16087472567430425
0.5714907662213131	0.31685157289345484	0.756970025729072	-0.19985230490068695
0.0	0.0	0.0	1.0
36	40	30
0.9883339426123372	-0.024783478981829865	-0.1502718458476139	-0.4947075234809504
-0.0334306323386312	0.9273062991315274	-0.3728075861854056	-0.19166001536818075
0.14858757917947854	0.3734821491851528	0.9156598870649522	-0.19625359184047786
0.0	0.0	0.0	1.0
36	41	31
0.9948216084389963	0.06817199202970707	0.0753814824866495	-0.5269162384384155
-0.016435203537899835	0.8398257943451855	-0.5426072908838648	-0.27335406553516883
-0.10029792869511589	0.5385586641311655	0.8365973641640083	-0.07456295963821559
0.0	0.0	0.0	1.0
37	41	32
0.9538629914595461	0.09179760123954805	0.2858644493440478	-0.45542431343447365
0.0853556458303612	0.8299179317059519	-0.5513174293030333	-0.2873650915672703
-0.287853731835659	0.5502815291772838	0.7837926387952144	-0.13955219232083407
0.0	0.0	0.0	1.0
40	44	33
0.9829456785155912	-0.020300534033319034	0.1827721295090693	-0.2795871386152175
0.12076913220081603	0.8207817211376459	-0.5583297782932555	-0.20841445481592732
-0.13868165625926177	0.57088116679325	0.8092354898861425	-0.192655630778065
0.0	0.0	0.0	1.0
42	46	34
0.7392342048717807	0.27496474449985975	-0.6147577984209422	-0.23347871709714255
-0.35648646319760785	0.9342378863446936	-0.010808422618934116	0.15546281733482234
0.5713581287638585	0.22714286740311876	0.7886418613840067	-0.36779861037652956
0.0	0.0	0.0	1.0
43	46	35
0.7582270307106325	0.29445411613381545	-0.5817117777717472	-0.1788682490112161
-0.3155529412300378	0.9464833105720456	0.06779141454836997	0.14105364640643325
0.57054190534661	0.13215964718656967	0.8105652048176705	-0.26136132848038507
0.0	0.0	0.0	1.0
44	46	36
0.7799706276503064	0.35289982056434094	-0.5168245341517808	-0.1390065528408916
-0.31312974280528744	0.9350998965838756	0.1659451772869612	0.11319252816725309
0.5418446051619732	0.03240078162842268	0.8398539338197192	-0.12635929095933177
0.0	0.0	0.0	1.0
44	47	37
0.3443370985110359	0.6486984645342385	-0.6786916556432031	-0.09549387258649741
-0.47793451767789263	0.7433370481928482	0.4680049272726865	0.20576409732000242
0.808090739250595	0.16321870633281743	0.5659938302733378	-0.16664091317944119
0.0	0.0	0.0	1.0
