0	8	1
0.6620318581438227	0.12566961501841886	-0.7388645041717584	-0.22274733289394416
-0.4236973059670089	0.8759450187055627	-0.23065323952534147	-0.08495628786778989
0.6182186412441976	0.46575476024023543	0.6331494832563199	-0.23872563670843258
0.0	0.0	0.0	1.0
1	8	2
0.6801549939634587	0.10470104645150623	-0.7255526681597648	-0.21676777103121025
-0.4256439314279418	0.86222301225097	-0.2745881910042876	-0.08811535806820947
0.5968386518946609	0.49558969950556625	0.6310107174520119	-0.24814067525946193
0.0	0.0	0.0	1.0
2	4	3
0.9672684275484529	-0.05188292735789514	0.24839476296302393	0.10339960196056072
0.0691019701851232	0.9957364318204684	-0.06110610126002174	-0.047930993757108346
-0.24416535284842877	0.07627059405999193	0.9667296189215439	0.014465285100707805
0.0	0.0	0.0	1.0
3	4	4
0.9974895645568433	-0.015813680793116902	0.06902566729353324	0.04716976407947857
0.02883988722373493	0.9809657497668212	-0.192027493724359	-0.08370724275387967
-0.0646750898754472	0.19353614990185228	0.9789591297295305	-0.02202272493044311
0.0	0.0	0.0	1.0
3	5	5
0.99959112073377	0.023447169385384423	-0.016366212814391188	0.03014261393120391
-0.02835382960650204	0.886821458990473	-0.46124160433241773	-0.1639454658359498
0.0036991376895147065	0.46151714105801434	0.8871236380969395	-0.10202696491567315
0.0	0.0	0.0	1.0
9	11	6
0.8693761629522024	0.23722223062899456	-0.43348690280236274	-0.0411471259092373
-0.042397755801709285	0.9098092433640599	0.41285529324855463	0.17567852745432316
0.4923288778003503	-0.34054761762691005	0.8010241022004426	0.0032874257339811797
0.0	0.0	0.0	1.0
15	16	7
0.9214993184927285	0.05015807595893019	-0.3851274481992003	-0.04164466869462929
0.04692300463975605	0.9699832687634944	0.2386015769634291	0.0989111086654304
0.3855350151602288	-0.2379425502714298	0.8914853197403799	-0.021646200306504368
0.0	0.0	0.0	1.0
15	17	8
0.7360840425187226	0.16446914916652905	-0.6566050754312032	-0.07128892696064074
0.019815577322840776	0.96438034890944	0.26377611767039	0.20421729003838898
0.676600080796542	-0.20717241536076883	0.7066059689825142	0.04071037320230151
0.0	0.0	0.0	1.0
16	17	9
0.9394270737054636	0.03740458583701793	-0.34070187159178933	-0.043241427724999525
-0.03495591550084595	0.9992999848700729	0.013325045989553173	0.10420812974017504
0.34096175330276496	-0.0006083410784233683	0.9400770058112002	0.07531887931797596
0.0	0.0	0.0	1.0
16	18	10
0.783748970970597	-0.024775532560046547	-0.6205833356546387	-0.18054870140968043
0.09256838783638639	0.9927031825854611	0.07727507477652257	0.18302681547695995
0.6141405845388187	-0.11801062407267723	0.7803235874769284	0.06846330217319181
0.0	0.0	0.0	1.0
16	19	11
0.6097088308214526	-0.0667112882358644	-0.7898131717729074	-0.31098582305154626
0.1455968043159991	0.9889227162701387	0.02886678002515998	0.1833106319075819
0.779138461738245	-0.13259456779404954	0.6126679782875194	-0.013256423652055965
0.0	0.0	0.0	1.0
17	20	12
0.7420937582771607	-0.12045897021027038	-0.6593832716947338	-0.2986200029193218
0.0992171471020917	0.9926234692010946	-0.06967415085887156	0.006169876095312635
0.6629123508743687	-0.013717378856173948	0.748571372363184	-0.14502708873404968
0.0	0.0	0.0	1.0
17	22	13
0.9138842698118735	-0.21220816676654028	-0.34609720476052674	-0.256282895364068
0.07339373160526493	0.9248223714402853	-0.3732519530551388	-0.23229120219283694
0.39928556940512966	0.31570776802022676	0.8607553793275478	-0.06989488322354925
0.0	0.0	0.0	1.0
18	22	14
0.98749143568406	-0.15655476407069419	-0.018747707672840945	-0.13575448973244542
0.1316108622190176	0.8838966035424828	-0.4487821890815521	-0.27449327003405194
0.0868300051278429	0.44070117101518047	0.8934445516294134	-0.11558136907455334
0.0	0.0	0.0	1.0
21	27	15
0.9793623596438251	-0.02836221383681546	-0.20011246275338526	0.2992368666445058
-0.06949189835363864	0.8824875800985591	-0.4651736883816922	-0.4850574951509152
0.18979013049502577	0.4694798925863819	0.8623040537524754	0.18074636783326456
0.0	0.0	0.0	1.0
22	27	16
0.8899459174645585	0.12770691113520363	-0.43782094534883936	0.262740690914242
-0.285396483914408	0.9047411730355864	-0.31621545755343	-0.3547952270084587
0.35573174928398127	0.40636730364657503	0.8416177297453813	0.188859947937263
0.0	0.0	0.0	1.0
22	28	17
0.9210623004018492	0.09210942445846226	-0.3783648359325299	0.3494609242421142
-0.2632250979779207	0.8632989508978867	-0.4306127450885102	-0.43326729737291114
0.2869784910462735	0.4962164114515505	0.8193976236290222	0.17295138320698644
0.0	0.0	0.0	1.0
31	33	18
0.6824946674199913	-0.00026689878247839567	-0.730890498396652	-0.1559564648491873
0.15940873606649267	0.9759801530577817	0.148497124927544	0.08762659113593592
0.7132951864948107	-0.2178588097155451	0.6661438526942747	-0.2359095105301334
0.0	0.0	0.0	1.0
32	33	19
0.8910460748908211	-0.0721870591213037	-0.44813610582912716	-0.1011727098098099
0.10071514698281987	0.9941059592995716	0.04012234687079557	-0.021039219872317532
0.4425986135784724	-0.08088492098819895	0.8930645267709222	-0.14980389534861938
0.0	0.0	0.0	1.0
32	34	20
0.6169034164341081	-0.1713715446805753	-0.7681550351489397	-0.04225027749092306
0.13653708420591565	0.984510437665583	-0.10998673970644873	-0.11271943564164577
0.7751052752395555	-0.03703046514579905	0.6307463329564982	-0.3552719908670265
0.0	0.0	0.0	1.0
32	35	21
0.24735961477614057	-0.3203633005726378	-0.9144290081295283	0.10922770763821453
0.24984740311939854	0.9329311902895864	-0.25925981392076763	-0.16255383490494307
0.9361568259403068	-0.16433731002756147	0.31081147309994805	-0.3945044294698209
0.0	0.0	0.0	1.0
33	36	22
0.2474004447832604	-0.34060902752209216	-0.9070713659946003	0.13508745278162773
0.33509680832390015	0.9084816997385218	-0.2497421738187499	-0.11225369609714954
0.909122173840523	-0.24217042707154895	0.3388956945982861	-0.16941198224272105
0.0	0.0	0.0	1.0
34	36	23
0.6336015404231143	-0.20531284772330696	-0.7459192678236214	-0.008270877991176427
0.2770476940139157	0.9604176285840773	-0.029022209622667963	-0.01820544462244004
0.7223527310685073	-0.18826673531663224	0.6654035508703623	-0.061365618406442474
0.0	0.0	0.0	1.0
34	37	24
0.45809825786839325	-0.17753589907252718	-0.8709917744150218	-0.08023955620505804
0.3034418446530985	0.9522250347613269	-0.03449854087701083	0.021402260231033168
0.8355051107193605	-0.24849172574242592	0.49008437947387634	-0.03852904258542287
0.0	0.0	0.0	1.0
35	36	25
0.8920620849941433	-0.07559816318926069	-0.4455449550926537	-0.03238987468457651
0.08903649114419908	0.9959852067885127	0.009272670934117568	0.027976328800969442
0.44305520662937736	-0.04794157225401788	0.8952115370918415	-0.010085228727665407
0.0	0.0	0.0	1.0
35	37	26
0.774013330899365	-0.0817369438680213	-0.6278713486997112	-0.11567200157077365
0.11658004100451944	0.9930763400269538	0.014435188982171544	0.06789320064879509
0.6223444451923783	-0.08437032879109431	0.7781831147870617	0.005371931261516806
0.0	0.0	0.0	1.0
35	38	27
0.6533429602097385	-0.07091947382166595	-0.7537330581153081	-0.27120703194214
0.0679992492729984	0.9970758205487108	-0.03487347343572413	0.02937937226780928
0.7540021722467889	-0.028468959333241856	0.6562549466138593	-0.09766601373540723
0.0	0.0	0.0	1.0
35	39	28
0.7172348074803034	-0.10881755330258058	-0.6882827043018549	-0.4409262709413779
-0.010884393377784095	0.9858617803759513	-0.16720706403967373	-0.08048227860761038
0.6967466006227365	0.12741827512286033	0.7059099711202377	-0.2058841371414124
0.0	0.0	0.0	1.0
35	40	29
0.812869879797763	-0.0921959405623014	-0.5751021012258309	-0.5258973608488058
-0.11243244262646204	0.9439836323258141	-0.3102481965175206	-0.1608747256743038
0.5714907662213131	0.3168515728934549	0.756970025729072	-0.19985230490068662
0.0	0.0	0.0	1.0
36	40	30
0.9883339426123373	-0.024783478981829837	-0.15027184584761386	-0.49470752348095215
-0.03343063233863121	0.9273062991315273	-0.37280758618540555	-0.1916600153681803
0.1485875791794786	0.3734821491851529	0.915659887064952	-0.19625359184047753
0.0	0.0	0.0	1.0
36	41	31
0.9948216084389963	0.06817199202970721	0.07538148248664944	-0.5269162384384146
-0.016435203537899835	0.8398257943451853	-0.5426072908838647	-0.27335406553516883
-0.10029792869511604	0.5385586641311656	0.8365973641640084	-0.07456295963821603
0.0	0.0	0.0	1.0
37	41	32
0.9538629914595461	0.0917976012395482	0.28586444934404776	-0.45542431343447276
0.0853556458303612	0.8299179317059517	-0.5513174293030333	-0.2873650915672703
-0.28785373183565904	0.5502815291772839	0.7837926387952145	-0.13955219232083474
0.0	0.0	0.0	1.0
40	44	33
0.9829456785155912	-0.020300534033318936	0.18277212950906954	-0.2795871386152193
0.1207691322008161	0.8207817211376459	-0.5583297782932557	-0.2084144548159269
-0.13868165625926177	0.5708811667932501	0.8092354898861424	-0.19265563077806455
0.0	0.0	0.0	1.0
42	46	34
0.7392342048717808	0.2749647444998598	-0.6147577984209424	-0.23347871709714077
-0.35648646319760785	0.9342378863446935	-0.010808422618934171	0.1554628173348219
0.5713581287638586	0.22714286740311876	0.7886418613840067	-0.3677986103765291
0.0	0.0	0.0	1.0
43	46	35
0.7582270307106325	0.2944541161338155	-0.5817117777717473	-0.1788682490112152
-0.3155529412300378	0.9464833105720455	0.06779141454836991	0.14105364640643236
0.57054190534661	0.13215964718656967	0.8105652048176705	-0.2613613284803846
0.0	0.0	0.0	1.0
44	46	36
0.7799706276503066	0.352899820564341	-0.5168245341517808	-0.13900655284088984
-0.3131297428052875	0.9350998965838755	0.1659451772869612	0.11319252816725264
0.5418446051619732	0.032400781628422734	0.8398539338197192	-0.12635929095933132
0.0	0.0	0.0	1.0
44	47	37
0.34433709851103583	0.6486984645342384	-0.6786916556432032	-0.09549387258649653
-0.4779345176778926	0.7433370481928481	0.4680049272726865	0.2057640973200033
0.808090739250595	0.1632187063328175	0.565993830273338	-0.16664091317944207
0.0	0.0	0.0	1.0
