0	27	37
4911.000000000000	0.000000000000	0.000000000000	0.000000000000	14689.044900000001	870.541138000000
0.000000000000	4911.000000000000	0.000000000000	-14689.044900000001	0.000000000000	-3286.318120000000
0.000000000000	0.000000000000	4911.000000000000	-870.541138000000	3286.318120000000	0.000000000000
0.000000000000	-14689.044900000001	-870.541138000000	44679.238299999997	-570.612427000000	10044.853499999999
14689.044900000001	0.000000000000	3286.318120000000	-570.612427000000	46711.105499999998	2570.369140000000
870.541138000000	-3286.318120000000	0.000000000000	10044.853499999999	2570.369140000000	3317.349370000000
1	11	37
5000.000000000000	0.000000000000	0.000000000000	0.000000000000	13332.070299999999	-2985.895510000000
0.000000000000	5000.000000000000	0.000000000000	-13332.070299999999	0.000000000000	-5506.706540000000
0.000000000000	0.000000000000	5000.000000000000	2985.895510000000	5506.706540000000	0.000000000000
0.000000000000	-13332.070299999999	2985.895510000000	38287.429700000001	3216.162840000000	14774.610400000000
13332.070299999999	0.000000000000	5506.706540000000	3216.162840000000	41910.093800000002	-7720.782710000000
-2985.895510000000	-5506.706540000000	0.000000000000	14774.610400000000	-7720.782710000000	8802.703130000000
1	12	37
5000.000000000000	0.000000000000	0.000000000000	0.000000000000	12974.891600000001	-1209.395390000000
0.000000000000	5000.000000000000	0.000000000000	-12974.891600000001	0.000000000000	-5195.797360000000
0.000000000000	0.000000000000	5000.000000000000	1209.395390000000	5195.797360000000	0.000000000000
0.000000000000	-12974.891600000001	1209.395390000000	36595.203099999999	1047.752080000000	13629.839800000000
12974.891600000001	0.000000000000	5195.797360000000	1047.752080000000	39564.343800000002	-3047.176270000000
-1209.395390000000	-5195.797360000000	0.000000000000	13629.839800000000	-3047.176270000000	8267.388670000000
1	13	37
5000.000000000000	0.000000000000	0.000000000000	0.000000000000	12917.399400000000	-3280.130130000000
0.000000000000	5000.000000000000	0.000000000000	-12917.399400000000	0.000000000000	-4677.695310000000
0.000000000000	0.000000000000	5000.000000000000	3280.130130000000	4677.695310000000	0.000000000000
0.000000000000	-12917.399400000000	3280.130130000000	36808.058599999997	2903.270020000000	12247.915999999999
12917.399400000000	0.000000000000	4677.695310000000	2903.270020000000	38315.828099999999	-8067.267580000000
-3280.130130000000	-4677.695310000000	0.000000000000	12247.915999999999	-8067.267580000000	7796.960940000000
8	14	37
5000.000000000000	0.000000000000	0.000000000000	0.000000000000	12342.368200000001	-1958.483030000000
0.000000000000	5000.000000000000	0.000000000000	-12342.368200000001	0.000000000000	4059.545650000000
0.000000000000	0.000000000000	5000.000000000000	1958.483030000000	-4059.545650000000	0.000000000000
0.000000000000	-12342.368200000001	1958.483030000000	31579.386699999999	-1564.926030000000	-10116.831099999999
12342.368200000001	0.000000000000	-4059.545650000000	-1564.926030000000	34549.105499999998	-4759.596680000000
-1958.483030000000	4059.545650000000	0.000000000000	-10116.831099999999	-4759.596680000000	4848.106450000000
10	13	37
5000.000000000000	0.000000000000	0.000000000000	0.000000000000	7719.412110000000	317.536072000000
0.000000000000	5000.000000000000	0.000000000000	-7719.412110000000	0.000000000000	4822.295410000000
0.000000000000	0.000000000000	5000.000000000000	-317.536072000000	-4822.295410000000	0.000000000000
0.000000000000	-7719.412110000000	-317.536072000000	12740.215800000000	315.360596000000	-7147.509770000000
7719.412110000000	0.000000000000	-4822.295410000000	315.360596000000	17742.267599999999	722.267517000000
317.536072000000	4822.295410000000	0.000000000000	-7147.509770000000	722.267517000000	5426.712890000000
11	27	37
4029.000000000000	0.000000000000	0.000000000000	0.000000000000	6807.636720000000	2802.117190000000
0.000000000000	4029.000000000000	0.000000000000	-6807.636720000000	0.000000000000	4319.017580000000
0.000000000000	0.000000000000	4029.000000000000	-2802.117190000000	-4319.017580000000	0.000000000000
0.000000000000	-6807.636720000000	-2802.117190000000	14222.717800000000	2724.905030000000	-7005.632810000000
6807.636720000000	0.000000000000	-4319.017580000000	2724.905030000000	16946.089800000002	4797.324710000000
2802.117190000000	4319.017580000000	0.000000000000	-7005.632810000000	4797.324710000000	7591.533690000000
12	27	37
4672.000000000000	0.000000000000	0.000000000000	0.000000000000	11278.183600000000	571.919922000000
0.000000000000	4672.000000000000	0.000000000000	-11278.183600000000	0.000000000000	431.283813000000
0.000000000000	0.000000000000	4672.000000000000	-571.919922000000	-431.283813000000	0.000000000000
0.000000000000	-11278.183600000000	-571.919922000000	28184.043000000001	-785.694702000000	-911.587463000000
11278.183600000000	0.000000000000	-431.283813000000	-785.694702000000	29487.041000000001	1392.875730000000
571.919922000000	431.283813000000	0.000000000000	-911.587463000000	1392.875730000000	2970.918700000000
13	27	37
4272.000000000000	0.000000000000	0.000000000000	0.000000000000	11468.169900000001	420.310425000000
0.000000000000	4272.000000000000	0.000000000000	-11468.169900000001	0.000000000000	-364.413269000000
0.000000000000	0.000000000000	4272.000000000000	-420.310425000000	364.413269000000	0.000000000000
0.000000000000	-11468.169900000001	-420.310425000000	31240.289100000002	-92.316139200000	1171.745730000000
11468.169900000001	0.000000000000	364.413269000000	-92.316139200000	31569.943400000000	1124.536010000000
420.310425000000	-364.413269000000	0.000000000000	1171.745730000000	1124.536010000000	1086.024540000000
16	18	37
3548.000000000000	0.000000000000	0.000000000000	0.000000000000	9627.565430000001	2435.469970000000
0.000000000000	3548.000000000000	0.000000000000	-9627.565430000001	0.000000000000	3933.905270000000
0.000000000000	0.000000000000	3548.000000000000	-2435.469970000000	-3933.905270000000	0.000000000000
0.000000000000	-9627.565430000001	-2435.469970000000	28907.752000000000	2708.296630000000	-11155.493200000001
9627.565430000001	0.000000000000	-3933.905270000000	2708.296630000000	31666.656299999999	6474.979490000000
2435.469970000000	3933.905270000000	0.000000000000	-11155.493200000001	6474.979490000000	6678.229980000000
20	36	37
1652.000000000000	0.000000000000	0.000000000000	0.000000000000	2659.956300000000	-315.395905000000
0.000000000000	1652.000000000000	0.000000000000	-2659.956300000000	0.000000000000	68.475311300000
0.000000000000	0.000000000000	1652.000000000000	315.395905000000	-68.475311300000	0.000000000000
0.000000000000	-2659.956300000000	315.395905000000	4784.263670000000	323.781464000000	96.598175000000
2659.956300000000	0.000000000000	-68.475311300000	323.781464000000	4882.252930000000	-687.539795000000
-315.395905000000	68.475311300000	0.000000000000	96.598175000000	-687.539795000000	795.380005000000
21	29	37
5000.000000000000	0.000000000000	0.000000000000	0.000000000000	10392.293900000001	5750.167970000000
0.000000000000	5000.000000000000	0.000000000000	-10392.293900000001	0.000000000000	171.155090000000
0.000000000000	0.000000000000	5000.000000000000	-5750.167970000000	-171.155090000000	0.000000000000
0.000000000000	-10392.293900000001	-5750.167970000000	28791.609400000001	322.792542000000	-115.209785000000
10392.293900000001	0.000000000000	-171.155090000000	322.792542000000	22580.494100000000	11752.972700000000
5750.167970000000	171.155090000000	0.000000000000	-115.209785000000	11752.972700000000	7710.813960000000
21	30	37
5000.000000000000	0.000000000000	0.000000000000	0.000000000000	11075.116200000000	4749.483890000000
0.000000000000	5000.000000000000	0.000000000000	-11075.116200000000	0.000000000000	-1506.738040000000
0.000000000000	0.000000000000	5000.000000000000	-4749.483890000000	1506.738040000000	0.000000000000
0.000000000000	-11075.116200000000	-4749.483890000000	29813.322300000000	-1269.910160000000	3574.733400000000
11075.116200000000	0.000000000000	1506.738040000000	-1269.910160000000	25728.884800000000	10305.471700000000
4749.483890000000	-1506.738040000000	0.000000000000	3574.733400000000	10305.471700000000	6021.076170000000
22	30	37
5000.000000000000	0.000000000000	0.000000000000	0.000000000000	10438.660200000000	2418.898440000000
0.000000000000	5000.000000000000	0.000000000000	-10438.660200000000	0.000000000000	-3380.464360000000
0.000000000000	0.000000000000	5000.000000000000	-2418.898440000000	3380.464360000000	0.000000000000
0.000000000000	-10438.660200000000	-2418.898440000000	24513.906299999999	-1565.788820000000	6954.938480000000
10438.660200000000	0.000000000000	3380.464360000000	-1565.788820000000	24807.291000000001	4843.746580000000
2418.898440000000	-3380.464360000000	0.000000000000	6954.938480000000	4843.746580000000	5542.126950000000
24	30	37
180.000000000000	0.000000000000	0.000000000000	0.000000000000	292.136597000000	-25.611816400000
0.000000000000	180.000000000000	0.000000000000	-292.136597000000	0.000000000000	-112.202393000000
0.000000000000	0.000000000000	180.000000000000	25.611816400000	112.202393000000	0.000000000000
0.000000000000	-292.136597000000	25.611816400000	500.103271000000	15.684609400000	181.664993000000
292.136597000000	0.000000000000	112.202393000000	15.684609400000	550.898560000000	-49.499954200000
-25.611816400000	-112.202393000000	0.000000000000	181.664993000000	-49.499954200000	91.710289000000
25	26	37
3791.000000000000	0.000000000000	0.000000000000	0.000000000000	2921.557370000000	1550.089480000000
0.000000000000	3791.000000000000	0.000000000000	-2921.557370000000	0.000000000000	479.933441000000
0.000000000000	0.000000000000	3791.000000000000	-1550.089480000000	-479.933441000000	0.000000000000
0.000000000000	-2921.557370000000	-1550.089480000000	3017.637940000000	180.829849000000	-350.716766000000
2921.557370000000	0.000000000000	-479.933441000000	180.829849000000	2479.871830000000	1155.396000000000
1550.089480000000	479.933441000000	0.000000000000	-350.716766000000	1155.396000000000	860.833252000000
25	28	37
4194.000000000000	0.000000000000	0.000000000000	0.000000000000	4075.602540000000	-130.504211000000
0.000000000000	4194.000000000000	0.000000000000	-4075.602540000000	0.000000000000	-1173.067750000000
0.000000000000	0.000000000000	4194.000000000000	130.504211000000	1173.067750000000	0.000000000000
0.000000000000	-4075.602540000000	130.504211000000	4421.915040000000	-60.475231200000	1361.090580000000
4075.602540000000	0.000000000000	1173.067750000000	-60.475231200000	4834.142580000000	39.842384300000
-130.504211000000	-1173.067750000000	0.000000000000	1361.090580000000	39.842384300000	680.232910000000
27	28	37
5000.000000000000	0.000000000000	0.000000000000	0.000000000000	4868.554690000000	-4596.900880000000
0.000000000000	5000.000000000000	0.000000000000	-4868.554690000000	0.000000000000	-2103.497560000000
0.000000000000	0.000000000000	5000.000000000000	4596.900880000000	2103.497560000000	0.000000000000
0.000000000000	-4868.554690000000	4596.900880000000	9390.416990000000	1995.728390000000	2278.124760000000
4868.554690000000	0.000000000000	2103.497560000000	1995.728390000000	6490.233400000000	-4518.928710000000
-4596.900880000000	-2103.497560000000	0.000000000000	2278.124760000000	-4518.928710000000	5632.998050000000
29	31	37
3908.000000000000	0.000000000000	0.000000000000	0.000000000000	5951.574220000000	-805.517639000000
0.000000000000	3908.000000000000	0.000000000000	-5951.574220000000	0.000000000000	-2677.108400000000
0.000000000000	0.000000000000	3908.000000000000	805.517639000000	2677.108400000000	0.000000000000
0.000000000000	-5951.574220000000	805.517639000000	9774.519530000000	272.822601000000	3922.778320000000
5951.574220000000	0.000000000000	2677.108400000000	272.822601000000	11493.848599999999	-1417.274660000000
-805.517639000000	-2677.108400000000	0.000000000000	3922.778320000000	-1417.274660000000	2809.919190000000
30	32	37
5000.000000000000	0.000000000000	0.000000000000	0.000000000000	8242.427729999999	-4679.182620000000
0.000000000000	5000.000000000000	0.000000000000	-8242.427729999999	0.000000000000	-4847.832520000000
0.000000000000	0.000000000000	5000.000000000000	4679.182620000000	4847.832520000000	0.000000000000
0.000000000000	-8242.427729999999	4679.182620000000	18621.929700000001	4679.078130000000	8014.309080000000
8242.427729999999	0.000000000000	4847.832520000000	4679.078130000000	18598.236300000000	-7727.742680000000
-4679.182620000000	-4847.832520000000	0.000000000000	8014.309080000000	-7727.742680000000	9981.988280000000
31	35	37
2729.000000000000	0.000000000000	0.000000000000	0.000000000000	2757.331540000000	875.710999000000
0.000000000000	2729.000000000000	0.000000000000	-2757.331540000000	0.000000000000	-3076.288330000000
0.000000000000	0.000000000000	2729.000000000000	-875.710999000000	3076.288330000000	0.000000000000
0.000000000000	-2757.331540000000	-875.710999000000	3317.868650000000	-964.052002000000	3101.969240000000
2757.331540000000	0.000000000000	3076.288330000000	-964.052002000000	6347.686040000000	802.819702000000
875.710999000000	-3076.288330000000	0.000000000000	3101.969240000000	802.819702000000	3931.324220000000
31	36	37
4022.000000000000	0.000000000000	0.000000000000	0.000000000000	4150.331050000000	1275.703860000000
0.000000000000	4022.000000000000	0.000000000000	-4150.331050000000	0.000000000000	-4478.655270000000
0.000000000000	0.000000000000	4022.000000000000	-1275.703860000000	4478.655270000000	0.000000000000
0.000000000000	-4150.331050000000	-1275.703860000000	5300.633300000000	-1367.562620000000	4611.408690000000
4150.331050000000	0.000000000000	4478.655270000000	-1367.562620000000	9485.794920000000	1114.893310000000
1275.703860000000	-4478.655270000000	0.000000000000	4611.408690000000	1114.893310000000	5853.389160000000
