0	27	1
-0.099881971919	0.107631599263	0.9891663050220001	-3.6998681553100004
0.20946466117700002	0.9741327435680001	-0.084842580397	-0.269258071427
-0.9727049841219999	0.198719366235	-0.11984124166900002	2.5525586779790004
0.0	0.0	0.0	1.0
1	11	2
0.687427613888	0.29349286358300003	-0.6643159878	-1.0577897826410003
0.177003900248	0.8194256838489999	0.545179879832	0.19668224385700006
0.7043599679950001	-0.4923556818309999	0.511345387585	0.8007445665320001
0.0	0.0	0.0	1.0
1	12	3
0.960561443901	0.033809722075	-0.276020836681	-1.116879353634
0.051060470871000005	0.9542680336930001	0.294573364629	0.06269551026200001
0.27335449929300004	-0.29704888367199994	0.9149037890430001	0.43939283710300003
0.0	0.0	0.0	1.0
1	13	4
0.980327113591	-0.06594560980400001	-0.18606083499800002	-0.9387194324460003
0.120944346745	0.9455813697359999	0.302085429662	0.059428135474
0.156012500519	-0.318644914107	0.934952072296	0.2508354885020001
0.0	0.0	0.0	1.0
8	14	5
0.11774771480399997	-0.433281634032	0.893537653101	-0.20923543465200006
0.476568249621	0.8140678912250001	0.331941319293	-0.291462614251
-0.871220986367	0.386744379993	0.30234297779799996	0.6262802162229999
0.0	0.0	0.0	1.0
10	13	6
0.13752852538499996	-0.072128577343	0.9878714500439999	-0.7017737324869999
0.583266093825	0.8119899512080001	-0.021916810754000014	-0.05629718807800002
-0.800559376619	0.5792033774049999	0.15374115630000001	0.105056564093
0.0	0.0	0.0	1.0
11	27	7
-0.598388098778	0.220588991172	0.77024734092	-1.536274342201
0.500258628211	0.853803959888	0.14412395254300006	-1.301665224637
-0.625843625984	0.47156187489	-0.621254097856	2.5732787353449997
0.0	0.0	0.0	1.0
12	27	8
-0.12665288368399996	0.129766067611	0.983426482117	-2.618666047703
0.263048993971	0.960310769642	-0.092835906877	-0.2822876017059999
-0.9564361342320001	0.24692843937300002	-0.15576043403300005	2.041690380335
0.0	0.0	0.0	1.0
13	27	9
-0.010352581962999978	0.20391223971	0.978938728599	-2.9557222238199996
0.269618636431	0.9433026950410001	-0.193635386268	-0.04785675561299994
-0.9629145725680001	0.261932498962	-0.06474355528600005	2.000548163634
0.0	0.0	0.0	1.0
16	18	10
0.850319999054	-0.006852002346000007	0.526224586657	0.29003507379599996
0.15978656084999998	0.956079180216	-0.245750453325	-0.426240409128
-0.501424699568	0.293048960592	0.8140656098739999	0.6780973119439999
0.0	0.0	0.0	1.0
20	36	11
0.518780104517	0.41632065868300006	-0.7466960800069999	1.6379255106419999
-0.5807364654189999	0.8125896988460001	0.04957529245399996	-1.080254109911
0.627389355787	0.4079108576340001	0.66332333932	0.5622526374350001
0.0	0.0	0.0	1.0
21	29	12
0.9879527209190001	0.07621359271300002	0.13473709133300002	0.1691400458879999
-0.039748036543000034	0.9661240980129999	-0.25501406983299996	-0.758322945442
-0.149602942678	0.24658719260200004	0.9575084516779999	0.6966183336479997
0.0	0.0	0.0	1.0
21	30	13
0.964274722504	0.117267707288	-0.23755990308900002	0.20512027928299992
-0.24867522076400003	0.70985515388	-0.658994718963	-0.751183688273
0.09135827105199996	0.694526587388	0.7136501129939999	0.5617006255819998
0.0	0.0	0.0	1.0
22	30	14
0.834852603028	0.05464441242399999	-0.5477631101880001	0.11366822857999997
-0.24578307083700002	0.927375789351	-0.282095194566	-0.402025455019
0.4925669474	0.37013930891	0.787644404253	0.846745032851
0.0	0.0	0.0	1.0
24	30	15
0.6390833939939999	0.091239362978	-0.763712117853	0.05031582612799994
-0.428962901164	0.866454929908	-0.25545081659999996	-0.193519975992
0.638415247001	0.49086108851500004	0.592869789222	0.15471704181699997
0.0	0.0	0.0	1.0
25	26	16
0.9395166985619999	0.029746679014000008	0.34122201163199994	-0.030827378433999988
0.152026049593	0.856500871463	-0.49325238375299996	-0.015655815565000064
-0.306929092624	0.515297137994	0.8001733725569999	-0.12422023494299989
0.0	0.0	0.0	1.0
25	28	17
0.8459760194779999	0.384267164344	-0.369694195988	0.04260421281
-0.329276082989	0.921793842741	0.20464102394299996	0.010910902753999916
0.419416579848	-0.05138654044300006	0.906346245952	0.006589799459000105
0.0	0.0	0.0	1.0
27	28	18
0.9760732248770001	0.104174688297	-0.19087978216500004	-0.014279122077000009
0.09476107429000001	0.586302212719	0.80453817714	0.16807359942500003
0.19572402437900002	-0.8033699939500001	0.5624028458770001	0.151403163688
0.0	0.0	0.0	1.0
29	31	19
0.80966169982	0.457353554369	-0.367813165547	-0.20004564270699993
-0.23325123325	0.825838072247	0.513413930562	-0.07317407219699991
0.53856658669	-0.329893072157	0.775323860289	0.391058742249
0.0	0.0	0.0	1.0
30	32	20
0.537304487266	0.452942385325	-0.7114475761219999	-0.17787205472199982
0.019666454506000006	0.8366044949389999	0.547467374508	0.09602560328800003
0.843164118024	-0.308145547809	0.44059956940799994	0.8962321512059999
0.0	0.0	0.0	1.0
31	35	21
-0.12968064676500005	0.2906436341	-0.948008884165	0.14512810511999993
-0.731565964179	0.617337881366	0.28933514862	-0.670546412678
0.6693287880300001	0.731048404473	0.132563606121	0.21394509161299993
0.0	0.0	0.0	1.0
31	36	22
-0.10981519013499998	0.44533650025	-0.8886118428600001	0.14298674395999994
-0.719175148559	0.581519148538	0.38030406008900003	-0.5761707787079999
0.686100609092	0.6808283256850001	0.256409893469	0.2320838427439999
0.0	0.0	0.0	1.0
