0	4	1
0.999801070623344	-0.0026653748786526986	0.019765401903016334	0.02490967457821628
-0.006950244086803703	0.8823456734226681	0.4705505977757804	0.1787330655719331
-0.018694122469555152	-0.4705943939067411	0.8821516655981521	0.08098870405419539
0.0	0.0	0.0	1.0
0	10	2
0.9767239730757864	0.1850744154409965	-0.10843355958612046	0.06568995719170805
-0.07436549002206558	0.7663332159099204	0.6381247479052148	0.30836598906396806
0.20119688682779746	-0.615208058568393	0.7622591995061289	0.021573766345122765
0.0	0.0	0.0	1.0
0	15	3
0.9475241471693644	0.21136136243690007	-0.2398421917733462	-0.1844277965661744
-0.08333733617643724	0.8876168631695031	0.45298032720179504	0.05011395492160632
0.30863057332971006	-0.4092219723651169	0.8586527456018479	0.3062907232419415
0.0	0.0	0.0	1.0
1	4	4
0.9999802853721786	-0.0014000728955155237	0.006116052348193054	0.03613502794519751
-0.0017210495509653455	0.8761863576586328	0.48196929934759203	0.18231755730729574
-0.0060336672396330724	-0.4819704615543653	0.8761667431640062	0.0366990946384644
0.0	0.0	0.0	1.0
1	10	5
0.9749052618892137	0.18794364211443995	-0.1193190138518053	0.0859029713922684
-0.06668952661381763	0.7579180367750064	0.6489318823798411	0.30213097631852437
0.21239669045923218	-0.6246899029969982	0.7514322159710706	-0.019083155399722558
0.0	0.0	0.0	1.0
1	15	6
0.9438813952827114	0.2158802801790948	-0.2499671065725592	-0.1590523443230331
-0.07834758848269312	0.8815677624620171	0.4655102157699092	0.05355912550013389
0.32085744841431585	-0.4198021811393034	0.8490091588440456	0.2682822434967852
0.0	0.0	0.0	1.0
2	4	7
0.9988840054680576	-0.045930109388006284	0.011011329265333856	0.04568267430369177
0.035772597334895885	0.8879236737495709	0.45859781789173054	0.17766070851910537
-0.030840735599825746	-0.45769213067392567	0.8885757830839942	0.023759466601618207
0.0	0.0	0.0	1.0
2	9	8
0.9697624828814377	0.14571812480499136	-0.1957729897142399	0.07542612729737552
0.07213192213009846	0.5952050468060784	0.8003298377567611	0.3795291956090443
0.23314764649111666	-0.7902513697986597	0.5666966138162007	-0.10678513360282826
0.0	0.0	0.0	1.0
2	10	9
0.9827791588990371	0.14093412705177008	-0.11951126640019372	0.09731110732035653
-0.0350426281889431	0.7771700740351325	0.6283141975332375	0.29433695321968417
0.18143152200402002	-0.6133061067725382	0.7687252288771136	-0.02853753534440784
0.0	0.0	0.0	1.0
2	15	10
0.9535180946022292	0.16673692230355938	-0.25100221029705344	-0.14611647104695935
-0.04047490505891124	0.8962839325407085	0.44162982572688714	0.0483981748986434
0.2986052660882904	-0.410942691752766	0.8613715857955956	0.25899226786246915
0.0	0.0	0.0	1.0
2	16	11
0.9811282137088919	0.1291698399561513	-0.14388426191378603	-0.11606822081331858
0.0093455624210802	0.7115836542709656	0.7025392056246377	0.31561386225348753
0.1931325710556517	-0.6906257494742724	0.6969476409094307	0.3494021984593787
0.0	0.0	0.0	1.0
3	4	12
0.9983868224245237	-0.03493739397255204	0.0447549505186483	0.027696210017373248
0.018445639861797695	0.9450899182577771	0.32628952227311175	0.14867106414032807
-0.05369721314516825	-0.32493770382768355	0.9442097045709026	0.022049548616214495
0.0	0.0	0.0	1.0
3	5	13
0.9961054506882897	-0.06517581342948973	0.05938103778780291	0.049444313048598205
0.017104187578122203	0.8035278705970939	0.5950211946671378	0.28601435176994844
-0.08649537505782906	-0.5916882776025757	0.8015130798903356	-0.02892961927300315
0.0	0.0	0.0	1.0
3	8	14
0.9936604168079418	0.09493950977255448	-0.0602118277706501	0.07285850209908414
0.0068404103858053225	0.4835326357743512	0.8752994498638071	0.3968727260133864
0.1122149436799469	-0.8701625575907477	0.47981767035417505	-0.17457667640314872
0.0	0.0	0.0	1.0
3	9	15
0.9741820175412315	0.12459832199564515	-0.18826721112386477	0.05647095737908662
0.04656681333890224	0.7050832401935968	0.7075937498080027	0.3517842254098171
0.22090910120704774	-0.6980923192992299	0.6810772516458297	-0.10064046934143446
0.0	0.0	0.0	1.0
3	10	16
0.9850615281302884	0.13098538529565196	-0.11178838551498713	0.07707986273769944
-0.05659404735929335	0.8593574870785631	0.508233987584644	0.2668141838154228
0.16263747148313304	-0.49431531008095164	0.8539329245674104	-0.028715699182301817
0.0	0.0	0.0	1.0
3	11	17
0.9753654056365662	0.13165607070878105	-0.1769997457015838	0.08712452210536903
-0.07089764705518557	0.9468934976563055	0.3136341227223927	0.11168461454556078
0.20889181422547906	-0.29335902918975243	0.9329011181459798	-0.009904842213815953
0.0	0.0	0.0	1.0
3	14	18
0.9385614310125612	0.15255255215575897	-0.3095642235427368	-0.07710335575016601
-0.15440434505815523	0.9878313968658887	0.018665637580235664	-0.12370324900599015
0.3086447614657071	0.03027926587200832	0.9506951385834911	0.06992109145132458
0.0	0.0	0.0	1.0
3	15	19
0.9594021514741087	0.13728164770555654	-0.24637594117984907	-0.1644418745649531
-0.057331918829105016	0.9502328840456261	0.3062196812674232	0.020906473760712318
0.2761529142898877	-0.2796626387617922	0.9195260218116962	0.25031931796578466
0.0	0.0	0.0	1.0
3	16	20
0.9841577308326036	0.11581293606923869	-0.13424159828410473	-0.1356183547510388
-0.01400038323572749	0.8055672236976797	0.5923388418754294	0.28771835530024
0.17674117184716057	-0.5810755912830691	0.7944266053300582	0.3519456062859549
0.0	0.0	0.0	1.0
3	17	21
0.9745152412937247	0.1361744590955168	-0.17825951056948972	-0.1415401110733137
0.05016798258987992	0.6422311176076799	0.7648674515584334	0.49473684542416485
0.21863926943793427	-0.7543181187667225	0.6190324116533028	0.3591801299761218
0.0	0.0	0.0	1.0
4	5	22
0.9994333505751356	-0.023847764352798537	0.023758200286955078	0.024785414462681107
0.015633610760696276	0.9538707517453852	0.2998099679800125	0.13715771953984165
-0.02981207649652853	-0.2992686653633281	0.9537029151386869	-0.004640066054662314
0.0	0.0	0.0	1.0
4	6	23
0.9984502899467801	0.05375851884125569	-0.014394837068095336	0.03514607551813129
-0.03522017253557364	0.8106452209210677	0.5844773574373531	0.2550528182857398
0.04308977905137398	-0.5830645986624042	0.8112822467258778	-0.06178002495114775
0.0	0.0	0.0	1.0
4	7	24
0.996251901675465	0.06862667136178358	-0.052654460187113276	0.04089016157159396
-0.013919124738680035	0.727984284503883	0.6854523855590277	0.2820790362454882
0.08537204044852824	-0.6821505179810837	0.7262109688203915	-0.0874983506617174
0.0	0.0	0.0	1.0
4	8	25
0.9860458679932381	0.08840859303470547	-0.14105876982959534	0.035515254801388244
0.029110046840107658	0.742709062533303	0.6689810991119167	0.2708964371904453
0.16390939417440806	-0.6637524015234467	0.7297715371843346	-0.09652671218838224
0.0	0.0	0.0	1.0
4	9	26
0.9598315661618728	0.07429640393962336	-0.27056125592126073	0.024807291352688717
0.053526296986949426	0.8981064426603581	0.43650839311819817	0.20715451698542273
0.2754239121115329	-0.43345672442985456	0.8580541501594705	-0.06274590834919207
0.0	0.0	0.0	1.0
4	10	27
0.9738931911949857	0.10548767746246998	-0.20100879080516237	0.03885590410857154
-0.06378044901005303	0.9769575799760859	0.20368087241811664	0.1188442780770561
0.21786299841753182	-0.18554299374416275	0.9581803780066507	-0.028292251874947487
0.0	0.0	0.0	1.0
4	11	28
0.9612707416320375	0.08466489567357777	-0.26227927688323005	0.053696890662803184
-0.08982857628796444	0.9959272236829877	-0.007737922825425511	-0.033722420157992955
0.2605560643844961	0.030998437787744526	0.9649609345354107	-0.043006785766366316
0.0	0.0	0.0	1.0
4	12	29
0.9574916027289834	0.040431035848618485	-0.2856139965010714	0.07300506090108748
-0.14918230677722946	0.9168420171837299	-0.3703315822795459	-0.1456779163104982
0.24688999052522276	0.3971979970257106	0.8838999636543953	-0.12859069403479492
0.0	0.0	0.0	1.0
4	13	30
0.9235017920120459	0.0011385379738985942	-0.38359232488252987	0.04213138864503214
-0.18210936162438046	0.8814206389897904	-0.4358138174468434	-0.20688915938643665
0.33761004381120546	0.472330702497632	0.814200963226667	-0.1492058394213058
0.0	0.0	0.0	1.0
4	14	31
0.9178631399490931	0.06048066451964343	-0.39226174894616556	-0.10286722657850529
-0.1878321560971306	0.9368317324149588	-0.2950682678212971	-0.25127468375230994
0.3496373977585529	0.34451171536456954	0.8712435035788907	-0.010191989686907453
0.0	0.0	0.0	1.0
4	15	32
0.942031761358453	0.06705038779693268	-0.32875574519751216	-0.19325214011398836
-0.07673323322242674	0.996914217503805	-0.01655224509714539	-0.12481564701814926
0.32663154979191983	0.040819277682094236	0.9442698333138709	0.2143835143558856
0.0	0.0	0.0	1.0
4	16	33
0.9725160437179207	0.08380542895031277	-0.21723070424127425	-0.1702229836940929
-0.015612085106594125	0.9543491555741385	0.2982848286290682	0.13968961450615777
0.2323119206118468	-0.2866953950611451	0.9294282785511089	0.3676413187619603
0.0	0.0	0.0	1.0
4	17	34
0.960207707139681	0.08850844862903604	-0.264891302429599	-0.17545215452792656
0.06188083213306718	0.8574597790312192	0.5108164361951255	0.3542802866794422
0.27234530682298574	-0.5068816107096558	0.8178625635720149	0.4089623661578521
0.0	0.0	0.0	1.0
4	18	35
0.9101433848486182	0.16358817621198857	-0.3806283214056317	-0.24222176893259134
0.13932892272620875	0.7443660443826551	0.6530746073361277	0.556794091775466
0.3901622010118753	-0.647424187252763	0.6546872619067179	0.34295880969117726
0.0	0.0	0.0	1.0
4	19	36
0.8603990902899599	0.2266971550844085	-0.4564230109671212	-0.30794521288579835
0.1492475092403769	0.7442571178997934	0.6510042412303412	0.5975966120079829
0.4872769928660274	-0.6282433909111366	0.6065241407267923	0.3480442971688005
0.0	0.0	0.0	1.0
4	21	37
0.7384658621090024	0.13699217932053953	-0.6602281928301382	-0.6602088054570538
0.15773644375635973	0.9168802300127797	0.3666737368484924	0.3140093761937271
0.6555818066543194	-0.3749181152689142	0.6554760526138346	0.5178357487976406
0.0	0.0	0.0	1.0
4	22	38
0.762187053019376	0.16066485877304643	-0.6271025800827686	-0.7002285247708538
-0.08111869638507907	0.9847805858109867	0.1537101081012766	0.04915620459395868
0.6422544718363472	-0.0662860992978256	0.7636199271378319	0.6359120782617411
0.0	0.0	0.0	1.0
4	23	39
0.768262728863287	0.16597823367337536	-0.6182423404381077	-0.6860228911576441
-0.275279767681553	0.9575995780162939	-0.08499333755686814	-0.2850249712886995
0.5779217206055424	0.23548684915113988	0.7813785728322891	0.549960703529977
0.0	0.0	0.0	1.0
4	25	40
0.8427508482884914	0.094578174473177	-0.5299301605243332	-0.5429141706102232
-0.31977134662853685	0.8798833705024712	-0.35149868849485016	-0.5707627901110351
0.4330327142110567	0.46568239925185256	0.7717658349225414	0.3859546182972752
0.0	0.0	0.0	1.0
4	26	41
0.9390338065621744	0.11115548290587143	-0.3253614672363001	-0.29642844937690516
-0.15201777765797728	0.9830055208745945	-0.1029112070961283	-0.2900952170856337
0.30839304350249297	0.1460978625398741	0.9399729386185864	0.6007493167311356
0.0	0.0	0.0	1.0
4	27	42
0.9642222835609097	0.05195263839988399	-0.2599542610396878	-0.14492284637741296
-0.034881278737029404	0.9969465518742413	0.06986108793806613	-0.0759565031797995
0.2627900172171896	-0.05829407795273838	0.9630902998572795	0.5624089805068792
0.0	0.0	0.0	1.0
4	28	43
0.9448118968231596	0.02440991159697671	-0.32670262439337594	-0.13770511223858045
0.07223926696673723	0.9571528978051523	0.2804278286991941	0.14714286161641577
0.31954968903334047	-0.28855234187521533	0.9025660809184124	0.42562678114986136
0.0	0.0	0.0	1.0
4	29	44
0.9796395688637707	0.020465550042604624	-0.1997188843464753	-0.07668261353235434
0.02923836765289366	0.9696412052227178	0.24277766467444342	0.1286957217622689
0.198624328741672	-0.24367405503838513	0.9493004069499974	0.33513409896937124
0.0	0.0	0.0	1.0
4	30	45
0.9366448265990316	0.03577673510208796	-0.3484489823200771	-0.11858631372346909
0.09850480148910971	0.9277227002403082	0.3600379765989232	0.14821975315765434
0.33614508930598935	-0.3715515853746577	0.8654223476072593	0.15691453973000946
0.0	0.0	0.0	1.0
4	31	46
0.8456076823950125	0.09378055335557814	-0.5255024883809634	-0.07177492662504928
0.11499624148217974	0.929328039558946	0.3508918855443215	0.12822144015852915
0.5212711926879411	-0.35714771980998816	0.7750624611106136	0.0035370988895611893
0.0	0.0	0.0	1.0
4	32	47
0.7858119909035461	0.11069215902142772	-0.608479154944579	0.032801109232833324
0.06970973893043968	0.9617307816645392	0.2649799628120096	0.08947612762882008
0.6145244000406995	-0.2506413772335287	0.7480232185974628	-0.09186964604798867
0.0	0.0	0.0	1.0
4	33	48
0.7227305388337082	0.11787064743769862	-0.6810044459843849	0.12784978783922396
-0.022367982269750716	0.988822446115506	0.147410360142143	0.045579971714206156
0.6907679617914775	-0.09130527008316364	0.717288694509699	-0.2179367540729935
0.0	0.0	0.0	1.0
4	34	49
0.6707542272853486	0.1388250251069781	-0.7285714898714304	0.2909188486296469
-0.2557601020219556	0.9653665662580013	-0.05151876765630117	0.04359973096845625
0.6961865837381251	0.2208959778614753	0.6830296347307389	-0.3417093665807623
0.0	0.0	0.0	1.0
4	35	50
0.4047167884806291	0.1897402791112094	-0.8945405686644841	0.6355828253042342
-0.5029706080115798	0.8631584484792089	-0.044475011189819336	-0.04042710167337517
0.7636917084735507	0.46792746332183016	0.4447684763611898	-0.362982279411881
0.0	0.0	0.0	1.0
5	6	51
0.9962603107159022	0.06257234081430901	-0.0595824964588023	0.0015946045126871968
-0.04064615561207329	0.9479324578866342	0.31586716609046595	0.12750964041253088
0.07624477328956183	-0.31226411166817214	0.9469308388560875	-0.01644652816571264
0.0	0.0	0.0	1.0
5	7	52
0.9927996155716078	0.06524964966487684	-0.10045485460372901	0.00686760131158025
-0.01498691523709698	0.8996909392524584	0.4362701732365183	0.16107525805412787
0.11884490445086143	-0.43162348759260016	0.8941908829626575	-0.027094372854851934
0.0	0.0	0.0	1.0
5	8	53
0.9800272830571114	0.05745498954979163	-0.19038217247973716	0.0024610912073113767
0.02727538392658473	0.909470919649296	0.4148720020650667	0.14740448166210804
0.1969835785414128	-0.4117787441074965	0.8897392683699933	-0.04080194935144535
0.0	0.0	0.0	1.0
5	9	54
0.9510876362996262	0.004757809809278849	-0.3088842663741368	-0.0008516236459965044
0.04244877347380685	0.9883840124163419	0.14592857516990376	0.07121502759682916
0.3059906113797472	-0.15190260914793302	0.9398380418945891	-0.04513448641597049
0.0	0.0	0.0	1.0
5	10	55
0.9660498908024087	0.05558262091843633	-0.25230563687733637	0.006117656821111097
-0.08220347053963843	0.9919598548869444	-0.0962202924401127	-0.015619694919434723
0.2449289543166672	0.11369404891479097	0.962851935453846	-0.045489237414635696
0.0	0.0	0.0	1.0
5	11	56
0.9524754955567738	0.01715353245750339	-0.30413158635436677	0.02632546069596324
-0.11371215097929628	0.9462617359263227	-0.3027515413163994	-0.16209590630385332
0.2825948815352851	0.32294694231488036	0.9032417355879552	-0.09011458185406845
0.0	0.0	0.0	1.0
5	14	57
0.9065810870442785	-0.045563772792188574	-0.4195646300068888	-0.12103459899254983
-0.2170773398221417	0.8022155874103004	-0.5561722860010956	-0.35850506860769077
0.3619225647355208	0.5952933636659962	0.7173827191234159	-0.09748276747169773
0.0	0.0	0.0	1.0
5	15	58
0.932088125031499	-0.019879523002661468	-0.36168538118818283	-0.2153059446277716
-0.10085718111167255	0.9447653053648825	-0.3118435638783175	-0.25334468950208483
0.34790712369129584	0.32714435274927517	0.8785996508603546	0.16496687913284475
0.0	0.0	0.0	1.0
5	16	59
0.9648051936537199	0.030015532454063604	-0.26124665358469434	-0.19946514400591359
-0.0312756280053669	0.9995106006614002	-0.0006662031819050327	0.0033711080394665262
0.26109884782196957	0.008813437555948229	0.9652719613052124	0.36443997026765323
0.0	0.0	0.0	1.0
5	17	60
0.9512593463486202	0.02002005511692434	-0.30774124722673313	-0.20320335650845206
0.05353333253251867	0.9720212542967019	0.2287115997757905	0.22069445919189015
0.30370989116187597	-0.23403844284898337	0.9235727470511297	0.43782040828741464
0.0	0.0	0.0	1.0
5	18	61
0.8966832120391254	0.056154612308811136	-0.4390965012501248	-0.2741859093208016
0.1370143579981145	0.9080056577180446	0.3959201965484124	0.43069524464762315
0.42093487564983517	-0.415177611977095	0.8064995725259837	0.39321279008875204
0.0	0.0	0.0	1.0
5	19	62
0.8436613585232619	0.0928507365577016	-0.5287856992428621	-0.34404450518004326
0.14688073169482474	0.90743610251575	0.3936825866729034	0.47132095895389514
0.5163929294130274	-0.4098031437182911	0.7519308477473161	0.3949419578424451
0.0	0.0	0.0	1.0
5	20	63
0.7611995503734034	0.03583517270127926	-0.6475267363048981	-0.5121935645305118
0.18422554025130702	0.9453896423380529	0.2688856282969626	0.3878078900154253
0.6218006192374271	-0.32396663659592995	0.7130285858774463	0.4308336787511551
0.0	0.0	0.0	1.0
5	21	64
0.7190944631338714	-0.05572532966099396	-0.692674378281742	-0.673602755496338
0.14449298936462535	0.9869838281215029	0.07060191647984768	0.17538320403357696
0.6797241059402033	-0.15085605145375228	0.7177866065570628	0.5250101543753956
0.0	0.0	0.0	1.0
6	9	65
0.9662327033314166	-0.13171439721845488	-0.2214622734434755	0.010760187233612993
0.09544070373691126	0.9812898315632168	-0.16721608500807789	-0.05681120019498806
0.23934346139752477	0.14043317887123938	0.9607253827529757	-0.047622131652495604
0.0	0.0	0.0	1.0
6	10	66
0.9809481306885218	-0.06627274514508232	-0.18261620285300134	0.010000443884066736
-0.014093785889141525	0.9132592640364695	-0.4071349619268231	-0.1387425378841335
0.19375792483400256	0.4019520982284173	0.8949260192817495	-0.08233254620176642
0.0	0.0	0.0	1.0
6	15	67
0.948908654277488	-0.17097479977035818	-0.2652165278321744	-0.19938003450669203
-0.02278342497094293	0.8011719258396561	-0.5980003393555556	-0.365300532546558
0.31472703481025643	0.5734903481517954	0.7563436239035946	0.10377869262346687
0.0	0.0	0.0	1.0
6	16	68
0.978641025084781	-0.09328219621545358	-0.18319394415058815	-0.19214421446675195
0.031422714477217416	0.9485292314531332	-0.31512670984650426	-0.1228083602954618
0.20316053476720922	0.30263953621580836	0.9312009328604614	0.34084157349484806
0.0	0.0	0.0	1.0
7	9	69
0.9755790537780973	-0.14473036004622533	-0.16522319555860865	0.011284350721139536
0.09197559143717525	0.9522681746487475	-0.29107681217287074	-0.09069001881125371
0.19946443106866998	0.26877206703688983	0.9423244993027686	-0.06426517375224616
0.0	0.0	0.0	1.0
7	10	70
0.9880662737921329	-0.07454441087386941	-0.13479010159397428	0.007687219300280823
-0.007220755201334639	0.8517111523038079	-0.5239617549719693	-0.16695613114296404
0.15386065602268317	0.5186823583220601	0.8410087345917989	-0.10730619227398894
0.0	0.0	0.0	1.0
7	15	71
0.9604128994788979	-0.18964715097296586	-0.20406140465012607	-0.19688314920488104
-0.007159153607444226	0.7154602027993658	-0.6986166982181601	-0.3874670801336035
0.27848848336783405	0.6724215551791572	0.6857794172181378	0.07332462629632117
0.0	0.0	0.0	1.0
7	16	72
0.9860604647839574	-0.10142893163454923	-0.13189764918891714	-0.1934730262430775
0.03423419840448326	0.8994286367474247	-0.43572474999464184	-0.15354540274474304
0.16282759717332962	0.42513567811619585	0.8903633252512201	0.31896676399448004
0.0	0.0	0.0	1.0
8	9	73
0.9911713328390579	-0.09787909255624425	-0.08943700977170772	0.007487625114012719
0.07060633869870456	0.9606059049443104	-0.26879529785810874	-0.08152372051913837
0.11222313622777795	0.26010754767924105	0.959035998127223	-0.044621153347942276
0.0	0.0	0.0	1.0
8	10	74
0.9979833241225882	-0.02777441747132143	-0.05707804202330843	0.005426706525511399
-0.005249976348921878	0.8599972974687775	-0.5102715043094055	-0.16319428586788873
0.06325945771740969	0.5095422984516962	0.8581172058947362	-0.08574087975138422
0.0	0.0	0.0	1.0
8	11	75
0.9923388430675911	-0.0845959361333039	-0.09003927221477145	0.032679263318591834
0.0005649516552941639	0.7318927395079414	-0.6814196161535989	-0.2977847854877288
0.123544441578886	0.6761484442990943	0.7263333866087783	-0.16045011285380947
0.0	0.0	0.0	1.0
8	15	76
0.9811881489793569	-0.14270995285393948	-0.1300136905623136	-0.20198944334385352
0.014808155904735573	0.7271103776292576	-0.68636072924472	-0.38856527890488707
0.19248480251856967	0.6715239699573134	0.7155453901103461	0.0947031510582121
0.0	0.0	0.0	1.0
8	16	77
0.9969967409633333	-0.05477026569652488	-0.054750419626828105	-0.19607936553396813
0.026902728828837402	0.9078962764863971	-0.41833058554002056	-0.14759177067252627
0.07261975171742528	0.41560148431618	0.9066431888754134	0.33999250053466573
0.0	0.0	0.0	1.0
9	10	78
0.996995981721562	0.059125996579741075	0.05003262368856353	0.0050142589687931895
-0.043742232785023163	0.9629065430422976	-0.26626625930884457	-0.0962481441141174
-0.06391997223535259	0.263277883881016	0.9626002086817403	-0.02084654681325262
0.0	0.0	0.0	1.0
9	11	79
0.9999109241588815	0.013004198663782204	0.0030084776159970085	0.026386697569572907
-0.010132916342256293	0.8862629455116665	-0.4630718370732009	-0.2461202607856413
-0.008688128951519684	0.4630001413576243	0.8863156428948277	-0.08309113906062758
0.0	0.0	0.0	1.0
9	14	80
0.9916183702972768	-0.06777771899514214	-0.10999619786072129	-0.12032793107726879
-0.030849940602390262	0.702520992796071	-0.7109940276841592	-0.4406516992550772
0.1254641671273144	0.708428217915336	0.6945416942012352	-0.11647885999932073
0.0	0.0	0.0	1.0
9	15	81
0.9981220123999778	-0.03286284095877223	-0.051695681503855485	-0.21444882878434615
0.004894552198821091	0.8840027893791467	-0.46745605267034834	-0.3373931593469958
0.061061072354136714	0.46632523472175247	0.8825034116067302	0.1716408368052285
0.0	0.0	0.0	1.0
9	16	82
0.9984522620149979	0.03249830969066657	0.04513236000035615	-0.19889216069307783
-0.02478461571944123	0.9864754714082021	-0.16202444912897745	-0.0742147599220565
-0.0497874927117591	0.16065510676383007	0.9857541150951066	0.3974479781722687
0.0	0.0	0.0	1.0
9	17	83
0.9998828653986929	0.015259047290934698	-0.0011915807486860954	-0.2034922671268618
-0.015105838642374452	0.9963782428140288	0.08367993534938402	0.15350132619880918
0.002464143056496767	-0.08365212953416412	0.9964920298994093	0.48875590263473534
0.0	0.0	0.0	1.0
9	18	84
0.9887216663511377	0.029488697050185014	-0.146832935126782	-0.28207112985343
0.012339262893060863	0.9610504218786676	0.27609744489641314	0.37472599964319747
0.14925563916293969	-0.27479545130412136	0.9498474843638394	0.45578029817069204
0.0	0.0	0.0	1.0
9	19	85
0.9661714059355089	0.05041963458985455	-0.2529246616639401	-0.35822791531673776
0.022411503430137952	0.9605797667636604	0.2770999886772117	0.41543905465203235
0.2569256241445368	-0.2733944714311452	0.9269546001702552	0.45646813076980175
0.0	0.0	0.0	1.0
9	25	86
0.9593042959786536	-0.10126843239387588	-0.2635906657567046	-0.562272878106001
-0.14645250638688875	0.6196807236729821	-0.7710689347164815	-0.7438807074339616
0.2414269809963191	0.7782933996257283	0.5796312747588521	0.25510794089843425
0.0	0.0	0.0	1.0
9	26	87
0.9976029699454361	0.008069397459518787	-0.06872656519942225	-0.3271601670848738
-0.045033897874221435	0.829785176183305	-0.5562630620274668	-0.4957749769647456
0.05253957149675759	0.5580247554148243	0.8281594135171378	0.5358121646774433
0.0	0.0	0.0	1.0
9	27	88
0.9996844450077005	-0.015202020980017321	0.019995739981552494	-0.16531847495204446
0.021687673022617534	0.923992161988504	-0.38179571980795307	-0.29185975567548045
-0.012671901155053742	0.3821089717606945	0.9240302619120186	0.5415468005410624
0.0	0.0	0.0	1.0
9	28	89
0.9970669453237243	-0.07011351868854337	-0.030685476022138846	-0.14984068343335302
0.06457760624355614	0.9859011531916023	-0.15436566699151655	-0.06837881821673326
0.04107597835782689	0.1519313048445215	0.9875371610423236	0.45509841200544265
0.0	0.0	0.0	1.0
9	29	90
0.9958456998960201	-0.016362299085476758	0.08957553528342589	-0.09237681622326704
0.034418501592689305	0.978380690389667	-0.20392816152110804	-0.08762973634984693
-0.08430220585641726	0.20616403773237965	0.9748792232655331	0.3556872435213293
0.0	0.0	0.0	1.0
9	30	91
0.9959561715914732	-0.06983452236715461	-0.056521461425342756	-0.13237322909780347
0.06606210836696096	0.9956261007735477	-0.06606497477713802	-0.06381281328697704
0.06088788126270807	0.06206387185648836	0.9962131738404224	0.2050555449194917
0.0	0.0	0.0	1.0
10	11	92
0.9978264483351522	-0.03201753754015059	-0.0575946140808265	0.017101059965738522
0.01913002735650758	0.9771319289427988	-0.21177192475515522	-0.15658376232463578
0.0630579828990051	0.21020988864997986	0.9756204900189684	-0.04283669824278818
0.0	0.0	0.0	1.0
10	12	93
0.9941703292571293	-0.0797439454327134	-0.07256953490488324	0.04179962580591192
0.025867868813302837	0.8298012388493016	-0.5574592903085199	-0.2610719174633341
0.10467220816394271	0.5523323951831873	0.8270263843027013	-0.1749009158201484
0.0	0.0	0.0	1.0
10	13	94
0.9766175275865915	-0.13591947936333804	-0.16656510831489085	0.015624780483421245
0.0032264301536878374	0.7839586752006361	-0.6208044718731665	-0.3177474527521439
0.21495952930401424	0.6057513440642194	0.7660663617258628	-0.2078746042123476
0.0	0.0	0.0	1.0
10	14	95
0.979128578532486	-0.07935089703206247	-0.1871109464492477	-0.13677552901133003
-0.02479287534186471	0.8671251474593087	-0.4974727840244291	-0.3674387848803775
0.2017234993884835	0.49172897656251624	0.8470596267238538	-0.05250408430195397
0.0	0.0	0.0	1.0
10	15	96
0.9905939854870013	-0.06153908131424064	-0.12221426665992184	-0.22788669135866405
0.03375936346140756	0.9754656442166633	-0.21754777543140125	-0.24821079951972663
0.13260351071386284	0.2113757271999568	0.9683678912995257	0.21150757649453222
0.0	0.0	0.0	1.0
10	16	97
0.9996323438721979	-0.024398896714465573	-0.011820558259097426	-0.20649934248714089
0.025509689406041966	0.9941093467014319	0.10533657727912654	0.02353441144495593
0.009180798718102035	-0.10559942129637188	0.9943663050569588	0.40796729867854603
0.0	0.0	0.0	1.0
10	17	98
0.997721654268379	-0.028726768093000423	-0.0610421454045312	-0.2125325179372411
0.048038127136758604	0.9377986281748815	0.34384014415913067	0.2506897077650563
0.047367798169510276	-0.34598917452275374	0.9370420277098991	0.47475166279318093
0.0	0.0	0.0	1.0
10	18	99
0.9801485137841656	0.024242648512183884	-0.19677674680766424	-0.2887546540657984
0.08293913231921815	0.8513464409404206	0.5180059283261532	0.4670492711281701
0.18008302268559614	-0.5240434212539373	0.8324352826203757	0.42179250961630815
0.0	0.0	0.0	1.0
10	19	100
0.9535955169319936	0.07363222897490078	-0.29194858530608936	-0.36200864465494126
0.09300344622187826	0.8501857185128682	0.5182032465170593	0.5076042570841742
0.2863669948366605	-0.5213085283520774	0.8038851740437402	0.421615464046009
0.0	0.0	0.0	1.0
10	25	101
0.9372466800952831	-0.06928880536376006	-0.34171283597779445	-0.5807649272336871
-0.14795187039310295	0.8084103526283016	-0.569721582162592	-0.6772075699508527
0.3157195267460593	0.5845269083098232	0.7474284602663452	0.3253657739259079
0.0	0.0	0.0	1.0
10	26	102
0.991644562760976	-0.01756771212080334	-0.12779846952281965	-0.33648754619308113
-0.02366800906528046	0.9490894477169286	-0.3141162756004896	-0.41085644114107955
0.12681046498882262	0.31451650748483745	0.9407434976786412	0.5850591876683267
0.0	0.0	0.0	1.0
10	27	103
0.996782845238461	-0.06369071587046402	-0.04865426919567042	-0.17746098897400445
0.05715225494671806	0.9904286426172427	-0.12563623631065546	-0.1994384948347506
0.05619036703953839	0.1224513899822031	0.9908823781442735	0.5737072424015673
0.0	0.0	0.0	1.0
10	28	104
0.9883907992721503	-0.1029561562180237	-0.11172967817619715	-0.16703524779091364
0.11495268524601408	0.987608156095971	0.10684568424622484	0.02832759494492092
0.09934470901576128	-0.11844895969594488	0.9879778901002279	0.4637957067007087
0.0	0.0	0.0	1.0
10	29	105
0.9963682868251852	-0.08316679241440998	0.01826314274610245	-0.10499679080329877
0.0819597884217222	0.9948827003646333	0.05908462286981581	0.008946619923915676
-0.02308356482044285	-0.05737321286531316	0.9980858046136766	0.3710875676826333
0.0	0.0	0.0	1.0
10	30	106
0.9860072172334643	-0.09575966974356787	-0.13645494500208513	-0.1493786295227959
0.1214256369967653	0.9733959393447237	0.19430940896298735	0.033316559964020644
0.11421767530266819	-0.20815963398884008	0.9714029441907935	0.20469824641641562
0.0	0.0	0.0	1.0
10	31	107
0.9390547903562222	-0.06934842529789939	-0.33669993678781623	-0.1095470744346865
0.1394943245616532	0.9720495724338455	0.18884081771543373	0.01262146308558975
0.31419326777054923	-0.2242996755093877	0.9224814490294349	0.04408464151178309
0.0	0.0	0.0	1.0
11	15	108
0.9974502106524111	-0.015300165675128282	-0.06970605162805618	-0.2503259068613508
0.014983548636510078	0.9998748427843358	-0.005062812650979848	-0.0921197527363001
0.0697747585451449	0.004005481631565678	0.9975546845334113	0.25367352191774173
0.0	0.0	0.0	1.0
11	16	109
0.9989216994304033	-0.0022146986633726985	0.046373503817027616	-0.2219422826240633
-0.012441533074922802	0.9495565274077272	0.31334871354548366	0.1858551513219848
-0.04472830077889143	-0.3135878303280118	0.9485051891527612	0.4002603083358422
0.0	0.0	0.0	1.0
11	17	110
0.999988630656809	0.003943601260851923	-0.0026783386920356494	-0.22913063365203507
-0.0018956576631364156	0.8444561336706058	0.5356212488691723	0.4058945304483782
0.004373966669541955	-0.5356101113958426	0.8444541385222393	0.4269826867554222
0.0	0.0	0.0	1.0
11	27	111
0.9994578469310031	-0.03286214846238659	0.0019985633520953425	-0.19961286449796592
0.032552905322568666	0.995478883462517	0.0892284610698214	-0.040297106501636974
-0.004921879701062132	-0.08911503783237212	0.9960090539683681	0.6025032434002425
0.0	0.0	0.0	1.0
11	28	112
0.9959740303631812	-0.05803259572500925	-0.06832227637698678	-0.19608114192909626
0.07692829976271144	0.9445954661297971	0.3190945076955074	0.1885893254350312
0.046018993285031735	-0.3230657993137467	0.9452569718966259	0.45291360776040906
0.0	0.0	0.0	1.0
11	29	113
0.9958136809177791	-0.06607200459475535	0.06316436815334654	-0.12966632332750522
0.04652497949831926	0.9611869540637208	0.2719465459521053	0.17030657218204232
-0.07868084852190137	-0.2678693715334905	0.9602371093053719	0.3716225240402092
0.0	0.0	0.0	1.0
11	30	114
0.9947892580968983	-0.045810159521272084	-0.09108228881465508	-0.17746538967707218
0.0788047806599021	0.9123097199358133	0.4018465471638874	0.19203560152158122
0.06468657921047392	-0.4069303236016766	0.911165903115648	0.17890471300418243
0.0	0.0	0.0	1.0
11	31	115
0.9586262964265317	0.021505182366920634	-0.2838542590776875	-0.13473263056442533
0.0971922660530517	0.9124978904866837	0.39736763151237897	0.17086365953022392
0.26756191844238175	-0.4085155353379098	0.872654338407145	0.0129237814656645
0.0	0.0	0.0	1.0
11	37	116
0.06820787071565385	0.16484812972509055	-0.9839577417423311	0.8789020265442863
-0.6238087390344631	0.7767323082176825	0.08688811318793832	-0.18734969229750453
0.7785951309004338	0.6078750741029204	0.15581288258779538	-0.13000035122301856
0.0	0.0	0.0	1.0
12	28	117
0.9989470257962725	0.0024191697302148657	-0.04581228507062519	-0.21617188435677834
0.02777308310517494	0.7629297178198641	0.6458843794585309	0.3393119706933837
0.036514115021661284	-0.6464768057864808	0.7620593647946863	0.42677735481473417
0.0	0.0	0.0	1.0
12	29	118
0.9958664168407776	-0.053418956223177695	0.07346054874616809	-0.1477215005487752
-0.0021415798014511648	0.7947375402071384	0.6069492389753657	0.3226757555063214
-0.09080437787768812	-0.6045977947285406	0.7913381338179385	0.3554454012459211
0.0	0.0	0.0	1.0
13	28	119
0.9978839626426849	-0.008162222513213153	0.06450593627309165	-0.1718113622765241
-0.03976715433317336	0.708284625060454	0.7048059456069644	0.4005158804794427
-0.05144121555777727	-0.7058798905340246	0.7064612321455785	0.38716331497541584
0.0	0.0	0.0	1.0
14	37	120
0.19966768094409235	0.45507998446356	-0.8677760184760879	1.0453673345531822
-0.6446132040374	0.7279923582952549	0.23345458042046632	-0.13178050990392653
0.7379747378276958	0.5127666097309427	0.43870709114558787	0.09383773689071905
0.0	0.0	0.0	1.0
14	38	121
-0.2610787200224578	0.4024262372093076	-0.8774343585049014	0.9032858556977352
-0.4617508036042688	0.7461621611943796	0.4796124926611146	-0.2106615878971103
0.8477169405660265	0.5303726570775257	-0.008986418253300384	0.5688593086470711
0.0	0.0	0.0	1.0
15	36	122
0.47444648199508466	0.13334165383370442	-0.8701267188174956	1.1387821471554287
-0.5796712210074096	0.7912176083505021	-0.1948229798297923	-0.04661509738083325
0.6624816227650465	0.5968205349784395	0.4526846939772863	-0.17585812436142834
0.0	0.0	0.0	1.0
16	34	123
0.8222216952693051	-0.09530618573370397	-0.5611313048272805	0.650488125038558
-0.15663636949737703	0.9099225437346736	-0.3840652310387031	0.031028135118589147
0.5471898403117116	0.40368040112479137	0.7332296052873174	-0.5745204575428794
0.0	0.0	0.0	1.0
17	21	124
0.8960943352998246	-0.1740933066001685	-0.40829705342107236	-0.2743311406016696
0.1354826683525056	0.9832518033160672	-0.12190222314600432	0.03928678918948463
0.42268130875551035	0.053918663998815314	0.9046729220407728	0.20291657627021156
0.0	0.0	0.0	1.0
18	21	125
0.9458217183413127	-0.22631643569091286	-0.23281366741798115	-0.2252530432236672
0.15398707989425398	0.9439372188952299	-0.2920109480003916	-0.07412254026634445
0.2858484210411038	0.2403400509338041	0.9276460811711258	0.13511014279871367
0.0	0.0	0.0	1.0
19	21	126
0.9677743100243758	-0.2176398265854414	-0.12667142655255584	-0.18803923009594578
0.17621203347871656	0.9446425682688299	-0.2767661555088168	-0.0999152779338956
0.1798946070235992	0.2455261049849092	0.9525516238117806	0.09497769343168973
0.0	0.0	0.0	1.0
19	22	127
0.9784312313383199	-0.17491602494974956	-0.1098933626446522	-0.2561483032663777
0.08329566448452483	0.8208891524736484	-0.5649802386165396	-0.2191156986511181
0.1890344189881493	0.5436407355831054	0.8177533719668643	0.08463205485896722
0.0	0.0	0.0	1.0
20	22	128
0.9978855197379634	-0.0645614333974913	-0.007512812296262784	-0.17923055896260587
0.052804356329816844	0.8726567301846442	-0.4854706930081631	-0.1862252644314709
0.037898872867900286	0.4840475216974755	0.8742206183841303	0.0538406264283449
0.0	0.0	0.0	1.0
20	33	129
0.9898387632535717	-0.13638856873481017	-0.040218848985376414	0.6953823577386171
0.10322390620930788	0.8837445759905581	-0.4564431430424422	-0.18266950614670316
0.09779683859013093	0.4476535967674755	0.8888431198894898	-0.7578066650465819
0.0	0.0	0.0	1.0
22	30	130
0.9381598743446193	-0.09430732392453249	0.33311006605099835	0.3311470668052205
-0.0016492780815692502	0.9609543529842335	0.27670219840001625	-0.07613025722523485
-0.34619860451512013	-0.26014030798804305	0.9013731568491101	-0.6459101656460098
0.0	0.0	0.0	1.0
22	31	131
0.9891224633903943	-0.057016384955861116	0.13559462167544623	0.5374132881458705
0.016913743286101558	0.9597916489113231	0.28020334709050937	-0.08529948177757064
-0.14611876986223557	-0.2748620805046875	0.9503158022064279	-0.6895855518940577
0.0	0.0	0.0	1.0
22	32	132
0.9982989618311432	-0.04826596734929682	0.032706934280992445	0.7134123557698808
0.041478545333534796	0.9821692939675434	0.18336598127299794	-0.04636376875662586
-0.040974177950665276	-0.1816974715116385	0.9825004785923989	-0.736413297379098
0.0	0.0	0.0	1.0
24	37	133
0.3936468183357899	0.58886281756123	-0.7058916127697534	1.7482793002858936
-0.5800648048860555	0.7548262191472451	0.3062061395812597	-0.23917402239434782
0.7131388155353131	0.28892592583263665	0.6387134794809853	0.28436116697165326
0.0	0.0	0.0	1.0
24	38	134
-0.06219541378152185	0.611799897255199	-0.7885636387923882	1.4323106212732841
-0.4392622902388081	0.6926783498711212	0.5720534607035984	-0.383599736440044
0.8962031791838985	0.3819654720191109	0.22565915695791622	1.050671350048173
0.0	0.0	0.0	1.0
25	37	135
0.35321898057744894	0.528928769158816	-0.7716676334155309	1.710811495876197
-0.604603459190725	0.7585043691337174	0.24315811807954546	-0.23994606787516848
0.7139264743529427	0.38066497499954827	0.5877102568767029	0.2626484715440258
0.0	0.0	0.0	1.0
26	37	136
0.13757855455541118	0.2680226611668916	-0.9535387055789488	1.6106943745525686
-0.6054925438387706	0.7846279380399214	0.1331831011829343	-0.2826544145675022
0.7838691462620846	0.5590376042437489	0.2702336697623994	0.1168003147134513
0.0	0.0	0.0	1.0
30	34	137
0.8870950576544745	-0.06744981163865722	-0.45663210246280345	0.4777657920547086
-0.18706698458870424	0.8518502050029788	-0.48924145927962115	-0.028075781866422025
0.4219813261551108	0.5194245711387209	0.7430545658740522	-0.4852532035684974
0.0	0.0	0.0	1.0
31	34	138
0.9630801816705603	-0.04950167883367965	-0.2646247635006156	0.3673270385105384
-0.09866680804880769	0.8496533596074799	-0.518029075544392	-0.07059352927610997
0.25048254022344474	0.5250133151395602	0.8134001483255621	-0.3939260407663781
0.0	0.0	0.0	1.0
32	34	139
0.9857740137802348	-0.012786471080892146	-0.1675889053332399	0.24433211802857457
-0.06277272984117226	0.8969423880485217	-0.4376688019217922	-0.07480466337071091
0.15591383194314917	0.4419626678469859	0.8833799322222373	-0.30521281958953655
0.0	0.0	0.0	1.0
32	35	140
0.8833432826093169	-0.026343591859158622	-0.467985567615921	0.5659716399362265
-0.2726332894617871	0.783279162173894	-0.558699192277942	-0.15289671069077093
0.38128154816356413	0.621111786354424	0.6847222917675851	-0.3681582200034149
0.0	0.0	0.0	1.0
33	35	141
0.9240521555882696	0.04670219562598352	-0.37940278711641273	0.43262845659387467
-0.23148345898779932	0.8582048347963169	-0.4581482494019214	-0.1497962850073854
0.3042088461588143	0.5111784312211954	0.8038368105801976	-0.24998922898583908
0.0	0.0	0.0	1.0
33	36	142
0.7927097616551114	-0.020066891932718937	-0.6092687445602706	0.6106951075227416
-0.3926548797416176	0.7477020695272695	-0.535503207238538	-0.1757007884007192
0.4662974490887511	0.6637310836488767	0.5848313828075387	-0.24374112450365978
0.0	0.0	0.0	1.0
33	37	143
0.527482946352971	-0.00029749729289415416	-0.8495655849085242	0.6667457702209397
-0.5466017283273024	0.7654199794992019	-0.33964510892771327	-0.2898024122617978
0.6503755064240176	0.6435311706299788	0.4035832970614666	-0.13991911282904113
0.0	0.0	0.0	1.0
33	38	144
0.0891248044162463	-0.042913288673557676	-0.9950954980122124	0.6116590923081755
-0.44580594476056984	0.8916911693301321	-0.07838221544145516	-0.3562718584520472
0.8906815492531045	0.4506053795608925	0.06034078688379989	0.22721783352425146
0.0	0.0	0.0	1.0
34	36	145
0.8340981267346721	0.13622396133956205	-0.5345307116237991	0.41266189965654804
-0.34195305181440755	0.8880601337981757	-0.30727382282265386	-0.11935248773526755
0.43283747156969055	0.4390810529600919	0.7873115163961518	-0.1573611631478724
0.0	0.0	0.0	1.0
34	37	146
0.5871678665755733	0.23711308236968523	-0.7739581228913089	0.47369730542999205
-0.5093097723216491	0.851374258598337	-0.12556026476177873	-0.18263333001429832
0.6291560998507881	0.4679095853247902	0.6206635658991713	-0.10673977909952131
0.0	0.0	0.0	1.0
34	38	147
0.15982913569555776	0.25619807848540044	-0.9533188725164172	0.454540067027822
-0.42570276808404595	0.8892065267410492	0.16759681936398246	-0.21319721190721366
0.8906354601543807	0.3790437545341562	0.25118535575847845	0.15868291045404884
0.0	0.0	0.0	1.0
35	37	148
0.8097354864107317	0.2668681519859308	-0.5225992419786519	0.22576283266922645
-0.34047940690131173	0.9390242432464017	-0.04803416709001158	-0.013847013177711639
0.4779145454589118	0.2168293790426516	0.8512242771582822	-0.10140140881281902
0.0	0.0	0.0	1.0
35	38	149
0.4578939095262633	0.3984420243151367	-0.7947182166801822	0.2745752977304435
-0.34056559554955834	0.9043610755834063	0.25718863492658106	-0.009169172503573925
0.8211870040469699	0.15288863325876667	0.5497970220161509	0.032294450303010314
0.0	0.0	0.0	1.0
35	47	150
-0.03453778510065379	0.47046180758096556	-0.8817441291322463	0.29778664521029796
-0.4197208448851316	0.7938653694458517	0.44001373043027925	-0.12484804453511389
0.9069958808524387	0.38528354307352114	0.17004419214553637	0.1197356312497008
0.0	0.0	0.0	1.0
