0	4	1
0.999801070623344	-0.0026653748786526986	0.019765401903016334	0.024909674578216724
-0.006950244086803717	0.8823456734226682	0.47055059777578045	0.1787330655719329
-0.018694122469555097	-0.470594393906741	0.882151665598152	0.08098870405419534
0.0	0.0	0.0	1.0
0	10	2
0.9767239730757863	0.18507441544099656	-0.10843355958612053	0.06568995719170849
-0.07436549002206556	0.7663332159099204	0.6381247479052148	0.3083659890639679
0.2011968868277974	-0.615208058568393	0.7622591995061289	0.021573766345122793
0.0	0.0	0.0	1.0
0	15	3
0.9475241471693644	0.2113613624368999	-0.23984219177334604	-0.18442779656617395
-0.08333733617643724	0.8876168631695031	0.4529803272017951	0.05011395492160621
0.30863057332970995	-0.4092219723651168	0.8586527456018478	0.3062907232419414
0.0	0.0	0.0	1.0
1	4	4
0.9999802853721786	-0.0014000728955155237	0.006116052348193054	0.036135027945197955
-0.001721049550965359	0.8761863576586328	0.4819692993475921	0.18231755730729554
-0.006033667239633045	-0.4819704615543652	0.876166743164006	0.036699094638464234
0.0	0.0	0.0	1.0
1	10	5
0.9749052618892136	0.18794364211443995	-0.11931901385180536	0.08590297139226885
-0.06668952661381762	0.7579180367750064	0.6489318823798411	0.3021309763185242
0.21239669045923212	-0.6246899029969983	0.7514322159710706	-0.01908315539972264
0.0	0.0	0.0	1.0
1	15	6
0.9438813952827113	0.2158802801790947	-0.24996710657255902	-0.1590523443230331
-0.0783475884826931	0.8815677624620171	0.4655102157699092	0.05355912550013378
0.32085744841431574	-0.4198021811393033	0.8490091588440456	0.26828224349678514
0.0	0.0	0.0	1.0
2	4	7
0.9988840054680576	-0.045930109388006284	0.011011329265333884	0.04568267430369222
0.03577259733489587	0.887923673749571	0.4585978178917306	0.17766070851910515
-0.030840735599825718	-0.45769213067392545	0.8885757830839941	0.02375946660161815
0.0	0.0	0.0	1.0
2	9	8
0.9697624828814376	0.1457181248049913	-0.19577298971423984	0.07542612729737552
0.07213192213009845	0.5952050468060786	0.8003298377567613	0.37952919560904425
0.2331476464911167	-0.7902513697986598	0.5666966138162008	-0.10678513360282826
0.0	0.0	0.0	1.0
2	10	9
0.982779158899037	0.1409341270517701	-0.11951126640019379	0.09731110732035697
-0.035042628188943076	0.7771700740351325	0.6283141975332375	0.294336953219684
0.18143152200401994	-0.6133061067725383	0.7687252288771136	-0.02853753534440792
0.0	0.0	0.0	1.0
2	15	10
0.9535180946022292	0.16673692230355933	-0.2510022102970532	-0.1461164710469589
-0.040474905058911236	0.8962839325407085	0.4416298257268872	0.04839817489864329
0.2986052660882903	-0.41094269175276593	0.8613715857955956	0.25899226786246904
0.0	0.0	0.0	1.0
2	16	11
0.9811282137088919	0.12916983995615156	-0.14388426191378634	-0.11606822081331813
0.009345562421080231	0.7115836542709656	0.7025392056246378	0.3156138622534875
0.19313257105565168	-0.6906257494742722	0.6969476409094305	0.3494021984593787
0.0	0.0	0.0	1.0
3	4	12
0.9983868224245237	-0.034937393972552036	0.0447549505186483	0.02769621001737369
0.01844563986179768	0.9450899182577772	0.3262895222731118	0.14867106414032785
-0.0536972131451682	-0.32493770382768344	0.9442097045709024	0.022049548616214328
0.0	0.0	0.0	1.0
3	5	13
0.9961054506882896	-0.06517581342948972	0.05938103778780288	0.04944431304859865
0.017104187578122203	0.8035278705970939	0.5950211946671378	0.28601435176994855
-0.08649537505782909	-0.5916882776025757	0.8015130798903356	-0.028929619273003263
0.0	0.0	0.0	1.0
3	8	14
0.9936604168079417	0.09493950977255453	-0.06021182777065012	0.07285850209908414
0.006840410385805377	0.48353263577435124	0.875299449863807	0.39687272601338625
0.11221494367994696	-0.8701625575907479	0.4798176703541751	-0.17457667640314853
0.0	0.0	0.0	1.0
3	9	15
0.9741820175412315	0.12459832199564512	-0.18826721112386471	0.05647095737908662
0.046566813338902224	0.7050832401935969	0.7075937498080028	0.351784225409817
0.2209091012070478	-0.69809231929923	0.6810772516458297	-0.10064046934143435
0.0	0.0	0.0	1.0
3	10	16
0.9850615281302884	0.13098538529565198	-0.1117883855149872	0.07707986273769944
-0.056594047359293326	0.859357487078563	0.508233987584644	0.26681418381542266
0.16263747148313298	-0.4943153100809517	0.8539329245674105	-0.02871569918230176
0.0	0.0	0.0	1.0
3	11	17
0.9753654056365658	0.131656070708781	-0.17699974570158375	0.08712452210536858
-0.07089764705518556	0.9468934976563054	0.31363412272239277	0.11168461454556067
0.20889181422547903	-0.29335902918975243	0.9329011181459799	-0.009904842213815981
0.0	0.0	0.0	1.0
3	14	18
0.9385614310125614	0.15255255215575914	-0.30956422354273694	-0.07710335575016512
-0.15440434505815526	0.9878313968658887	0.018665637580235775	-0.1237032490059901
0.3086447614657071	0.030279265872008434	0.9506951385834909	0.06992109145132464
0.0	0.0	0.0	1.0
3	15	19
0.9594021514741086	0.13728164770555645	-0.2463759411798489	-0.1644418745649531
-0.05733191882910501	0.9502328840456261	0.3062196812674232	0.020906473760712207
0.2761529142898876	-0.2796626387617922	0.9195260218116961	0.25031931796578455
0.0	0.0	0.0	1.0
3	16	20
0.9841577308326035	0.1158129360692389	-0.134241598284105	-0.13561835475103837
-0.014000383235727464	0.8055672236976797	0.5923388418754295	0.2877183553002399
0.17674117184716054	-0.581075591283069	0.794426605330058	0.3519456062859547
0.0	0.0	0.0	1.0
3	17	21
0.9745152412937247	0.1361744590955166	-0.17825951056948966	-0.14154011107331327
0.050167982589879916	0.6422311176076799	0.7648674515584336	0.49473684542416485
0.21863926943793424	-0.7543181187667226	0.619032411653303	0.3591801299761217
0.0	0.0	0.0	1.0
4	5	22
0.9994333505751355	-0.023847764352798537	0.02375820028695506	0.02478541446268155
0.015633610760696276	0.9538707517453852	0.2998099679800125	0.13715771953984177
-0.029812076496528558	-0.29926866536332813	0.9537029151386869	-0.004640066054662425
0.0	0.0	0.0	1.0
4	6	23
0.9984502899467802	0.05375851884125567	-0.014394837068095289	0.03514607551813173
-0.03522017253557364	0.8106452209210676	0.584477357437353	0.2550528182857398
0.04308977905137401	-0.5830645986624041	0.8112822467258778	-0.061780024951147774
0.0	0.0	0.0	1.0
4	7	24
0.9962519016754647	0.0686266713617837	-0.05265446018711316	0.04089016157159396
-0.013919124738680035	0.7279842845038829	0.6854523855590278	0.2820790362454883
0.0853720404485282	-0.6821505179810836	0.7262109688203915	-0.08749835066171738
0.0	0.0	0.0	1.0
4	8	25
0.986045867993238	0.08840859303470551	-0.14105876982959537	0.0355152548013878
0.029110046840107713	0.742709062533303	0.6689810991119166	0.27089643719044515
0.16390939417440809	-0.6637524015234468	0.7297715371843346	-0.09652671218838219
0.0	0.0	0.0	1.0
4	9	26
0.9598315661618728	0.07429640393962336	-0.2705612559212607	0.024807291352688717
0.05352629698694941	0.8981064426603582	0.4365083931181983	0.20715451698542262
0.2754239121115329	-0.4334567244298546	0.8580541501594706	-0.06274590834919201
0.0	0.0	0.0	1.0
4	10	27
0.9738931911949856	0.10548767746247	-0.20100879080516243	0.03885590410857198
-0.06378044901005302	0.9769575799760859	0.20368087241811667	0.11884427807705598
0.21786299841753173	-0.18554299374416278	0.9581803780066508	-0.02829225187494746
0.0	0.0	0.0	1.0
4	11	28
0.9612707416320372	0.08466489567357775	-0.26227927688323	0.05369689066280274
-0.08982857628796442	0.9959272236829876	-0.007737922825425469	-0.03372242015799301
0.260556064384496	0.03099843778774447	0.9649609345354108	-0.043006785766366344
0.0	0.0	0.0	1.0
4	12	29
0.9574916027289834	0.04043103584861843	-0.28561399650107133	0.07300506090108748
-0.14918230677722952	0.9168420171837299	-0.3703315822795459	-0.14567791631049826
0.24688999052522273	0.3971979970257107	0.8838999636543954	-0.12859069403479498
0.0	0.0	0.0	1.0
4	13	30
0.9235017920120459	0.0011385379738986488	-0.38359232488252987	0.04213138864503258
-0.18210936162438043	0.8814206389897902	-0.43581381744684344	-0.20688915938643654
0.33761004381120546	0.472330702497632	0.814200963226667	-0.1492058394213058
0.0	0.0	0.0	1.0
4	14	31
0.9178631399490933	0.06048066451964356	-0.3922617489461658	-0.1028672265785044
-0.1878321560971306	0.9368317324149588	-0.29506826782129697	-0.2512746837523098
0.34963739775855285	0.3445117153645696	0.8712435035788905	-0.010191989686907398
0.0	0.0	0.0	1.0
4	15	32
0.942031761358453	0.06705038779693269	-0.32875574519751194	-0.19325214011398792
-0.07673323322242674	0.996914217503805	-0.01655224509714536	-0.12481564701814937
0.3266315497919198	0.040819277682094236	0.9442698333138708	0.21438351435588554
0.0	0.0	0.0	1.0
4	16	33
0.9725160437179206	0.08380542895031286	-0.21723070424127466	-0.17022298369409244
-0.01561208510659409	0.9543491555741385	0.29828482862906824	0.13968961450615766
0.23231192061184675	-0.2866953950611451	0.9294282785511088	0.36764131876196016
0.0	0.0	0.0	1.0
4	17	34
0.960207707139681	0.08850844862903585	-0.26489130242959896	-0.17545215452792612
0.06188083213306718	0.8574597790312193	0.5108164361951256	0.35428028667944217
0.2723453068229857	-0.5068816107096559	0.8178625635720151	0.40896236615785203
0.0	0.0	0.0	1.0
4	18	35
0.9101433848486183	0.16358817621198843	-0.3806283214056319	-0.2422217689325909
0.1393289227262088	0.7443660443826551	0.6530746073361274	0.556794091775466
0.39016220101187526	-0.647424187252763	0.6546872619067178	0.34295880969117737
0.0	0.0	0.0	1.0
4	19	36
0.8603990902899601	0.22669715508440835	-0.45642301096712135	-0.3079452128857979
0.14924750924037694	0.7442571178997934	0.6510042412303413	0.597596612007983
0.48727699286602755	-0.6282433909111368	0.6065241407267922	0.3480442971688008
0.0	0.0	0.0	1.0
4	21	37
0.7384658621090023	0.13699217932053948	-0.6602281928301379	-0.6602088054570541
0.15773644375635978	0.9168802300127795	0.36667373684849236	0.3140093761937271
0.6555818066543195	-0.3749181152689142	0.6554760526138346	0.5178357487976408
0.0	0.0	0.0	1.0
4	22	38
0.7621870530193761	0.16066485877304645	-0.6271025800827686	-0.7002285247708538
-0.08111869638507904	0.9847805858109866	0.15371010810127658	0.049156204593958905
0.6422544718363473	-0.06628609929782558	0.7636199271378319	0.6359120782617413
0.0	0.0	0.0	1.0
4	23	39
0.768262728863287	0.16597823367337533	-0.6182423404381079	-0.6860228911576441
-0.27527976768155293	0.9575995780162939	-0.0849933375568681	-0.2850249712886995
0.5779217206055423	0.23548684915113977	0.7813785728322888	0.5499607035299771
0.0	0.0	0.0	1.0
4	25	40
0.8427508482884913	0.09457817447317701	-0.5299301605243332	-0.5429141706102232
-0.319771346628537	0.8798833705024711	-0.3514986884948502	-0.5707627901110353
0.43303271421105693	0.46568239925185256	0.7717658349225415	0.38595461829727545
0.0	0.0	0.0	1.0
4	26	41
0.9390338065621743	0.11115548290587145	-0.32536146723630016	-0.29642844937690516
-0.1520177776579773	0.9830055208745945	-0.10291120709612828	-0.2900952170856338
0.308393043502493	0.14609786253987417	0.9399729386185863	0.6007493167311357
0.0	0.0	0.0	1.0
4	27	42
0.9642222835609097	0.05195263839988398	-0.25995426103968794	-0.14492284637741207
-0.03488127873702941	0.9969465518742413	0.06986108793806617	-0.07595650317979961
0.2627900172171896	-0.05829407795273837	0.9630902998572793	0.562408980506879
0.0	0.0	0.0	1.0
4	28	43
0.9448118968231598	0.02440991159697667	-0.3267026243933758	-0.13770511223858
0.07223926696673721	0.9571528978051523	0.2804278286991941	0.14714286161641565
0.31954968903334036	-0.28855234187521533	0.9025660809184124	0.4256267811498612
0.0	0.0	0.0	1.0
4	29	44
0.9796395688637703	0.02046555004260461	-0.19971888434647553	-0.07668261353235434
0.02923836765289362	0.9696412052227179	0.2427776646744434	0.1286957217622688
0.19862432874167202	-0.24367405503838507	0.9493004069499972	0.33513409896937113
0.0	0.0	0.0	1.0
4	30	45
0.9366448265990316	0.035776735102088224	-0.3484489823200778	-0.11858631372346864
0.09850480148910962	0.9277227002403082	0.36003797659892306	0.14821975315765426
0.33614508930598935	-0.3715515853746576	0.865422347607259	0.15691453973000974
0.0	0.0	0.0	1.0
4	31	46
0.8456076823950125	0.09378055335557825	-0.525502488380964	-0.07177492662504839
0.11499624148217974	0.9293280395589459	0.3508918855443214	0.12822144015852904
0.5212711926879412	-0.35714771980998816	0.7750624611106134	0.0035370988895616334
0.0	0.0	0.0	1.0
4	32	47
0.7858119909035461	0.11069215902142772	-0.6084791549445789	0.032801109232833324
0.06970973893043962	0.9617307816645392	0.2649799628120096	0.08947612762882003
0.6145244000406995	-0.2506413772335287	0.7480232185974629	-0.09186964604798889
0.0	0.0	0.0	1.0
4	33	48
0.7227305388337081	0.11787064743769868	-0.6810044459843851	0.12784978783922396
-0.022367982269750685	0.9888224461155058	0.14741036014214298	0.04557997171420627
0.6907679617914774	-0.09130527008316365	0.717288694509699	-0.2179367540729935
0.0	0.0	0.0	1.0
4	34	49
0.6707542272853486	0.13882502510697814	-0.7285714898714303	0.2909188486296471
-0.2557601020219556	0.9653665662580013	-0.0515187676563012	0.04359973096845614
0.6961865837381251	0.22089597786147533	0.683029634730739	-0.3417093665807623
0.0	0.0	0.0	1.0
4	35	50
0.4047167884806291	0.18974027911120936	-0.8945405686644841	0.6355828253042342
-0.5029706080115798	0.8631584484792089	-0.04447501118981936	-0.04042710167337539
0.7636917084735507	0.46792746332183016	0.4447684763611898	-0.36298227941188077
0.0	0.0	0.0	1.0
5	6	51
0.9962603107159023	0.06257234081430901	-0.05958249645880226	0.0015946045126871968
-0.040646155612073305	0.9479324578866339	0.31586716609046583	0.12750964041253066
0.07624477328956186	-0.31226411166817203	0.9469308388560874	-0.016446528165712678
0.0	0.0	0.0	1.0
5	7	52
0.9927996155716077	0.065249649664877	-0.10045485460372894	0.00686760131158025
-0.014986915237096965	0.8996909392524584	0.4362701732365184	0.16107525805412787
0.11884490445086139	-0.43162348759260005	0.8941908829626575	-0.02709437285485199
0.0	0.0	0.0	1.0
5	8	53
0.9800272830571113	0.05745498954979166	-0.19038217247973716	0.0024610912073109326
0.027275383926584785	0.909470919649296	0.4148720020650666	0.14740448166210793
0.19698357854141285	-0.4117787441074966	0.8897392683699934	-0.04080194935144524
0.0	0.0	0.0	1.0
5	9	54
0.9510876362996262	0.004757809809278863	-0.30888426637413674	-0.0008516236459965044
0.042448773473806836	0.988384012416342	0.1459285751699038	0.07121502759682904
0.3059906113797472	-0.15190260914793305	0.9398380418945893	-0.045134486415970544
0.0	0.0	0.0	1.0
5	10	55
0.9660498908024086	0.05558262091843632	-0.2523056368773364	0.006117656821111541
-0.0822034705396384	0.9919598548869444	-0.09622029244011268	-0.015619694919434945
0.24492895431666714	0.11369404891479098	0.9628519354538461	-0.04548923741463575
0.0	0.0	0.0	1.0
5	11	56
0.9524754955567735	0.017153532457503375	-0.30413158635436666	0.026325460695962796
-0.11371215097929625	0.9462617359263226	-0.30275154131639936	-0.16209590630385337
0.2825948815352851	0.3229469423148803	0.9032417355879553	-0.09011458185406848
0.0	0.0	0.0	1.0
5	14	57
0.9065810870442789	-0.04556377279218849	-0.419564630006889	-0.12103459899254894
-0.2170773398221417	0.8022155874103004	-0.5561722860010955	-0.35850506860769077
0.3619225647355208	0.5952933636659962	0.7173827191234157	-0.09748276747169768
0.0	0.0	0.0	1.0
5	15	58
0.9320881250314988	-0.0198795230026614	-0.3616853811881826	-0.21530594462777117
-0.10085718111167254	0.9447653053648825	-0.31184356387831746	-0.25334468950208505
0.3479071236912957	0.3271443527492751	0.8785996508603545	0.1649668791328447
0.0	0.0	0.0	1.0
5	16	59
0.9648051936537199	0.030015532454063572	-0.2612466535846948	-0.19946514400591314
-0.031275628005366866	0.9995106006614002	-0.0006662031819049429	0.003371108039466415
0.2610988478219695	0.008813437555948211	0.9652719613052122	0.3644399702676531
0.0	0.0	0.0	1.0
5	17	60
0.9512593463486202	0.0200200551169242	-0.307741247226733	-0.20320335650845162
0.053533332532518685	0.972021254296702	0.22871159977579053	0.2206944591918901
0.30370989116187597	-0.23403844284898342	0.9235727470511299	0.4378204082874144
0.0	0.0	0.0	1.0
5	18	61
0.8966832120391254	0.05615461230881095	-0.439096501250125	-0.27418590932080117
0.13701435799811457	0.9080056577180446	0.3959201965484122	0.43069524464762315
0.4209348756498351	-0.415177611977095	0.8064995725259836	0.39321279008875215
0.0	0.0	0.0	1.0
5	19	62
0.8436613585232621	0.09285073655770143	-0.5287856992428623	-0.34404450518004237
0.1468807316948248	0.90743610251575	0.39368258667290346	0.47132095895389525
0.5163929294130275	-0.4098031437182913	0.751930847747316	0.39494195784244546
0.0	0.0	0.0	1.0
5	20	63
0.7611995503734034	0.035835172701279235	-0.6475267363048982	-0.5121935645305113
0.184225540251307	0.9453896423380527	0.2688856282969625	0.3878078900154253
0.621800619237427	-0.32396663659592995	0.7130285858774462	0.43083367875115475
0.0	0.0	0.0	1.0
5	21	64
0.7190944631338712	-0.055725329660993896	-0.6926743782817417	-0.673602755496338
0.1444929893646254	0.9869838281215026	0.07060191647984772	0.17538320403357696
0.6797241059402034	-0.15085605145375228	0.7177866065570628	0.5250101543753956
0.0	0.0	0.0	1.0
6	9	65
0.9662327033314166	-0.13171439721845485	-0.22146227344347544	0.010760187233612993
0.09544070373691124	0.9812898315632169	-0.16721608500807789	-0.05681120019498817
0.2393434613975248	0.14043317887123938	0.9607253827529758	-0.04762213165249566
0.0	0.0	0.0	1.0
6	10	66
0.9809481306885217	-0.06627274514508234	-0.1826162028530014	0.010000443884066736
-0.014093785889141508	0.9132592640364695	-0.4071349619268231	-0.1387425378841337
0.19375792483400248	0.4019520982284174	0.8949260192817496	-0.08233254620176648
0.0	0.0	0.0	1.0
6	15	67
0.948908654277488	-0.170974799770358	-0.2652165278321742	-0.1993800345066916
-0.022783424970942923	0.8011719258396561	-0.5980003393555556	-0.365300532546558
0.3147270348102564	0.5734903481517953	0.7563436239035946	0.10377869262346667
0.0	0.0	0.0	1.0
6	16	68
0.978641025084781	-0.09328219621545372	-0.1831939441505885	-0.1921442144667515
0.03142271447721745	0.9485292314531332	-0.3151267098465041	-0.1228083602954618
0.2031605347672092	0.3026395362158083	0.9312009328604612	0.34084157349484806
0.0	0.0	0.0	1.0
7	9	69
0.9755790537780973	-0.1447303600462253	-0.1652231955586086	0.011284350721139536
0.09197559143717524	0.9522681746487476	-0.2910768121728708	-0.09069001881125383
0.19946443106867	0.26877206703688983	0.9423244993027688	-0.06426517375224605
0.0	0.0	0.0	1.0
7	10	70
0.9880662737921327	-0.07454441087386945	-0.1347901015939743	0.007687219300281267
-0.007220755201334622	0.8517111523038079	-0.5239617549719693	-0.16695613114296426
0.15386065602268312	0.5186823583220602	0.8410087345917989	-0.107306192273989
0.0	0.0	0.0	1.0
7	15	71
0.9604128994788979	-0.1896471509729657	-0.20406140465012595	-0.19688314920488104
-0.007159153607444212	0.7154602027993658	-0.6986166982181601	-0.3874670801336036
0.278488483367834	0.6724215551791571	0.685779417218138	0.07332462629632097
0.0	0.0	0.0	1.0
7	16	72
0.9860604647839574	-0.10142893163454944	-0.1318976491889175	-0.19347302624307705
0.034234198404483294	0.8994286367474248	-0.4357247499946417	-0.15354540274474315
0.1628275971733296	0.42513567811619585	0.89036332525122	0.31896676399448
0.0	0.0	0.0	1.0
8	9	73
0.9911713328390579	-0.09787909255624422	-0.08943700977170772	0.007487625114012719
0.07060633869870456	0.9606059049443105	-0.26879529785810874	-0.08152372051913848
0.112223136227778	0.26010754767924105	0.9590359981272231	-0.04462115334794211
0.0	0.0	0.0	1.0
8	10	74
0.9979833241225881	-0.02777441747132147	-0.05707804202330851	0.005426706525511843
-0.005249976348921858	0.8599972974687775	-0.5102715043094055	-0.16319428586788895
0.06325945771740964	0.5095422984516963	0.8581172058947363	-0.0857408797513843
0.0	0.0	0.0	1.0
8	11	75
0.9923388430675908	-0.0845959361333039	-0.0900392722147715	0.03267926331859139
0.0005649516552941763	0.7318927395079414	-0.6814196161535988	-0.29778478548772885
0.12354444157888594	0.6761484442990944	0.7263333866087784	-0.1604501128538094
0.0	0.0	0.0	1.0
8	15	76
0.9811881489793568	-0.14270995285393936	-0.13001369056231343	-0.20198944334385308
0.014808155904735585	0.7271103776292576	-0.68636072924472	-0.3885652789048873
0.19248480251856961	0.6715239699573134	0.715545390110346	0.09470315105821202
0.0	0.0	0.0	1.0
8	16	77
0.9969967409633333	-0.054770265696525065	-0.054750419626828466	-0.19607936553396768
0.02690272882883742	0.9078962764863971	-0.4183305855400205	-0.14759177067252638
0.07261975171742523	0.4156014843161799	0.9066431888754133	0.33999250053466556
0.0	0.0	0.0	1.0
9	10	79
0.996995981721562	0.05912599657974103	0.05003262368856343	0.0050142589687931895
-0.04374223278502315	0.9629065430422976	-0.26626625930884457	-0.09624814411411763
-0.0639199722353527	0.263277883881016	0.9626002086817405	-0.020846546813252702
0.0	0.0	0.0	1.0
9	11	80
0.999910924158881	0.01300419866378219	0.0030084776159969803	0.026386697569572463
-0.010132916342256297	0.8862629455116664	-0.46307183707320076	-0.24612026078564148
-0.00868812895151974	0.4630001413576243	0.8863156428948278	-0.08309113906062761
0.0	0.0	0.0	1.0
9	14	81
0.9916183702972772	-0.06777771899514208	-0.10999619786072143	-0.1203279310772679
-0.030849940602390317	0.702520992796071	-0.7109940276841591	-0.4406516992550772
0.12546416712731448	0.7084282179153358	0.694541694201235	-0.1164788599993207
0.0	0.0	0.0	1.0
9	15	82
0.9981220123999777	-0.03286284095877215	-0.05169568150385532	-0.21444882878434615
0.00489455219882109	0.8840027893791467	-0.46745605267034834	-0.33739315934699593
0.061061072354136665	0.4663252347217524	0.88250341160673	0.1716408368052284
0.0	0.0	0.0	1.0
9	16	83
0.9984522620149979	0.03249830969066647	0.045132360000355774	-0.19889216069307739
-0.024784615719441225	0.9864754714082021	-0.16202444912897737	-0.0742147599220565
-0.04978749271175909	0.16065510676383005	0.9857541150951065	0.3974479781722686
0.0	0.0	0.0	1.0
9	17	84
0.9998828653986928	0.015259047290934559	-0.0011915807486859843	-0.20349226712686136
-0.015105838642374456	0.9963782428140289	0.08367993534938406	0.15350132619880907
0.002464143056496656	-0.0836521295341641	0.9964920298994095	0.4887559026347351
0.0	0.0	0.0	1.0
9	18	85
0.9887216663511378	0.02948869705018479	-0.14683293512678217	-0.2820711298534296
0.012339262893060943	0.9610504218786675	0.276097444896413	0.3747259996431974
0.14925563916293969	-0.27479545130412136	0.9498474843638394	0.45578029817069216
0.0	0.0	0.0	1.0
9	19	86
0.9661714059355092	0.050419634589854365	-0.25292466166394023	-0.3582279153167373
0.022411503430137977	0.9605797667636606	0.2770999886772118	0.41543905465203246
0.25692562414453696	-0.2733944714311454	0.9269546001702552	0.4564681307698023
0.0	0.0	0.0	1.0
9	25	87
0.9593042959786535	-0.10126843239387584	-0.26359066575670453	-0.562272878106001
-0.1464525063868889	0.619680723672982	-0.7710689347164815	-0.7438807074339617
0.24142698099631923	0.7782933996257283	0.5796312747588523	0.25510794089843447
0.0	0.0	0.0	1.0
9	26	88
0.997602969945436	0.008069397459518787	-0.06872656519942229	-0.3271601670848738
-0.04503389787422147	0.8297851761833052	-0.5562630620274668	-0.4957749769647457
0.05253957149675769	0.5580247554148243	0.8281594135171378	0.5358121646774434
0.0	0.0	0.0	1.0
9	27	89
0.9996844450077006	-0.015202020980017432	0.019995739981552383	-0.16531847495204402
0.02168767302261752	0.923992161988504	-0.38179571980795307	-0.2918597556754806
-0.01267190115505379	0.38210897176069447	0.9240302619120185	0.5415468005410622
0.0	0.0	0.0	1.0
9	28	90
0.9970669453237245	-0.07011351868854335	-0.030685476022138645	-0.14984068343335258
0.06457760624355614	0.9859011531916023	-0.1543656669915166	-0.06837881821673338
0.04107597835782679	0.1519313048445215	0.9875371610423235	0.45509841200544243
0.0	0.0	0.0	1.0
9	29	91
0.9958456998960199	-0.016362299085476855	0.0895755352834257	-0.09237681622326704
0.034418501592689284	0.9783806903896671	-0.2039281615211081	-0.08762973634984715
-0.0843022058564172	0.2061640377323796	0.9748792232655329	0.3556872435213293
0.0	0.0	0.0	1.0
9	30	92
0.9959561715914734	-0.06983452236715473	-0.056521461425343526	-0.13237322909780258
0.06606210836696089	0.9956261007735475	-0.0660649747771381	-0.06381281328697709
0.06088788126270813	0.0620638718564883	0.9962131738404222	0.20505554491949188
0.0	0.0	0.0	1.0
10	11	93
0.9978264483351519	-0.03201753754015058	-0.057594614080826514	0.017101059965738078
0.019130027356507578	0.9771319289427987	-0.21177192475515516	-0.15658376232463583
0.06305798289900505	0.21020988864997983	0.9756204900189686	-0.042836698242788206
0.0	0.0	0.0	1.0
10	12	94
0.9941703292571293	-0.07974394543271345	-0.07256953490488319	0.04179962580591192
0.025867868813302785	0.8298012388493016	-0.5574592903085199	-0.26107191746333425
0.10467220816394265	0.5523323951831874	0.8270263843027014	-0.17490091582014858
0.0	0.0	0.0	1.0
10	13	50
0.97661753	-0.13591948	-0.16656511	0.01562478
0.00322643	0.78395868	-0.62080447	-0.31774745
0.21495953	0.60575134	0.76606636	-0.20787460
0.00000000	-0.00000000	0.00000000	0.99999990
10	14	95
0.9791285785324864	-0.0793508970320624	-0.18711094644924783	-0.1367755290113287
-0.024792875341864765	0.8671251474593088	-0.49747278402442907	-0.3674387848803775
0.20172349938848358	0.49172897656251624	0.8470596267238536	-0.052504084301954024
0.0	0.0	0.0	1.0
10	15	96
0.9905939854870012	-0.061539081314240594	-0.12221426665992162	-0.2278866913586636
0.03375936346140756	0.9754656442166634	-0.21754777543140122	-0.24821079951972685
0.13260351071386278	0.21137572719995676	0.9683678912995255	0.21150757649453222
0.0	0.0	0.0	1.0
10	16	97
0.999632343872198	-0.024398896714465556	-0.0118205582590978	-0.20649934248714044
0.025509689406041976	0.9941093467014319	0.10533657727912664	0.02353441144495582
0.009180798718102038	-0.10559942129637188	0.9943663050569587	0.40796729867854603
0.0	0.0	0.0	1.0
10	17	98
0.9977216542683789	-0.028726768093000583	-0.06104214540453109	-0.21253251793724065
0.048038127136758584	0.9377986281748816	0.3438401441591308	0.2506897077650561
0.04736779816951022	-0.3459891745227538	0.9370420277098993	0.4747516627931807
0.0	0.0	0.0	1.0
10	18	99
0.9801485137841657	0.02424264851218371	-0.19677674680766447	-0.288754654065798
0.08293913231921825	0.8513464409404206	0.518005928326153	0.46704927112817
0.18008302268559614	-0.5240434212539373	0.8324352826203756	0.42179250961630826
0.0	0.0	0.0	1.0
10	19	100
0.9535955169319938	0.0736322289749006	-0.2919485853060895	-0.3620086446549408
0.09300344622187831	0.8501857185128682	0.5182032465170593	0.5076042570841742
0.2863669948366606	-0.5213085283520776	0.80388517404374	0.42161546404600936
0.0	0.0	0.0	1.0
10	25	101
0.937246680095283	-0.06928880536376002	-0.34171283597779434	-0.5807649272336871
-0.14795187039310306	0.8084103526283014	-0.5697215821625922	-0.6772075699508529
0.31571952674605946	0.5845269083098232	0.7474284602663454	0.3253657739259081
0.0	0.0	0.0	1.0
10	26	102
0.9916445627609759	-0.01756771212080332	-0.1277984695228197	-0.3364875461930807
-0.02366800906528051	0.9490894477169286	-0.31411627560048955	-0.41085644114107966
0.1268104649888227	0.3145165074848375	0.9407434976786411	0.5850591876683269
0.0	0.0	0.0	1.0
10	27	103
0.996782845238461	-0.06369071587046406	-0.048654269195670584	-0.177460988974004
0.057152254946718044	0.9904286426172427	-0.12563623631065543	-0.19943849483475065
0.05619036703953839	0.12245138998220308	0.9908823781442735	0.5737072424015672
0.0	0.0	0.0	1.0
10	28	104
0.9883907992721505	-0.1029561562180237	-0.11172967817619696	-0.1670352477909132
0.11495268524601407	0.987608156095971	0.10684568424622483	0.02832759494492081
0.09934470901576119	-0.11844895969594488	0.9879778901002277	0.46379570670070847
0.0	0.0	0.0	1.0
10	29	105
0.9963682868251849	-0.08316679241441001	0.01826314274610221	-0.10499679080329877
0.08195978842172218	0.9948827003646334	0.05908462286981573	0.008946619923915565
-0.023083564820442794	-0.057373212865313175	0.9980858046136764	0.3710875676826333
0.0	0.0	0.0	1.0
10	30	106
0.9860072172334645	-0.09575966974356775	-0.13645494500208588	-0.14937862952279546
0.12142563699676523	0.9733959393447236	0.19430940896298723	0.03331655996402059
0.11421767530266824	-0.20815963398884008	0.9714029441907933	0.2046982464164159
0.0	0.0	0.0	1.0
10	31	107
0.9390547903562223	-0.06934842529789943	-0.3366999367878168	-0.10954707443468562
0.13949432456165323	0.9720495724338454	0.18884081771543362	0.01262146308558975
0.3141932677705494	-0.22429967550938776	0.9224814490294347	0.044084641511783644
0.0	0.0	0.0	1.0
11	15	108
0.997450210652411	-0.015300165675128296	-0.06970605162805601	-0.2503259068613508
0.01498354863651009	0.9998748427843358	-0.005062812650979815	-0.09211975273630021
0.06977475854514484	0.004005481631565661	0.9975546845334111	0.2536735219177416
0.0	0.0	0.0	1.0
11	16	109
0.9989216994304033	-0.002214698663372591	0.046373503817027234	-0.22194228262406285
-0.012441533074922793	0.9495565274077272	0.31334871354548377	0.18585515132198474
-0.04472830077889143	-0.31358783032801174	0.948505189152761	0.4002603083358422
0.0	0.0	0.0	1.0
11	17	110
0.9999886306568089	0.003943601260851743	-0.0026783386920356494	-0.22913063365203462
-0.0018956576631364182	0.8444561336706058	0.5356212488691724	0.4058945304483782
0.004373966669541844	-0.5356101113958427	0.8444541385222394	0.4269826867554221
0.0	0.0	0.0	1.0
11	27	111
0.9994578469310033	-0.032862148462386595	0.001998563352095176	-0.19961286449796503
0.03255290532256865	0.995478883462517	0.08922846106982144	-0.040297106501637085
-0.0049218797010621256	-0.0891150378323721	0.996009053968368	0.6025032434002424
0.0	0.0	0.0	1.0
11	28	112
0.9959740303631813	-0.0580325957250093	-0.06832227637698664	-0.19608114192909581
0.07692829976271144	0.9445954661297971	0.3190945076955074	0.18858932543503112
0.04601899328503164	-0.3230657993137467	0.9452569718966258	0.4529136077604089
0.0	0.0	0.0	1.0
11	29	113
0.9958136809177789	-0.06607200459475533	0.06316436815334628	-0.12966632332750566
0.04652497949831924	0.9611869540637209	0.27194654595210527	0.1703065721820422
-0.07868084852190131	-0.2678693715334905	0.9602371093053716	0.3716225240402092
0.0	0.0	0.0	1.0
11	30	114
0.9947892580968986	-0.045810159521271814	-0.09108228881465578	-0.1774653896770713
0.07880478065990201	0.9123097199358133	0.40184654716388724	0.19203560152158114
0.06468657921047398	-0.4069303236016765	0.9111659031156477	0.1789047130041826
0.0	0.0	0.0	1.0
11	31	115
0.9586262964265319	0.021505182366920755	-0.28385425907768813	-0.13473263056442444
0.09719226605305172	0.9124978904866836	0.39736763151237886	0.17086365953022384
0.2675619184423819	-0.40851553533790985	0.8726543384071449	0.012923781465665056
0.0	0.0	0.0	1.0
11	37	116
0.0682078707156539	0.16484812972509058	-0.9839577417423311	0.8789020265442862
-0.623808739034463	0.7767323082176825	0.08688811318793836	-0.1873496922975043
0.7785951309004336	0.6078750741029204	0.15581288258779533	-0.13000035122301856
0.0	0.0	0.0	1.0
12	28	117
0.9989470257962727	0.0024191697302147633	-0.04581228507062499	-0.2161718843567779
0.027773083105174942	0.7629297178198641	0.6458843794585309	0.33931197069338365
0.036514115021661186	-0.6464768057864808	0.7620593647946862	0.426777354814734
0.0	0.0	0.0	1.0
12	29	118
0.9958664168407774	-0.0534189562231776	0.07346054874616784	-0.1477215005487752
-0.0021415798014511865	0.7947375402071385	0.6069492389753658	0.3226757555063213
-0.09080437787768801	-0.6045977947285405	0.7913381338179383	0.355445401245921
0.0	0.0	0.0	1.0
13	28	50
0.99788396	-0.00816222	0.06450594	-0.17181136
-0.03976715	0.70828463	0.70480595	0.40051588
-0.05144122	-0.70587989	0.70646123	0.38716331
0.00000000	0.00000000	-0.00000000	0.99999990
13	29	50
0.98133290	-0.07332259	0.17779135	-0.10666967
-0.06502203	0.74353141	0.66553222	0.38456507
-0.18099185	-0.66466906	0.72488414	0.31340366
0.00000000	-0.00000000	0.00000000	1.00000010
14	37	120
0.19966768094409246	0.45507998446356007	-0.8677760184760879	1.0453673345531822
-0.6446132040374	0.7279923582952549	0.23345458042046638	-0.13178050990392653
0.7379747378276957	0.5127666097309427	0.4387070911455878	0.09383773689071905
0.0	0.0	0.0	1.0
14	38	121
-0.26107872002245797	0.4024262372093077	-0.8774343585049015	0.9032858556977346
-0.4617508036042688	0.7461621611943796	0.4796124926611146	-0.2106615878971103
0.8477169405660268	0.5303726570775258	-0.00898641825330055	0.5688593086470713
0.0	0.0	0.0	1.0
15	36	122
0.4744464819950847	0.13334165383370444	-0.8701267188174957	1.1387821471554287
-0.5796712210074098	0.7912176083505021	-0.19482297982979235	-0.04661509738083347
0.6624816227650466	0.5968205349784396	0.4526846939772864	-0.17585812436142834
0.0	0.0	0.0	1.0
16	34	123
0.8222216952693051	-0.09530618573370392	-0.5611313048272805	0.6504881250385578
-0.156636369497377	0.9099225437346736	-0.3840652310387031	0.031028135118589036
0.5471898403117115	0.4036804011247914	0.7332296052873175	-0.5745204575428794
0.0	0.0	0.0	1.0
17	21	50
0.89609434	-0.17409331	-0.40829705	-0.27433114
0.13548267	0.98325180	-0.12190222	0.03928679
0.42268131	0.05391866	0.90467292	0.20291658
0.00000000	-0.00000000	-0.00000000	0.99999990
18	21	124
0.9458217183413125	-0.22631643569091267	-0.23281366741798099	-0.22525304322366765
0.15398707989425398	0.9439372188952296	-0.29201094800039146	-0.07412254026634445
0.28584842104110386	0.24034005093380412	0.9276460811711259	0.13511014279871367
0.0	0.0	0.0	1.0
19	21	125
0.9677743100243754	-0.21763982658544126	-0.12667142655255567	-0.18803923009594578
0.17621203347871656	0.9446425682688296	-0.27676615550881667	-0.0999152779338956
0.17989460702359927	0.24552610498490923	0.9525516238117807	0.09497769343168973
0.0	0.0	0.0	1.0
19	22	126
0.97843123133832	-0.1749160249497496	-0.10989336264465219	-0.2561483032663777
0.08329566448452484	0.8208891524736482	-0.5649802386165395	-0.21911569865111788
0.18903441898814938	0.5436407355831054	0.8177533719668644	0.08463205485896744
0.0	0.0	0.0	1.0
20	22	127
0.9978855197379636	-0.0645614333974913	-0.007512812296262762	-0.17923055896260587
0.05280435632981686	0.8726567301846441	-0.48547069300816303	-0.18622526443147067
0.037898872867900356	0.4840475216974755	0.8742206183841305	0.05384062642834512
0.0	0.0	0.0	1.0
20	33	129
0.9898387632535718	-0.1363885687348103	-0.0402188489853766	0.6953823577386171
0.1032239062093079	0.883744575990558	-0.4564431430424421	-0.18266950614670294
0.09779683859013086	0.4476535967674755	0.8888431198894897	-0.7578066650465819
0.0	0.0	0.0	1.0
22	30	130
0.9381598743446198	-0.09430732392453235	0.33311006605099774	0.3311470668052218
-0.0016492780815692662	0.9609543529842335	0.2767021984000161	-0.0761302572252348
-0.34619860451511997	-0.260140307988043	0.9013731568491099	-0.645910165646009
0.0	0.0	0.0	1.0
22	31	50
0.98912246	-0.05701638	0.13559462	0.53741329
0.01691374	0.95979165	0.28020335	-0.08529948
-0.14611877	-0.27486208	0.95031580	-0.68958555
-0.00000000	0.00000000	0.00000000	1.00000000
22	32	131
0.9982989618311431	-0.048265967349296814	0.0327069342809925	0.7134123557698808
0.04147854533353479	0.9821692939675434	0.18336598127299789	-0.04636376875662597
-0.04097417795066539	-0.1816974715116385	0.982500478592399	-0.7364132973790982
0.0	0.0	0.0	1.0
24	37	132
0.3936468183357899	0.5888628175612302	-0.7058916127697535	1.7482793002858936
-0.5800648048860554	0.7548262191472451	0.30620613958125975	-0.2391740223943476
0.7131388155353131	0.2889259258326367	0.6387134794809853	0.28436116697165326
0.0	0.0	0.0	1.0
24	38	133
-0.062195413781522005	0.6117998972551991	-0.7885636387923883	1.4323106212732832
-0.4392622902388081	0.6926783498711212	0.5720534607035984	-0.383599736440044
0.8962031791838987	0.38196547201911096	0.22565915695791616	1.0506713500481732
0.0	0.0	0.0	1.0
25	37	134
0.35321898057744905	0.5289287691588161	-0.771667633415531	1.710811495876197
-0.6046034591907249	0.7585043691337174	0.24315811807954552	-0.23994606787516848
0.7139264743529425	0.3806649749995483	0.5877102568767028	0.2626484715440258
0.0	0.0	0.0	1.0
26	37	135
0.13757855455541124	0.26802266116689166	-0.9535387055789489	1.6106943745525686
-0.6054925438387705	0.7846279380399213	0.13318310118293436	-0.2826544145675022
0.7838691462620845	0.5590376042437489	0.2702336697623993	0.1168003147134513
0.0	0.0	0.0	1.0
30	34	136
0.8870950576544744	-0.06744981163865717	-0.45663210246280334	0.4777657920547088
-0.18706698458870424	0.8518502050029788	-0.48924145927962115	-0.028075781866422136
0.42198132615511075	0.519424571138721	0.7430545658740522	-0.4852532035684974
0.0	0.0	0.0	1.0
31	34	137
0.9630801816705602	-0.049501678833679626	-0.2646247635006155	0.3673270385105384
-0.09866680804880766	0.8496533596074799	-0.5180290755443921	-0.07059352927611008
0.2504825402234447	0.5250133151395602	0.8134001483255622	-0.3939260407663779
0.0	0.0	0.0	1.0
32	34	138
0.9857740137802347	-0.012786471080892104	-0.16758890533323978	0.24433211802857457
-0.06277272984117223	0.8969423880485217	-0.4376688019217922	-0.07480466337071102
0.15591383194314912	0.44196266784698596	0.8833799322222373	-0.30521281958953633
0.0	0.0	0.0	1.0
32	35	139
0.8833432826093169	-0.026343591859158622	-0.467985567615921	0.5659716399362265
-0.2726332894617871	0.783279162173894	-0.5586991922779421	-0.15289671069077115
0.38128154816356413	0.621111786354424	0.6847222917675851	-0.3681582200034147
0.0	0.0	0.0	1.0
33	35	140
0.9240521555882696	0.04670219562598352	-0.37940278711641273	0.43262845659387467
-0.2314834589877993	0.8582048347963169	-0.4581482494019214	-0.14979628500738562
0.3042088461588143	0.5111784312211954	0.8038368105801976	-0.24998922898583886
0.0	0.0	0.0	1.0
33	36	141
0.7927097616551115	-0.020066891932718944	-0.6092687445602706	0.6106951075227416
-0.39265487974161767	0.7477020695272695	-0.535503207238538	-0.17570078840071943
0.46629744908875115	0.6637310836488768	0.5848313828075388	-0.24374112450365956
0.0	0.0	0.0	1.0
33	37	142
0.5274829463529711	-0.0002974972928941264	-0.8495655849085243	0.6667457702209396
-0.5466017283273022	0.7654199794992019	-0.33964510892771316	-0.2898024122617976
0.6503755064240176	0.6435311706299788	0.40358329706146656	-0.13991911282904113
0.0	0.0	0.0	1.0
33	38	143
0.08912480441624618	-0.04291328867355767	-0.9950954980122125	0.6116590923081746
-0.44580594476056984	0.8916911693301321	-0.07838221544145516	-0.3562718584520472
0.8906815492531048	0.4506053795608925	0.06034078688379981	0.22721783352425146
0.0	0.0	0.0	1.0
34	36	144
0.834098126734672	0.13622396133956208	-0.5345307116237991	0.41266189965654815
-0.34195305181440766	0.8880601337981757	-0.3072738228226539	-0.11935248773526777
0.4328374715696906	0.439081052960092	0.7873115163961519	-0.15736116314787219
0.0	0.0	0.0	1.0
34	37	145
0.5871678665755733	0.23711308236968526	-0.773958122891309	0.47369730542999183
-0.5093097723216491	0.851374258598337	-0.12556026476177864	-0.18263333001429832
0.629156099850788	0.46790958532479027	0.6206635658991712	-0.10673977909952131
0.0	0.0	0.0	1.0
34	38	146
0.15982913569555765	0.2561980784854005	-0.9533188725164173	0.4545400670278211
-0.42570276808404595	0.8892065267410492	0.16759681936398246	-0.21319721190721366
0.8906354601543809	0.37904375453415623	0.2511853557584784	0.15868291045404884
0.0	0.0	0.0	1.0
35	37	147
0.8097354864107318	0.26686815198593083	-0.5225992419786519	0.22576283266922623
-0.3404794069013117	0.9390242432464015	-0.04803416709001148	-0.013847013177711639
0.4779145454589118	0.21682937904265165	0.8512242771582822	-0.10140140881281902
0.0	0.0	0.0	1.0
35	38	148
0.45789390952626324	0.3984420243151368	-0.7947182166801823	0.2745752977304426
-0.34056559554955834	0.9043610755834063	0.25718863492658106	-0.009169172503573925
0.8211870040469701	0.15288863325876667	0.5497970220161509	0.032294450303010536
0.0	0.0	0.0	1.0
35	47	150
-0.03453778510065379	0.4704618075809656	-0.8817441291322464	0.2977866452102975
-0.4197208448851316	0.7938653694458516	0.4400137304302793	-0.12484804453511394
0.9069958808524387	0.3852835430735211	0.17004419214553637	0.1197356312497008
0.0	0.0	0.0	1.0
