0	32	1
0.5308129328560536	-0.3396480642225435	0.7764513845647412	-0.30288162017496123
0.14164994885445228	0.9388474241127125	0.31384841872579455	0.14198203544247245
-0.8355674446289356	-0.05661052919752315	0.5464634721153371	0.2693704469150871
0.0	0.0	0.0	1.0
0	33	2
0.5295189551187843	-0.3573275803037663	0.7693677384221841	-0.2937435628020064
0.09239217338256438	0.9258523617025907	0.3664166086047361	0.18397016349634596
-0.8432517102545641	-0.12294100689000785	0.5232705711514039	0.27095981013829923
0.0	0.0	0.0	1.0
0	34	3
0.49930442576411205	-0.36413640870801134	0.7861931746655826	-0.2743290735641755
0.07564677552776315	0.9222535548262998	0.37911201327303073	0.18892069556420965
-0.8631179900266115	-0.12981935994071586	0.4880309881442624	0.2722757575140328
0.0	0.0	0.0	1.0
0	35	4
0.4426507209909326	-0.3725335155547731	0.8156464358973189	-0.25059927972411494
0.04356572563012603	0.9174756119962266	0.39539920885365587	0.20847630866486844
-0.8956352171499664	-0.13948955441563143	0.42235090276447473	0.2832049401904204
0.0	0.0	0.0	1.0
0	41	5
0.26482209331206424	-0.34179456742776826	0.9016904343491546	-0.23499392269848082
0.6387798640442099	0.7626665059694339	0.10148963051187258	-0.18839380772115158
-0.7223776931701538	0.5491050625449734	0.42030235766126073	0.17285176459874532
0.0	0.0	0.0	1.0
1	32	6
0.5381547105218367	-0.3317746356337404	0.7747999937208327	-0.30063070911158707
0.13977909528877377	0.9416681829534226	0.30614196228284907	0.14420110802950858
-0.8311747025152673	-0.05645090513046422	0.5531383331388829	0.26771411825690233
0.0	0.0	0.0	1.0
1	33	7
0.5368870925538969	-0.34950947954811684	0.7678511677682904	-0.29153227188576336
0.0909766582948303	0.9288270900105132	0.3591706669896619	0.1861092756467759
-0.838734537741347	-0.12297756525622289	0.5304724236039232	0.269151855232111
0.0	0.0	0.0	1.0
1	34	8
0.5068307760949763	-0.35633316599310916	0.7849517074777037	-0.2721889199065673
0.07434348362934505	0.9252439250829121	0.37201712646716156	0.19102581644914107
-0.8588338968345562	-0.13019369592204322	0.4954331276240612	0.2703463750462007
0.0	0.0	0.0	1.0
1	35	9
0.45043832631582337	-0.3647731318007289	0.8148900963653204	-0.2485895637364199
0.04240753748150387	0.920438941679024	0.3885792158981778	0.210506932712053
-0.8917998837707611	-0.14047350716870402	0.43007009843182903	0.28106673613036404
0.0	0.0	0.0	1.0
1	41	10
0.27312474888196325	-0.3342161007411628	0.9020545362202196	-0.2333228373493362
0.6360869185475191	0.7661986739380939	0.09128586141494109	-0.18531218717448342
-0.7216622021518158	0.5488527312341837	0.42185826796683723	0.17218438378619674
0.0	0.0	0.0	1.0
2	32	11
0.5510135982853819	-0.35625412573480225	0.7546303971104623	-0.2993387432647977
0.13599993920391712	0.9305411153144879	0.33999593771937897	0.15636214991392117
-0.8233395853042509	-0.08471273901784435	0.5611913348449212	0.26941526035623614
0.0	0.0	0.0	1.0
2	33	12
0.5498014440528529	-0.37372248468530533	0.747027449357472	-0.29047470333941794
0.08800634269699648	0.9152668118003788	0.3931177330409427	0.19838252544851073
-0.8306463463299394	-0.15039357455096578	0.5361048888781019	0.26999024125498056
0.0	0.0	0.0	1.0
2	34	13
0.5200298646749891	-0.3814542362236297	0.7642392568220663	-0.2711385303722396
0.07157359836431976	0.911052401993826	0.4060303906944778	0.2033163677473392
-0.851144042056522	-0.15644861433312884	0.5010764700870352	0.27088769197370105
0.0	0.0	0.0	1.0
2	35	14
0.4641073778707843	-0.391519693241687	0.794554439700486	-0.24751712880551732
0.03989885145053384	0.9053418134380063	0.4228052178803302	0.22280746876208446
-0.8848799408354617	-0.16452525351869715	0.4357969646005858	0.2810930989544922
0.0	0.0	0.0	1.0
2	41	15
0.2877078901637392	-0.3658521958226079	0.885085503016481	-0.23159669896031895
0.6308753851171367	0.7677192878581595	0.11226481412567918	-0.17579868377253074
-0.7205695098647336	0.5260792067220986	0.4516859506040774	0.17986342709963535
0.0	0.0	0.0	1.0
3	32	16
0.5522369746370855	-0.390420261921106	0.7366180825936562	-0.29727548168450635
0.12379280742512895	0.9121729593133346	0.3906608666280863	0.18045008202484403
-0.824445060725655	-0.12454933899839864	0.5520668147333839	0.264856302322841
0.0	0.0	0.0	1.0
3	33	17
0.5512585698662785	-0.4074620495141741	0.728071859324477	-0.2888614496172184
0.07577719484800113	0.8934825737690582	0.442658795817567	0.22212333796097392
-0.8308861863401152	-0.18884819011594078	0.5234161464081325	0.263741971808548
0.0	0.0	0.0	1.0
3	34	18
0.5215134988600376	-0.4164595217025263	0.7447046398007384	-0.26981528768403656
0.059345329941135866	0.8883838732495809	0.4552496691723578	0.226922809397473
-0.8511766998931123	-0.19322409979295005	0.4880190346825997	0.2640866229622189
0.0	0.0	0.0	1.0
3	35	19
0.4655963966521523	-0.4287997849872625	0.7741773994677325	-0.24665476003419304
0.027675266656602106	0.8814063655371025	0.4715474183368378	0.24614981507552414
-0.8845643633237679	-0.19812522104681715	0.4222467053921195	0.273369057734284
0.0	0.0	0.0	1.0
3	41	20
0.2885616258224965	-0.41011957355295414	0.8651785593164507	-0.23095773380065795
0.6214121538115321	0.7676664079513639	0.15663746115625254	-0.1528992274008543
-0.7284085907088987	0.4924330339959634	0.47637232902792587	0.1888342837470405
0.0	0.0	0.0	1.0
3	42	21
0.17310721378191654	-0.4194317102159012	0.891128957501578	-0.2515487603511336
0.6413330178184345	0.7346813536787912	0.22121302803473958	-0.14233849006987206
-0.7474796317866874	0.5332169892648496	0.39617403695665987	0.15766009000076853
0.0	0.0	0.0	1.0
4	32	22
0.5536328248081853	-0.44334392209177903	0.704937503630596	-0.2918612908802255
0.15115109003213617	0.8859433614434902	0.43847201411769116	0.20368840441480462
-0.8189286485384728	-0.13620046561896612	0.5574992802817965	0.26136789400832555
0.0	0.0	0.0	1.0
4	33	23
0.5521243573769985	-0.45985673708325364	0.6954786892487234	-0.283883645460564
0.1034783860471832	0.8654904641189662	0.4901209026209754	0.24515636803572424
-0.8273155755388845	-0.1986406935073049	0.5254435765459884	0.2586230763058916
0.0	0.0	0.0	1.0
4	34	24
0.5224229710912205	-0.46908354153531456	0.7120638360364517	-0.26508784724666384
0.08711783656029856	0.8600759099473202	0.5026727207193009	0.24985293536665998
-0.8482244923085669	-0.2005743437778787	0.49018896897501846	0.25831057819991926
0.0	0.0	0.0	1.0
4	35	25
0.46667000478878057	-0.48176330368638887	0.7417029836005149	-0.24232869521832942
0.05553518445538019	0.8529280784058845	0.519066010911291	0.2688484410547798
-0.8826862880582467	-0.20104195750884335	0.4247907824956396	0.26647270881977847
0.0	0.0	0.0	1.0
4	41	26
0.29149081273057287	-0.46413401734047627	0.8364285669502819	-0.22680100879056328
0.6416934575163119	0.7433458667436353	0.18885572898351308	-0.13073805035471955
-0.7094100790053331	0.4816810341792053	0.5145102092864395	0.19738448711790116
0.0	0.0	0.0	1.0
4	42	27
0.17624362127453091	-0.4722335906345332	0.8636745546007354	-0.24829406340701868
0.661777254291035	0.7063705377796013	0.2511800889969572	-0.11992754092096185
-0.7286899817896125	0.5272913138398831	0.4370067170043863	0.16594612275612164
0.0	0.0	0.0	1.0
5	33	29
0.546356641988933	-0.49752824751787034	0.6737656647480305	-0.26526809672438345
0.10369920697653177	0.83843937066013	0.5350382974774103	0.2601348963720837
-0.8311082770995067	-0.22245278453540202	0.5096800957591812	0.25679939470557595
0.0	0.0	0.0	1.0
5	34	30
0.5165249928130661	-0.5074886533657867	0.6896790627461336	-0.2465918040438902
0.08724556823439694	0.8324436378687073	0.5471981500394947	0.2648300865403196
-0.8518157902626556	-0.22247011473722894	0.4742540081139893	0.2555173601688456
0.0	0.0	0.0	1.0
5	35	31
0.46055300051347703	-0.5214741796093004	0.7183005461984322	-0.2240637269958474
0.055541307051475135	0.8245766845703129	0.5630173182233121	0.2836871955085427
-0.8858928607580467	-0.2194040052470332	0.408724558273808	0.26195352035528097
0.0	0.0	0.0	1.0
5	41	32
0.2848829052984903	-0.5081088065186504	0.8128143378422281	-0.20895733579826045
0.6432383331174003	0.7300192892358449	0.2309033878527433	-0.11498692038497894
-0.7106941357809683	0.457052999186907	0.5348049787315595	0.20016405408927931
0.0	0.0	0.0	1.0
5	42	33
0.16944869293624726	-0.5171640604631291	0.838944888755443	-0.23149936070834523
0.6628211954398142	0.689776917451277	0.2913345257749757	-0.1028800495858037
-0.7293525695866759	0.5067043122225383	0.4596690148568655	0.1671877909448023
0.0	0.0	0.0	1.0
6	32	34
0.5410176692552835	-0.46363676400305004	0.7016700137088105	-0.22612814422380886
0.14669574139920355	0.8735509441299429	0.4641003730163605	0.20361321692416778
-0.8281185287183743	-0.14815452274839833	0.5406200851188566	0.2626453092707393
0.0	0.0	0.0	1.0
6	33	35
0.5396126127635196	-0.4798889818820615	0.6917549266062603	-0.21816332863659715
0.09814523695363173	0.8518997857918451	0.5144262234128778	0.24642602729435545
-0.8361733378904378	-0.2096984318158743	0.5067946759153957	0.2599316621054692
0.0	0.0	0.0	1.0
6	41	36
0.2767500709380168	-0.48702140370228414	0.8283836919443035	-0.16353734882481272
0.6407466530410729	0.7359668260721458	0.21862439420367172	-0.12102639957102125
-0.7161376533439098	0.470279797247495	0.5157362006866145	0.18235527429062473
0.0	0.0	0.0	1.0
7	32	37
0.5450249596754038	-0.4125256854396948	0.7299110631021358	-0.1728956139951196
0.12426004978328582	0.9007095308497242	0.41627123182856335	0.1775880561571927
-0.8291605358002919	-0.1361794585115043	0.5421697117124324	0.2610719462934833
0.0	0.0	0.0	1.0
7	33	38
0.544047424257636	-0.4293247805375558	0.7208970453262213	-0.16444307778052986
0.07577254422841535	0.8808066810557297	0.46737361051742193	0.22137535521671012
-0.835626074645409	-0.19964922656085332	0.511731645223053	0.26022421649778493
0.0	0.0	0.0	1.0
7	34	39
0.5141403827974941	-0.43865085512970936	0.7370515006376646	-0.14559556114969557
0.05922439923288561	0.8754340129678473	0.47969539594964355	0.22637242485498338
-0.8556588548869065	-0.20297937733092455	0.47607485466361454	0.25621133968583504
0.0	0.0	0.0	1.0
7	41	40
0.2802898123542362	-0.43464735512500685	0.8558733047873639	-0.11305303029467019
0.6231172664392967	0.7606093735976935	0.18220385020648963	-0.13356921710276876
-0.7301797116007729	0.482239614756819	0.4840273649019252	0.15393879104698766
0.0	0.0	0.0	1.0
8	32	41
0.5479984997004436	-0.37219448078888123	0.7491120225760691	-0.12985610585070426
0.11495593676468148	0.9205660544346355	0.37328711036791373	0.1531957379263703
-0.8285426234817171	-0.11844593868489188	0.5472548073153859	0.2719025428811093
0.0	0.0	0.0	1.0
8	33	42
0.5471961405338805	-0.3894100161961425	0.7409023173349387	-0.12096721026845492
0.06659374315571746	0.9026320220521372	0.425230193862865	0.19863461121482937
-0.8343511333220179	-0.18334488613678676	0.519848994892113	0.2727698929021429
0.0	0.0	0.0	1.0
8	34	43
0.5173588165351581	-0.398252239893256	0.7574529228521429	-0.10163945908296997
0.050081605401198555	0.8976874144644762	0.43777743544633824	0.20399795028784873
-0.854301918371052	-0.1885535920123749	0.4843716144612773	0.2676974330716155
0.0	0.0	0.0	1.0
8	39	44
0.39293181600340105	-0.38519638672239653	0.8350020013515461	-0.08531868319260658
0.4840186273229891	0.8587078863268683	0.16836462519227188	-0.11541056642961631
-0.7818763739611239	0.3380006703977576	0.5238558450390549	0.2016002762618465
0.0	0.0	0.0	1.0
8	40	45
0.3650525515203659	-0.40602334063187584	0.8377838273640169	-0.0871866558512661
0.5761435828418928	0.8053942739807894	0.13927953502176493	-0.15068716919662042
-0.7312971014607571	0.4318394667864385	0.5279389484366384	0.16031603513947626
0.0	0.0	0.0	1.0
9	32	46
0.5356513769288935	-0.3338255098269512	0.7756533370035019	-0.0732502857589966
0.11861823398897285	0.9391803480259401	0.3222886698974778	0.12544219345475338
-0.8360666153871488	-0.08062777370592789	0.5426710611804827	0.2921291263333861
0.0	0.0	0.0	1.0
9	33	47
0.534795125119112	-0.3514694491824526	0.7684162147667791	-0.0638804325883604
0.06947925118506831	0.9245994011878745	0.37455119437992257	0.17346408722567871
-0.8421204954427954	-0.1469191929686156	0.5188910483675224	0.2949315183909588
0.0	0.0	0.0	1.0
9	34	48
0.5046841908788902	-0.35912035405174164	0.7850645963265447	-0.04373607340121894
0.05277458586799017	0.9205052020382439	0.3871497968182767	0.17942792403254948
-0.8616894775331803	-0.15395695379317695	0.48351684994512134	0.28836393855122594
0.0	0.0	0.0	1.0
9	36	49
0.41084196277970725	-0.37509828923968686	0.830969406704337	-0.010536682226552237
0.10486605372732159	0.9248368361244781	0.36562270148508497	0.11930231023090429
-0.9056555992671945	-0.06307269034857882	0.4192968515424298	0.2900423395945721
0.0	0.0	0.0	1.0
9	39	50
0.3794561077511276	-0.34069660651482203	0.8601970472739677	-0.026089336965449218
0.48955095356695477	0.8628531355464408	0.12579441021562562	-0.14488125438647634
-0.7850815230017213	0.3733767917128859	0.49420320120720135	0.1989628305484994
0.0	0.0	0.0	1.0
10	32	51
0.555855672964669	-0.28796555258195283	0.7798077606895785	0.009904921035323382
0.10406431160099007	0.9548078669344697	0.2784108882779212	0.1024133930203298
-0.8247394201946647	-0.07360614544033363	0.5607023327902962	0.3191685122154105
0.0	0.0	0.0	1.0
10	33	52
0.5552520727312048	-0.3059274052057325	0.7733715162182003	0.01964891521193701
0.05614982795763197	0.9415560989406199	0.33214363261567414	0.15399343277098973
-0.8297845560928174	-0.14099879443480498	0.5399787098822568	0.32356689489434504
0.0	0.0	0.0	1.0
10	34	53
0.5256007265670202	-0.31344836967884354	0.7908816862568526	0.0408041090672237
0.03975451700757188	0.9376831668128222	0.34520989671731594	0.16075156871170082
-0.8498020090293962	-0.15000149416173245	0.5053079460168275	0.31444829550566794
0.0	0.0	0.0	1.0
10	36	54
0.43292062402838394	-0.32929641896696543	0.8391325672126585	0.0763190380591916
0.09136539901131802	0.9421237915765117	0.32257590555079524	0.09985834441122152
-0.8967898993540921	-0.06298211022827273	0.43795112551244564	0.3059878294869142
0.0	0.0	0.0	1.0
11	32	55
0.5615805842465852	-0.26953458875473985	0.7822903964925649	0.08129865463751074
0.10424060292012927	0.9609689738155016	0.2562665544257099	0.08167209956853283
-0.8208295250370798	-0.06236791682655941	0.5677579997143383	0.34244529886228214
0.0	0.0	0.0	1.0
11	33	56
0.5609655963848215	-0.28763699366942436	0.7762619276609023	0.09138219015405369
0.05671101813973692	0.9488460786480494	0.310604282261495	0.13631398892224023
-0.8258943526362131	-0.1302157285693017	0.5485821604749045	0.34828228180083975
0.0	0.0	0.0	1.0
11	34	57
0.5314456793903075	-0.29481198454835994	0.7941355731341602	0.11341262917063588
0.04041056785109677	0.9452401467559043	0.3238642079152283	0.14375709819665605
-0.84612789823383	-0.14002478950010344	0.5142573150882609	0.3369930537961592
0.0	0.0	0.0	1.0
11	36	58
0.43911938400582695	-0.3097256497915657	0.8433529123898813	0.15093305887832642
0.09186057940802728	0.949256375326118	0.3007889871860571	0.08219818476341101
-0.8937201861914988	-0.05461140585744702	0.4452884497813686	0.3197697840469438
0.0	0.0	0.0	1.0
12	31	59
0.5883645011524208	-0.22291638053016646	0.7772615337799631	0.11845901135516655
0.14950574698830837	0.9746652510230578	0.16635964091667002	0.010297579937474545
-0.7946542830743106	0.018324958022138196	0.6067857515486432	0.3351241111241616
0.0	0.0	0.0	1.0
12	32	60
0.5838124455502279	-0.22415039024002728	0.7803328553305596	0.12705680600925678
0.10988155634700353	0.9741043280109459	0.19760237274460818	0.04810002338921333
-0.8044185160473674	-0.02961855292784327	0.5933242845339737	0.34823990655487536
0.0	0.0	0.0	1.0
12	33	61
0.5830568448879917	-0.24256928294360713	0.7753739115118341	0.1377596715584087
0.0639200773915939	0.9651251138115147	0.2538654244602271	0.10411431334416757
-0.8099130054761893	-0.09845603073501158	0.578227845776826	0.35645422344992816
0.0	0.0	0.0	1.0
12	34	62
0.5540633399688414	-0.24870458208600668	0.794455528477098	0.16014265421228335
0.04800519138975209	0.9622875181491202	0.26776497633762253	0.11183943601955348
-0.8310892705826333	-0.11022079171679905	0.5451073846721197	0.34420677146354917
0.0	0.0	0.0	1.0
12	36	63
0.463183250959417	-0.26076304693742386	0.8470322621006208	0.1982235706864084
0.09877865924168831	0.9649698143666383	0.2430554585229579	0.05029391250187171
-0.8807406753080663	-0.028910526875217554	0.4727157219192721	0.32021120281712895
0.0	0.0	0.0	1.0
12	37	64
0.4823159681829649	-0.21890082668504832	0.848206018578267	0.1846896933306411
0.2221918028597548	0.9671803151662223	0.12326005521259738	-0.07960663613731062
-0.8473501608772591	0.12901414593994037	0.5151245183270858	0.29931567165364364
0.0	0.0	0.0	1.0
12	38	65
0.4719802042057152	-0.22389794645619435	0.8527040514792125	0.1813772441679232
0.3399720955037462	0.9386278256173465	0.058281362741971564	-0.16130920659494608
-0.8134211253580177	0.2623879031289294	0.519132843467726	0.2597129154496019
0.0	0.0	0.0	1.0
13	27	66
0.6339703054681672	-0.1364945668480864	0.7612166334520548	0.11275946673051361
0.3746228737341545	0.9153089912945264	-0.1478751662205949	-0.2436811752072135
-0.676564475449157	0.3789177779763044	0.6314127103924572	0.1846577499071088
0.0	0.0	0.0	1.0
13	28	67
0.5943960935506206	-0.12705943335949174	0.7940714099357785	0.130668275738782
0.33205040223508336	0.9381102878305558	-0.09844670539060761	-0.20389228772031226
-0.7324180240798335	0.3221880292381725	0.5997991492913488	0.20665068641754702
0.0	0.0	0.0	1.0
13	29	68
0.6095796736482687	-0.13401878052032157	0.7813139074119191	0.1317837694126973
0.2735643454087626	0.9606221499492629	-0.048658833995719734	-0.15076975102631882
-0.7440264560908041	0.24340106869469316	0.6222384618986123	0.2391239814833832
0.0	0.0	0.0	1.0
13	30	69
0.6039444624374808	-0.1313776099732296	0.7861239867090011	0.1478064918542321
0.19700394778818786	0.9803232366135356	0.012482858559358375	-0.0910464235467652
-0.7722958026701615	0.14733059660478165	0.6179427016784528	0.27144025773971514
0.0	0.0	0.0	1.0
13	31	70
0.6010148971031902	-0.13600887854402938	0.7875803667822956	0.15619183481895185
0.14095331858862503	0.9880060315662336	0.063057082899017	-0.04201607526307299
-0.7867105796256418	0.0731138291852356	0.6129771925253232	0.29679622112058246
0.0	0.0	0.0	1.0
13	32	71
0.5965177358965497	-0.13696352846151755	0.7908270869092336	0.16465161421649213
0.1017545135278861	0.9902865874657673	0.09475490957344763	-0.0060387561488226636
-0.7961235958794454	0.023947238384526098	0.6046601424963429	0.31239113983689265
0.0	0.0	0.0	1.0
13	33	72
0.5958994353442979	-0.15580166802815718	0.787800553469395	0.17644066155376104
0.05664306460951866	0.9867107068016673	0.15229433243240942	0.048306382097106554
-0.80105908550813	-0.04612867628541766	0.5968053431774513	0.3245360918494679
0.0	0.0	0.0	1.0
13	34	73
0.567230224809325	-0.16021639953456393	0.8078245358818681	0.19784219801369168
0.04094566911247254	0.9851675741296158	0.1666380980736666	0.055451900408799104
-0.8225408667514083	-0.06144525836808289	0.5653769423213807	0.31213340094239456
0.0	0.0	0.0	1.0
13	35	74
0.5130772991972273	-0.16468997772543892	0.8423947033577784	0.22327345967672432
0.010258657493552793	0.9825268705141548	0.18583782184157316	0.07584485851763034
-0.8582812256281486	-0.08670734180712082	0.5058016951282992	0.29741055146585027
0.0	0.0	0.0	1.0
13	36	75
0.477191950889738	-0.16766550210900352	0.862656374154452	0.23243472091011563
0.09135517811315791	0.9857769393986893	0.14106056471260509	-0.003913291271118647
-0.8740379009111008	0.01149515444571419	0.4857218873619255	0.2812152075363969
0.0	0.0	0.0	1.0
14	27	77
0.6783595801452291	-0.056573808872506834	0.7325486710945076	0.1283225534490527
0.347496372373073	0.9031733179284733	-0.2520399509509254	-0.27404387012312476
-0.6473596521527442	0.4255319099465259	0.6323355147387367	0.13442021211740252
0.0	0.0	0.0	1.0
14	28	78
0.6405165776946607	-0.04473213532558806	0.7666405768230754	0.14397866039469565
0.30732763361027293	0.9298050818672627	-0.2025151227926618	-0.2375143312467265
-0.7037673079843354	0.36532411773860346	0.6093029621715574	0.15786231445576115
0.0	0.0	0.0	1.0
14	29	79
0.6550935818135349	-0.0526142628909028	0.7537134552050269	0.14612425949551658
0.2512995813380077	0.9559496826239208	-0.15168647279806988	-0.18815939200709492
-0.7125313605603033	0.2887767415057633	0.639458463828764	0.19347008704569008
0.0	0.0	0.0	1.0
14	30	80
0.6496865727116704	-0.049623936276298866	0.7585807383510834	0.16176065809178564
0.1779236251651793	0.980077437966285	-0.08826917638566764	-0.13282780680135178
-0.7390877069384083	0.19231677779215797	0.6455724771538299	0.22963701993589253
0.0	0.0	0.0	1.0
14	31	81
0.6469359301305347	-0.05414368458747405	0.7606198273828049	0.17025514829911378
0.12466483080013542	0.9915654456595718	-0.03544894739335288	-0.08677214415239023
-0.7522849877850032	0.11775576361762756	0.6482291170766886	0.25823418238020035
0.0	0.0	0.0	1.0
14	32	82
0.6426482956691618	-0.05486085597269866	0.764194580459517	0.17856564001744918
0.08727331515388877	0.996182651638321	-0.0018773046028269492	-0.05266730920231704
-0.761174444788154	0.06790025089298453	0.6449829908783855	0.27605807998493614
0.0	0.0	0.0	1.0
14	33	83
0.6422342846316395	-0.07390463236765088	0.7629372454328603	0.1913033173422701
0.04554913340993491	0.997261780251838	0.058260394395688614	-0.0004975657796062188
-0.7651538854823766	-0.0026656968905645066	0.6438419473524092	0.29159387502055445
0.0	0.0	0.0	1.0
14	34	84
0.6148297825096939	-0.0768747495387063	0.7849041498630046	0.21168171317486395
0.030716976618469418	0.9968169904212527	0.07356863878988376	0.005992963258151129
-0.7880614142998644	-0.02112231227382745	0.6152341246634283	0.2797266950659022
0.0	0.0	0.0	1.0
14	35	85
0.5628061835722495	-0.07893591713990562	0.82281120707282	0.23504120478916396
0.0012167424565052392	0.9955078658224937	0.09467118863813215	0.025223079876099206
-0.82658802820856	-0.052280391841207516	0.5603740251682172	0.2659960782411769
0.0	0.0	0.0	1.0
14	36	86
0.528183226284229	-0.08055644792938772	0.8453005770618469	0.24287083150935507
0.07958617587030657	0.9958040772159847	0.0451701339670817	-0.0513712290143849
-0.8453925309541946	0.04341613399109961	0.5323781759258158	0.24479069676605567
0.0	0.0	0.0	1.0
14	37	87
0.5458111861598094	-0.03883877111427188	0.8370075254204314	0.22628198483237016
0.19451961304322402	0.9775080606716242	-0.08148762675271086	-0.16929811946030626
-0.815016794315827	0.20729127562229238	0.541089723170892	0.2085249644581964
0.0	0.0	0.0	1.0
14	38	88
0.5359897973998088	-0.043101019044281985	0.8431234943689778	0.2226091367268351
0.30863755321447645	0.9395674094365905	-0.14817551027421805	-0.23738792112528195
-0.7857849490463209	0.3396401288439954	0.5169011388838871	0.15710008471502593
0.0	0.0	0.0	1.0
15	27	89
0.7775624484095223	-0.04009913072586902	0.6275256228313325	0.1261703023541625
0.28086630571380805	0.9150275882399748	-0.2895487130886716	-0.2457574887186958
-0.5625928450250235	0.40139319507787674	0.7227537512016206	0.12193483379080247
0.0	0.0	0.0	1.0
15	28	90
0.744651059970528	-0.02964429993204096	0.6667953741174041	0.14087891605479094
0.2474225024990651	0.9400978161743967	-0.23451705872653972	-0.21016883311175932
-0.619900869908741	0.3396135491122247	0.7073795721301459	0.14360567102282262
0.0	0.0	0.0	1.0
15	29	91
0.7574564386340332	-0.036991835804871843	0.6518366481096582	0.1433184857465368
0.1984906155779005	0.9641826678790985	-0.17593527560735214	-0.16204725473876766
-0.6219816726696275	0.26264679526751994	0.7376690420853421	0.17701042598994343
0.0	0.0	0.0	1.0
15	30	92
0.7527149315691913	-0.03420028378234655	0.6574574664174764	0.1588460000334111
0.13425796210802218	0.9856374182776823	-0.1024383790650357	-0.10848447534214986
-0.6445115106679428	0.16537584208497358	0.7464958399896292	0.21067538579183875
0.0	0.0	0.0	1.0
15	31	93
0.7504198611810519	-0.03881544584740224	0.6598207211684379	0.16716938087706482
0.08878612778938995	0.9951462822332302	-0.042435509375265607	-0.06394803071466736
-0.6549711307304759	0.09042740605722027	0.7502239047243475	0.2374935356835636
0.0	0.0	0.0	1.0
15	32	94
0.7467109841692757	-0.03968694337632015	0.6639633929871729	0.1753353899095275
0.056461658508021546	0.9983974160879275	-0.003821285534556459	-0.03092168739645857
-0.6627478881075565	0.04034188511918265	0.747755242399054	0.2542101974037761
0.0	0.0	0.0	1.0
15	33	95
0.7466875131058779	-0.05872627581681434	0.6625774110919557	0.18769946755529832
0.023756861807037163	0.9978140015098688	0.06166665907724281	0.019585241843565998
-0.6647506539160861	-0.030304960931740104	0.7464504670572188	0.26826300070422543
0.0	0.0	0.0	1.0
15	34	96
0.7228081225269827	-0.06267812576019194	0.6882002705369038	0.20720187581814414
0.011287199909374454	0.9968161492784932	0.07893063659733512	0.025568568479414133
-0.6909565777528017	-0.04928384937261523	0.7212143786908528	0.25611815267482146
0.0	0.0	0.0	1.0
15	35	97
0.6768273455698471	-0.06658129582057835	0.7331244518797334	0.2290342300172681
-0.014838452686058781	0.9944650069215039	0.10401485015713305	0.0439363794009453
-0.7359922540856213	-0.08127853219578764	0.6720932657107936	0.24203015893710697
0.0	0.0	0.0	1.0
15	36	98
0.6458416135116772	-0.06941066650616924	0.7603094899860432	0.23588791025694933
0.05559914008755585	0.9974904372014004	0.04383509088901322	-0.030540811244250933
-0.7614442482582146	0.013962032856018205	0.6480801154129545	0.2229281937881464
0.0	0.0	0.0	1.0
15	37	99
0.6608540799088741	-0.027117379507398568	0.7500241707428476	0.2205759688959711
0.1517223905038582	0.9835405613751391	-0.09812388762460285	-0.1448466359728467
-0.7350185551783902	0.17864106877425423	0.654091221714324	0.19035348047095982
0.0	0.0	0.0	1.0
15	38	100
0.6521397621336688	-0.03171901475268329	0.7574347807159484	0.21655324531287864
0.25620234904442246	0.9495598105453683	-0.18082164865654904	-0.210724232715261
-0.7134943925097206	0.3119775473655894	0.6273723277647845	0.14250521110473768
0.0	0.0	0.0	1.0
15	39	101
0.617722370794999	-0.029655564317967353	0.7858367834606348	0.21150276477207167
0.37703189685749444	0.888117392809768	-0.26285789888072625	-0.25360601855373094
-0.6901203155309229	0.45865874111211	0.5597911917188672	0.059638493418768826
0.0	0.0	0.0	1.0
15	40	102
0.5945009943247854	-0.04965163830180913	0.8025603771240456	0.21142350745608557
0.46744165160879997	0.8334579692068688	-0.2946967814704989	-0.2634631214104521
-0.6542683058119544	0.5503477577027649	0.5187009160129378	0.000730086441656522
0.0	0.0	0.0	1.0
16	32	103
0.8374935705664984	-0.12604042159507436	0.5317126232765567	0.16214245459133775
0.06159965247476871	0.9886093010805798	0.13732117064324878	0.056811954287365025
-0.542964105002843	-0.0822523206354671	0.8357179177805094	0.2551460814023152
0.0	0.0	0.0	1.0
16	33	104
0.8371416347745824	-0.14465869366153522	0.5275109835199722	0.1728398959256666
0.03907274402161008	0.9777465079124963	0.20611907811474522	0.10689814014844437
-0.5455889682907107	-0.15193959777013646	0.8241643860383255	0.26299305943472895
0.0	0.0	0.0	1.0
16	34	105
0.817346102449306	-0.15277013614135257	0.5555237391510053	0.1919105910621276
0.02932432968276166	0.9739859325443346	0.2247029283472718	0.1127173767150097
-0.5754002598361778	-0.16736974663453758	0.8005634008698945	0.2495316018472712
0.0	0.0	0.0	1.0
16	35	106
0.7785912480264204	-0.16406711972696866	0.6057042849365272	0.2132754426570303
0.007237412209527708	0.9675009416295548	0.2527637203657376	0.1308115007523111
-0.6274897366951658	-0.19241593905617374	0.7544751029145577	0.23328401766601237
0.0	0.0	0.0	1.0
17	43	107
0.4969846830603099	-0.3029358569980011	0.8131642297661715	0.08803099679726177
0.5630362285732271	0.8256242626031904	-0.036535316531512076	-0.05211801798297578
-0.6603003249798722	0.47599851535653487	0.580886493414791	-0.07237984693797511
0.0	0.0	0.0	1.0
19	43	50
0.61932336	-0.35087781	0.70236977	0.08111808
0.50399464	0.86360920	-0.01297665	-0.03076476
-0.60201990	0.36202739	0.71169397	-0.04534553
0.00000000	0.00000000	-0.00000000	0.99999996
30	49	108
0.7194172051985466	-0.1618117344644772	0.6754670931470308	0.08862368079198923
0.26071913459339163	0.9642852905197572	-0.04668342978714489	-0.005578679012003242
-0.6437891705930229	0.20969216044823902	0.7359107158424754	-0.09434604505649294
0.0	0.0	0.0	1.0
31	46	109
0.678584067585771	-0.12539260772669747	0.7237403520916909	-0.1450776410132814
0.42987869651861116	0.8667479930064819	-0.252887765738592	-0.04984662226892562
-0.5955902843710841	0.48272629032105907	0.6420651354610487	-0.20103563994724366
0.0	0.0	0.0	1.0
31	47	110
0.6885155163554945	-0.1350252216299921	0.712540713246331	-0.08191430560373783
0.3897405349981082	0.8974670836025923	-0.20653098199381856	-0.051412531438928835
-0.6115950497669306	0.4199059248926946	0.6705449263074684	-0.16962634273074045
0.0	0.0	0.0	1.0
31	48	111
0.7195957991786562	-0.12269470835115098	0.6834674169811787	-0.0026063563177342376
0.3214338290966561	0.9313208038654422	-0.1712361501227775	-0.04678542667769302
-0.6155177432104514	0.3429104864047441	0.7096128190855938	-0.14609585636333192
0.0	0.0	0.0	1.0
31	49	112
0.7219058663196469	-0.10670935814857523	0.6837140237392687	0.07287650681813773
0.2556821624226609	0.9592530176412744	-0.12025085362046596	-0.03145060771530459
-0.6430228514631581	0.26162339453536476	0.7197740383203941	-0.11103709812677112
0.0	0.0	0.0	1.0
32	46	113
0.6826959209297639	-0.08798788554513412	0.7253856387123618	-0.1585588128848034
0.42730209278165826	0.8533608758631729	-0.2986438171499249	-0.06608562071081965
-0.5927387896153494	0.5138417727448095	0.62018349559571	-0.21682320290457552
0.0	0.0	0.0	1.0
32	47	114
0.6925793016241812	-0.09816220898680385	0.7146313467488297	-0.09509276144485371
0.3873754354892479	0.8863348880559201	-0.2536742382967289	-0.0687279477623068
-0.6085016380147147	0.45252024000985897	0.6518828861601241	-0.1844990959574872
0.0	0.0	0.0	1.0
32	48	115
0.723483481848475	-0.08727966152859992	0.6848020970078786	-0.015781562781514026
0.3192159944673384	0.9218507759305005	-0.2197549350191385	-0.06487587649906999
-0.6121053572397072	0.37758892696672675	0.6948048680946791	-0.1600186337947345
0.0	0.0	0.0	1.0
32	49	116
0.725772920933149	-0.0712996971634211	0.6842295222691991	0.059362070798735116
0.25370532310503785	0.9522468428902748	-0.1698808639942599	-0.05046251532987376
-0.6394430138208597	0.2968876886293838	0.7092040036564743	-0.12330908102735086
0.0	0.0	0.0	1.0
35	46	117
0.7522053136621591	0.018041777748658873	0.6586816777944619	-0.1842311834837968
0.369623436297951	0.815988950867448	-0.44445530246023285	-0.10640653538093788
-0.5454958007394198	0.5777859237967996	0.6071226725376048	-0.2263737833114447
0.0	0.0	0.0	1.0
35	47	118
0.7613107924450516	0.006761889692808598	0.6483517580510614	-0.12054118583367371
0.3332396021353988	0.8536919217083548	-0.400201614012105	-0.10967142087393529
-0.5561989099730151	0.5207344086706469	0.6476716194364527	-0.19171504060225536
0.0	0.0	0.0	1.0
35	48	119
0.7888245734573083	0.014315497972108527	0.6144516536279505	-0.042159425063209056
0.26761942657344484	0.8919813291490553	-0.36434746063233847	-0.10557650816874363
-0.5532953383759905	0.45184553338314576	0.6997856961520662	-0.16488969761049946
0.0	0.0	0.0	1.0
35	49	120
0.7905502516363825	0.030131060726462502	0.6116554698517321	0.03233258927672999
0.2063400359522989	0.9272806874692102	-0.3123687809464679	-0.09100714240477434
-0.5765883514577931	0.3731523294135867	0.7268446603649499	-0.12457427158826553
0.0	0.0	0.0	1.0
