0	32	1
0.5308129328560535	-0.3396480642225433	0.7764513845647407	-0.3028816201749648
0.14164994885445226	0.9388474241127124	0.31384841872579455	0.14198203544247257
-0.8355674446289355	-0.056610529197523116	0.5464634721153369	0.2693704469150862
0.0	0.0	0.0	1.0
0	33	2
0.529518955118784	-0.35732758030376616	0.7693677384221838	-0.2937435628020082
0.09239217338256417	0.9258523617025907	0.3664166086047362	0.18397016349634618
-0.8432517102545642	-0.1229410068900078	0.5232705711514037	0.27095981013829834
0.0	0.0	0.0	1.0
0	34	3
0.49930442576411166	-0.36413640870801117	0.7861931746655824	-0.2743290735641755
0.07564677552776315	0.9222535548262998	0.37911201327303073	0.18892069556420943
-0.8631179900266116	-0.1298193599407158	0.4880309881442624	0.27227575751403194
0.0	0.0	0.0	1.0
0	35	4
0.4426507209909327	-0.3725335155547731	0.8156464358973189	-0.2505992797241167
0.043565725630126	0.9174756119962265	0.3953992088536558	0.208476308664868
-0.8956352171499664	-0.13948955441563143	0.42235090276447473	0.28320494019041864
0.0	0.0	0.0	1.0
0	41	5
0.2648220933120639	-0.34179456742776837	0.9016904343491544	-0.23499392269848082
0.6387798640442098	0.7626665059694338	0.10148963051187258	-0.1883938077211518
-0.7223776931701539	0.5491050625449732	0.4203023576612607	0.17285176459874577
0.0	0.0	0.0	1.0
1	32	6
0.5381547105218367	-0.33177463563374016	0.7747999937208323	-0.3006307091115906
0.13977909528877377	0.9416681829534226	0.3061419622828491	0.1442011080295087
-0.8311747025152673	-0.05645090513046419	0.5531383331388828	0.26771411825690233
0.0	0.0	0.0	1.0
1	33	7
0.5368870925538965	-0.3495094795481167	0.7678511677682902	-0.2915322718857669
0.09097665829483009	0.9288270900105132	0.35917066698966194	0.1861092756467759
-0.8387345377413471	-0.12297756525622282	0.5304724236039231	0.2691518552321092
0.0	0.0	0.0	1.0
1	34	8
0.506830776094976	-0.35633316599310905	0.7849517074777035	-0.2721889199065673
0.07434348362934506	0.9252439250829121	0.37201712646716156	0.19102581644914085
-0.8588338968345562	-0.13019369592204322	0.4954331276240612	0.2703463750461998
0.0	0.0	0.0	1.0
1	35	9
0.4504383263158235	-0.3647731318007289	0.8148900963653204	-0.2485895637364217
0.042407537481503846	0.9204389416790238	0.38857921589817773	0.21050693271205212
-0.8917998837707611	-0.140473507168704	0.43007009843182903	0.28106673613036226
0.0	0.0	0.0	1.0
1	41	10
0.2731247488819629	-0.334216100741163	0.9020545362202194	-0.2333228373493362
0.636086918547519	0.7661986739380938	0.09128586141494112	-0.18531218717448342
-0.7216622021518159	0.5488527312341834	0.4218582679668371	0.1721843837861963
0.0	0.0	0.0	1.0
2	32	11
0.5510135982853818	-0.35625412573480203	0.7546303971104619	-0.29933874326480125
0.1359999392039171	0.9305411153144879	0.339995937719379	0.15636214991392128
-0.8233395853042509	-0.08471273901784429	0.561191334844921	0.26941526035623525
0.0	0.0	0.0	1.0
2	33	12
0.5498014440528525	-0.37372248468530517	0.7470274493574717	-0.2904747033394215
0.08800634269699628	0.9152668118003788	0.3931177330409428	0.19838252544851073
-0.8306463463299397	-0.1503935745509657	0.5361048888781019	0.2699902412549788
0.0	0.0	0.0	1.0
2	34	13
0.5200298646749888	-0.38145423622362956	0.7642392568220661	-0.2711385303722396
0.07157359836431976	0.911052401993826	0.4060303906944779	0.2033163677473392
-0.8511440420565222	-0.15644861433312882	0.5010764700870352	0.27088769197370016
0.0	0.0	0.0	1.0
2	35	14
0.4641073778707845	-0.391519693241687	0.794554439700486	-0.2475171288055191
0.03989885145053382	0.9053418134380062	0.42280521788033015	0.22280746876208402
-0.8848799408354617	-0.16452525351869712	0.4357969646005858	0.2810930989544904
0.0	0.0	0.0	1.0
2	41	15
0.2877078901637389	-0.3658521958226081	0.8850855030164808	-0.23159669896031895
0.6308753851171366	0.7677192878581593	0.11226481412567918	-0.1757986837725314
-0.7205695098647336	0.5260792067220984	0.4516859506040773	0.1798634270996358
0.0	0.0	0.0	1.0
3	32	16
0.5522369746370854	-0.3904202619211058	0.7366180825936558	-0.2972754816845099
0.12379280742512894	0.9121729593133346	0.39066086662808636	0.18045008202484414
-0.824445060725655	-0.12454933899839858	0.5520668147333837	0.26485630232284013
0.0	0.0	0.0	1.0
3	33	17
0.5512585698662781	-0.4074620495141739	0.7280718593244768	-0.28886144961722016
0.07577719484800091	0.8934825737690582	0.4426587958175671	0.22212333796097392
-0.8308861863401155	-0.18884819011594073	0.5234161464081324	0.26374197180854714
0.0	0.0	0.0	1.0
3	34	18
0.5215134988600372	-0.4164595217025262	0.7447046398007382	-0.26981528768403656
0.059345329941135866	0.8883838732495809	0.4552496691723578	0.226922809397473
-0.8511766998931124	-0.19322409979295002	0.4880190346825997	0.264086622962218
0.0	0.0	0.0	1.0
3	35	19
0.4655963966521524	-0.4287997849872625	0.7741773994677323	-0.2466547600341966
0.02767526665660208	0.8814063655371024	0.4715474183368378	0.2461498150755237
-0.8845643633237679	-0.19812522104681715	0.42224670539211945	0.27336905773428133
0.0	0.0	0.0	1.0
3	41	20
0.28856162582249617	-0.41011957355295425	0.8651785593164505	-0.23095773380065973
0.621412153811532	0.7676664079513638	0.15663746115625254	-0.15289922740085451
-0.7284085907088987	0.4924330339959632	0.47637232902792576	0.1888342837470414
0.0	0.0	0.0	1.0
3	42	21
0.1731072137819168	-0.4194317102159016	0.8911289575015777	-0.25154876035113716
0.6413330178184345	0.7346813536787912	0.22121302803473958	-0.14233849006987195
-0.7474796317866873	0.5332169892648496	0.39617403695665987	0.15766009000076764
0.0	0.0	0.0	1.0
4	32	22
0.5536328248081852	-0.44334392209177875	0.7049375036305955	-0.29186129088022905
0.15115109003213612	0.8859433614434901	0.4384720141176912	0.20368840441480474
-0.8189286485384728	-0.13620046561896604	0.5574992802817963	0.26136789400832466
0.0	0.0	0.0	1.0
4	33	23
0.5521243573769982	-0.4598567370832534	0.6954786892487231	-0.28388364546056577
0.103478386047183	0.8654904641189662	0.49012090262097535	0.24515636803572424
-0.8273155755388847	-0.19864069350730482	0.5254435765459883	0.2586230763058907
0.0	0.0	0.0	1.0
4	34	24
0.5224229710912202	-0.4690835415353144	0.7120638360364516	-0.26508784724666384
0.08711783656029856	0.8600759099473202	0.5026727207193009	0.24985293536665998
-0.8482244923085671	-0.20057434377787867	0.4901889689750184	0.2583105781999175
0.0	0.0	0.0	1.0
4	35	25
0.46667000478878073	-0.48176330368638887	0.7417029836005149	-0.24232869521833297
0.055535184455380165	0.8529280784058844	0.5190660109112909	0.2688484410547789
-0.8826862880582467	-0.20104195750884332	0.42479078249563956	0.2664727088197758
0.0	0.0	0.0	1.0
4	41	26
0.29149081273057253	-0.4641340173404764	0.8364285669502817	-0.22680100879056506
0.6416934575163119	0.7433458667436352	0.18885572898351305	-0.13073805035471978
-0.709410079005333	0.48168103417920516	0.5145102092864394	0.1973844871179016
0.0	0.0	0.0	1.0
4	42	27
0.17624362127453114	-0.47223359063453363	0.8636745546007352	-0.24829406340702045
0.661777254291035	0.7063705377796013	0.2511800889969572	-0.11992754092096174
-0.7286899817896124	0.5272913138398831	0.4370067170043862	0.16594612275612075
0.0	0.0	0.0	1.0
5	33	28
0.5463566419889325	-0.4975282475178701	0.6737656647480301	-0.265268096724387
0.10369920697653157	0.83843937066013	0.5350382974774103	0.2601348963720839
-0.8311082770995071	-0.22245278453540193	0.5096800957591812	0.25679939470557417
0.0	0.0	0.0	1.0
5	34	29
0.5165249928130656	-0.5074886533657866	0.6896790627461333	-0.2465918040438902
0.08724556823439696	0.8324436378687072	0.5471981500394947	0.26483008654031936
-0.8518157902626556	-0.2224701147372289	0.47425400811398927	0.2555173601688438
0.0	0.0	0.0	1.0
5	35	30
0.4605530005134772	-0.5214741796093004	0.7183005461984321	-0.22406372699584917
0.05554130705147511	0.8245766845703127	0.5630173182233121	0.28368719550854227
-0.8858928607580467	-0.2194040052470332	0.408724558273808	0.2619535203552792
0.0	0.0	0.0	1.0
5	41	31
0.28488290529849	-0.5081088065186505	0.8128143378422279	-0.20895733579826223
0.6432383331174002	0.7300192892358449	0.23090338785274328	-0.11498692038497894
-0.7106941357809684	0.45705299918690684	0.5348049787315594	0.20016405408927976
0.0	0.0	0.0	1.0
5	42	32
0.16944869293624748	-0.5171640604631295	0.8389448887554427	-0.231499360708347
0.6628211954398142	0.689776917451277	0.2913345257749757	-0.10288004958580353
-0.7293525695866758	0.5067043122225383	0.4596690148568655	0.1671877909448014
0.0	0.0	0.0	1.0
6	32	33
0.5410176692552834	-0.4636367640030497	0.70167001370881	-0.22612814422381242
0.14669574139920355	0.8735509441299429	0.4641003730163605	0.20361321692416834
-0.8281185287183743	-0.14815452274839827	0.5406200851188564	0.2626453092707384
0.0	0.0	0.0	1.0
6	33	34
0.5396126127635191	-0.4798889818820613	0.6917549266062599	-0.2181633286366007
0.09814523695363152	0.8518997857918451	0.5144262234128777	0.24642602729435545
-0.836173337890438	-0.20969843181587422	0.5067946759153956	0.2599316621054683
0.0	0.0	0.0	1.0
6	41	35
0.2767500709380165	-0.48702140370228425	0.8283836919443033	-0.16353734882481272
0.6407466530410728	0.7359668260721457	0.21862439420367175	-0.12102639957102147
-0.7161376533439098	0.4702797972474948	0.5157362006866144	0.18235527429062473
0.0	0.0	0.0	1.0
7	32	36
0.5450249596754037	-0.41252568543969453	0.7299110631021353	-0.17289561399512315
0.12426004978328581	0.9007095308497242	0.4162712318285634	0.17758805615719325
-0.8291605358002918	-0.13617945851150423	0.5421697117124322	0.2610719462934824
0.0	0.0	0.0	1.0
7	33	37
0.5440474242576355	-0.4293247805375556	0.720897045326221	-0.1644430777805334
0.07577254422841515	0.8808066810557297	0.46737361051742193	0.22137535521671012
-0.8356260746454092	-0.19964922656085324	0.5117316452230529	0.26022421649778316
0.0	0.0	0.0	1.0
7	34	38
0.5141403827974937	-0.43865085512970925	0.7370515006376643	-0.14559556114969557
0.0592243992328856	0.8754340129678473	0.47969539594964355	0.22637242485498316
-0.8556588548869066	-0.20297937733092455	0.4760748546636145	0.25621133968583415
0.0	0.0	0.0	1.0
7	41	39
0.2802898123542359	-0.43464735512500696	0.8558733047873637	-0.11305303029467019
0.6231172664392964	0.7606093735976935	0.18220385020648963	-0.13356921710276898
-0.730179711600773	0.4822396147568188	0.48402736490192516	0.15393879104698766
0.0	0.0	0.0	1.0
8	32	40
0.5479984997004435	-0.37219448078888095	0.7491120225760687	-0.1298561058507078
0.11495593676468145	0.9205660544346355	0.37328711036791373	0.15319573792637042
-0.8285426234817171	-0.11844593868489185	0.5472548073153857	0.27190254288110843
0.0	0.0	0.0	1.0
8	33	41
0.5471961405338801	-0.3894100161961423	0.7409023173349384	-0.12096721026845847
0.06659374315571726	0.9026320220521372	0.425230193862865	0.19863461121482937
-0.8343511333220182	-0.18334488613678668	0.5198489948921129	0.2727698929021411
0.0	0.0	0.0	1.0
8	34	42
0.5173588165351578	-0.39825223989325587	0.7574529228521427	-0.10163945908296997
0.05008160540119854	0.8976874144644762	0.43777743544633824	0.2039979502878485
-0.8543019183710521	-0.1885535920123749	0.4843716144612773	0.2676974330716146
0.0	0.0	0.0	1.0
8	39	43
0.39293181600340077	-0.3851963867223965	0.8350020013515462	-0.08531868319260302
0.4840186273229892	0.8587078863268683	0.16836462519227188	-0.1154105664296172
-0.7818763739611237	0.3380006703977577	0.523855845039055	0.2016002762618474
0.0	0.0	0.0	1.0
8	40	44
0.36505255152036603	-0.40602334063187623	0.8377838273640168	-0.0871866558512661
0.5761435828418926	0.8053942739807894	0.139279535021765	-0.1506871691966202
-0.7312971014607571	0.43183946678643836	0.5279389484366384	0.16031603513947715
0.0	0.0	0.0	1.0
9	32	45
0.5356513769288934	-0.333825509826951	0.7756533370035015	-0.07325028575900015
0.11861823398897284	0.9391803480259401	0.32228866989747784	0.12544219345475394
-0.8360666153871487	-0.08062777370592786	0.5426710611804825	0.2921291263333852
0.0	0.0	0.0	1.0
9	33	46
0.5347951251191116	-0.35146944918245243	0.7684162147667788	-0.06388043258836396
0.0694792511850681	0.9245994011878745	0.3745511943799226	0.17346408722567894
-0.8421204954427958	-0.14691919296861553	0.5188910483675223	0.29493151839095705
0.0	0.0	0.0	1.0
9	34	47
0.5046841908788897	-0.3591203540517415	0.7850645963265445	-0.04373607340121894
0.05277458586799017	0.9205052020382439	0.3871497968182767	0.17942792403254948
-0.8616894775331804	-0.15395695379317695	0.4835168499451214	0.28836393855122416
0.0	0.0	0.0	1.0
9	36	48
0.4108419627797068	-0.3750982892396868	0.830969406704337	-0.010536682226552237
0.10486605372732165	0.9248368361244781	0.36562270148508497	0.11930231023090407
-0.9056555992671947	-0.06307269034857882	0.41929685154242985	0.2900423395945721
0.0	0.0	0.0	1.0
9	39	49
0.3794561077511273	-0.340696606514822	0.860197047273968	-0.026089336965447442
0.4895509535669549	0.8628531355464408	0.12579441021562557	-0.14488125438647745
-0.7850815230017212	0.373376791712886	0.49420320120720135	0.1989628305484994
0.0	0.0	0.0	1.0
10	32	50
0.5558556729646689	-0.2879655525819526	0.7798077606895779	0.00990492103531983
0.10406431160099006	0.9548078669344697	0.27841088827792126	0.10241339302032991
-0.8247394201946646	-0.0736061454403336	0.5607023327902961	0.3191685122154105
0.0	0.0	0.0	1.0
10	33	51
0.5552520727312045	-0.30592740520573236	0.7733715162182	0.019648915211933456
0.05614982795763177	0.9415560989406199	0.33214363261567414	0.15399343277098973
-0.8297845560928176	-0.14099879443480492	0.5399787098822568	0.32356689489434326
0.0	0.0	0.0	1.0
10	34	52
0.5256007265670197	-0.31344836967884343	0.7908816862568524	0.0408041090672237
0.039754517007571884	0.9376831668128222	0.34520989671731594	0.1607515687117006
-0.8498020090293963	-0.15000149416173245	0.5053079460168274	0.31444829550566705
0.0	0.0	0.0	1.0
10	36	53
0.43292062402838355	-0.32929641896696543	0.8391325672126585	0.0763190380591916
0.09136539901131807	0.9421237915765117	0.32257590555079524	0.0998583444112213
-0.8967898993540924	-0.06298211022827274	0.43795112551244575	0.3059878294869151
0.0	0.0	0.0	1.0
11	32	54
0.5615805842465851	-0.2695345887547397	0.7822903964925644	0.08129865463750718
0.10424060292012921	0.9609689738155016	0.25626655442570995	0.08167209956853294
-0.8208295250370797	-0.062367916826559386	0.567757999714338	0.34244529886228126
0.0	0.0	0.0	1.0
11	33	55
0.560965596384821	-0.2876369936694242	0.776261927660902	0.09138219015405014
0.05671101813973672	0.9488460786480494	0.31060428226149506	0.13631398892224023
-0.8258943526362134	-0.13021572856930164	0.5485821604749045	0.348282281800838
0.0	0.0	0.0	1.0
11	34	56
0.5314456793903072	-0.29481198454835983	0.7941355731341599	0.11341262917063588
0.040410567851096764	0.9452401467559043	0.3238642079152283	0.14375709819665583
-0.8461278982338301	-0.14002478950010344	0.514257315088261	0.3369930537961583
0.0	0.0	0.0	1.0
11	36	57
0.4391193840058265	-0.30972564979156564	0.8433529123898813	0.15093305887832642
0.09186057940802732	0.949256375326118	0.3007889871860571	0.08219818476341034
-0.8937201861914991	-0.05461140585744702	0.44528844978136867	0.31976978404694467
0.0	0.0	0.0	1.0
12	31	58
0.5883645011524209	-0.2229163805301666	0.777261533779963	0.1184590113551701
0.1495057469883083	0.9746652510230577	0.16635964091667	0.010297579937473907
-0.7946542830743106	0.01832495802213811	0.6067857515486433	0.3351241111241634
0.0	0.0	0.0	1.0
12	32	59
0.5838124455502278	-0.22415039024002714	0.7803328553305591	0.12705680600925323
0.1098815563470035	0.9741043280109459	0.19760237274460818	0.04810002338921366
-0.8044185160473674	-0.029618552927843256	0.5933242845339736	0.34823990655487447
0.0	0.0	0.0	1.0
12	33	60
0.5830568448879914	-0.242569282943607	0.7753739115118339	0.13775967155840516
0.06392007739159371	0.9651251138115147	0.25386542446022714	0.10411431334416757
-0.8099130054761895	-0.09845603073501152	0.578227845776826	0.3564542234499273
0.0	0.0	0.0	1.0
12	34	61
0.554063339968841	-0.2487045820860066	0.7944555284770979	0.16014265421228335
0.04800519138975209	0.9622875181491202	0.26776497633762253	0.11183943601955348
-0.8310892705826334	-0.11022079171679904	0.5451073846721198	0.3442067714635483
0.0	0.0	0.0	1.0
12	36	62
0.4631832509594166	-0.26076304693742386	0.8470322621006208	0.1982235706864084
0.09877865924168834	0.9649698143666383	0.2430554585229579	0.05029391250187082
-0.8807406753080665	-0.028910526875217554	0.47271572191927214	0.32021120281712984
0.0	0.0	0.0	1.0
12	37	63
0.48231596818296424	-0.2189008266850482	0.8482060185782674	0.1846896933306411
0.2221918028597547	0.9671803151662224	0.12326005521259738	-0.07960663613731053
-0.8473501608772592	0.1290141459399404	0.5151245183270858	0.29931567165364364
0.0	0.0	0.0	1.0
12	38	64
0.4719802042057152	-0.22389794645619446	0.8527040514792125	0.1813772441679232
0.3399720955037462	0.9386278256173466	0.05828136274197157	-0.1613092065949464
-0.8134211253580177	0.26238790312892935	0.519132843467726	0.259712915449601
0.0	0.0	0.0	1.0
13	27	65
0.6339703054681673	-0.13649456684808667	0.761216633452055	0.11275946673051183
0.3746228737341544	0.9153089912945263	-0.14787516622059493	-0.2436811752072135
-0.676564475449157	0.3789177779763042	0.6314127103924573	0.1846577499071088
0.0	0.0	0.0	1.0
13	28	66
0.5943960935506201	-0.1270594333594916	0.7940714099357784	0.130668275738782
0.33205040223508353	0.9381102878305556	-0.09844670539060761	-0.20389228772031315
-0.7324180240798336	0.3221880292381726	0.5997991492913488	0.2066506864175479
0.0	0.0	0.0	1.0
13	29	67
0.6095796736482683	-0.13401878052032168	0.7813139074119192	0.1317837694126955
0.2735643454087628	0.960622149949263	-0.04865883399571976	-0.1507697510263186
-0.7440264560908042	0.2434010686946931	0.6222384618986124	0.23912398148338232
0.0	0.0	0.0	1.0
13	30	68
0.6039444624374809	-0.1313776099732295	0.7861239867090011	0.14780649185423034
0.1970039477881878	0.9803232366135356	0.012482858559358377	-0.09104642354676543
-0.7722958026701614	0.14733059660478165	0.6179427016784528	0.27144025773971603
0.0	0.0	0.0	1.0
13	31	69
0.6010148971031903	-0.13600887854402952	0.7875803667822955	0.15619183481895363
0.14095331858862498	0.9880060315662335	0.06305708289901693	-0.04201607526307365
-0.786710579625642	0.07311382918523553	0.6129771925253233	0.2967962211205851
0.0	0.0	0.0	1.0
13	32	70
0.5965177358965496	-0.13696352846151744	0.7908270869092332	0.16465161421648858
0.10175451352788606	0.9902865874657673	0.09475490957344769	-0.0060387561488223305
-0.7961235958794453	0.023947238384526098	0.6046601424963427	0.31239113983689176
0.0	0.0	0.0	1.0
13	33	71
0.5958994353442975	-0.15580166802815706	0.7878005534693947	0.17644066155375748
0.05664306460951845	0.9867107068016673	0.15229433243240947	0.04830638209710611
-0.8010590855081303	-0.04612867628541763	0.5968053431774513	0.32453609184946614
0.0	0.0	0.0	1.0
13	34	72
0.5672302248093245	-0.1602163995345639	0.8078245358818679	0.19784219801369168
0.040945669112472535	0.9851675741296158	0.16663809807366664	0.05545190040879888
-0.8225408667514084	-0.06144525836808287	0.5653769423213808	0.31213340094239367
0.0	0.0	0.0	1.0
13	35	73
0.5130772991972276	-0.16468997772543895	0.8423947033577783	0.22327345967672077
0.010258657493552769	0.9825268705141547	0.18583782184157313	0.0758448585176299
-0.8582812256281486	-0.08670734180712081	0.5058016951282992	0.2974105514658476
0.0	0.0	0.0	1.0
13	36	74
0.47719195088973754	-0.16766550210900352	0.862656374154452	0.23243472091011563
0.09135517811315796	0.9857769393986893	0.14106056471260509	-0.003913291271119091
-0.874037900911101	0.011495154445714197	0.4857218873619256	0.2812152075363978
0.0	0.0	0.0	1.0
14	27	75
0.6783595801452292	-0.05657380887250706	0.7325486710945079	0.1283225534490509
0.34749637237307296	0.9031733179284732	-0.25203995095092535	-0.27404387012312476
-0.6473596521527442	0.4255319099465258	0.6323355147387367	0.13442021211740252
0.0	0.0	0.0	1.0
14	28	76
0.6405165776946601	-0.04473213532558793	0.7666405768230752	0.14397866039469565
0.3073276336102731	0.9298050818672625	-0.2025151227926618	-0.23751433124672738
-0.7037673079843355	0.3653241177386035	0.6093029621715575	0.15786231445576115
0.0	0.0	0.0	1.0
14	29	77
0.6550935818135345	-0.052614262890902895	0.753713455205027	0.14612425949551658
0.2512995813380079	0.9559496826239209	-0.15168647279806993	-0.1881593920070947
-0.7125313605603034	0.28877674150576327	0.6394584638287641	0.19347008704569008
0.0	0.0	0.0	1.0
14	30	78
0.6496865727116704	-0.04962393627629878	0.7585807383510834	0.16176065809178386
0.17792362516517923	0.980077437966285	-0.08826917638566764	-0.13282780680135223
-0.7390877069384082	0.19231677779215797	0.6455724771538299	0.22963701993589253
0.0	0.0	0.0	1.0
14	31	79
0.6469359301305347	-0.054143684587474206	0.7606198273828049	0.17025514829911734
0.12466483080013536	0.9915654456595717	-0.03544894739335292	-0.08677214415239089
-0.7522849877850033	0.1177557636176275	0.6482291170766887	0.2582341823802021
0.0	0.0	0.0	1.0
14	32	80
0.6426482956691616	-0.054860855972698616	0.7641945804595165	0.17856564001744563
0.08727331515388873	0.996182651638321	-0.00187730460282691	-0.05266730920231693
-0.761174444788154	0.0679002508929845	0.6449829908783854	0.27605807998493526
0.0	0.0	0.0	1.0
14	33	81
0.642234284631639	-0.07390463236765081	0.76293724543286	0.19130331734226833
0.0455491334099347	0.997261780251838	0.05826039439568866	-0.0004975657796062188
-0.765153885482377	-0.0026656968905644832	0.6438419473524092	0.2915938750205527
0.0	0.0	0.0	1.0
14	34	82
0.6148297825096934	-0.07687474953870625	0.7849041498630044	0.21168171317486395
0.03071697661846941	0.9968169904212527	0.07356863878988376	0.005992963258150907
-0.7880614142998645	-0.02112231227382744	0.6152341246634284	0.2797266950659013
0.0	0.0	0.0	1.0
14	35	83
0.5628061835722497	-0.07893591713990564	0.8228112070728199	0.23504120478916218
0.0012167424565052184	0.9955078658224936	0.09467118863813215	0.025223079876098762
-0.82658802820856	-0.052280391841207516	0.5603740251682172	0.2659960782411742
0.0	0.0	0.0	1.0
14	36	84
0.5281832262842285	-0.08055644792938772	0.8453005770618469	0.24287083150935507
0.07958617587030661	0.9958040772159847	0.0451701339670817	-0.05137122901438512
-0.8453925309541949	0.04341613399109961	0.5323781759258158	0.24479069676605655
0.0	0.0	0.0	1.0
14	37	85
0.5458111861598088	-0.0388387711142717	0.8370075254204318	0.2262819848323684
0.1945196130432239	0.9775080606716242	-0.08148762675271085	-0.16929811946030618
-0.8150167943158271	0.2072912756222924	0.541089723170892	0.2085249644581964
0.0	0.0	0.0	1.0
14	38	86
0.5359897973998087	-0.04310101904428211	0.8431234943689778	0.2226091367268351
0.30863755321447645	0.9395674094365906	-0.14817551027421808	-0.23738792112528206
-0.7857849490463209	0.33964012884399536	0.5169011388838871	0.15710008471502504
0.0	0.0	0.0	1.0
15	27	87
0.7775624484095225	-0.04009913072586925	0.6275256228313327	0.1261703023541607
0.280866305713808	0.9150275882399747	-0.2895487130886716	-0.2457574887186958
-0.5625928450250234	0.4013931950778766	0.7227537512016207	0.12193483379080247
0.0	0.0	0.0	1.0
15	28	88
0.7446510599705275	-0.029644299932040846	0.6667953741174041	0.14087891605478917
0.24742250249906528	0.9400978161743964	-0.23451705872653975	-0.2101688331117602
-0.619900869908741	0.33961354911222474	0.707379572130146	0.14360567102282262
0.0	0.0	0.0	1.0
15	29	89
0.7574564386340328	-0.036991835804871954	0.6518366481096585	0.1433184857465368
0.19849061557790065	0.9641826678790986	-0.17593527560735223	-0.16204725473876744
-0.6219816726696276	0.26264679526751983	0.7376690420853421	0.17701042598994254
0.0	0.0	0.0	1.0
15	30	90
0.7527149315691914	-0.03420028378234645	0.6574574664174764	0.15884600003340932
0.13425796210802216	0.9856374182776823	-0.1024383790650357	-0.10848447534215014
-0.6445115106679427	0.16537584208497358	0.7464958399896292	0.21067538579183964
0.0	0.0	0.0	1.0
15	31	91
0.7504198611810519	-0.03881544584740238	0.6598207211684378	0.16716938087706837
0.08878612778938988	0.9951462822332301	-0.04243550937526564	-0.06394803071466801
-0.654971130730476	0.0904274060572202	0.7502239047243477	0.23749353568356538
0.0	0.0	0.0	1.0
15	32	92
0.7467109841692754	-0.039686943376320116	0.6639633929871724	0.17533538990952394
0.05646165850802153	0.9983974160879275	-0.0038212855345564215	-0.030921687396458182
-0.6627478881075565	0.04034188511918263	0.7477552423990538	0.2542101974037752
0.0	0.0	0.0	1.0
15	33	93
0.7466875131058774	-0.05872627581681428	0.6625774110919554	0.18769946755529476
0.02375686180703697	0.9978140015098688	0.0616666590772429	0.01958524184356622
-0.6647506539160865	-0.030304960931740083	0.7464504670572188	0.26826300070422365
0.0	0.0	0.0	1.0
15	34	94
0.7228081225269823	-0.06267812576019191	0.6882002705369037	0.20720187581814414
0.011287199909374457	0.9968161492784932	0.07893063659733515	0.025568568479414133
-0.6909565777528017	-0.049283849372615214	0.7212143786908528	0.2561181526748197
0.0	0.0	0.0	1.0
15	35	95
0.6768273455698472	-0.06658129582057837	0.7331244518797333	0.22903423001726456
-0.014838452686058799	0.9944650069215037	0.10401485015713302	0.04393637940094486
-0.7359922540856213	-0.08127853219578764	0.6720932657107936	0.2420301589371052
0.0	0.0	0.0	1.0
15	36	96
0.6458416135116769	-0.06941066650616924	0.7603094899860433	0.23588791025694933
0.0555991400875559	0.9974904372014004	0.0438350908890132	-0.030540811244251155
-0.7614442482582148	0.013962032856018205	0.6480801154129546	0.2229281937881473
0.0	0.0	0.0	1.0
15	37	97
0.6608540799088736	-0.02711737950739842	0.750024170742848	0.2205759688959693
0.15172239050385808	0.9835405613751391	-0.09812388762460282	-0.1448466359728466
-0.7350185551783903	0.17864106877425423	0.654091221714324	0.19035348047095982
0.0	0.0	0.0	1.0
15	38	98
0.6521397621336688	-0.03171901475268341	0.7574347807159484	0.21655324531287864
0.25620234904442246	0.9495598105453684	-0.18082164865654904	-0.2107242327152611
-0.7134943925097206	0.31197754736558936	0.6273723277647846	0.14250521110473768
0.0	0.0	0.0	1.0
15	39	99
0.6177223707949988	-0.02965556431796724	0.7858367834606349	0.21150276477207344
0.37703189685749455	0.888117392809768	-0.2628578988807263	-0.2536060185537318
-0.6901203155309229	0.4586587411121102	0.5597911917188672	0.059638493418768826
0.0	0.0	0.0	1.0
15	40	100
0.5945009943247855	-0.04965163830180955	0.8025603771240456	0.21142350745608557
0.46744165160879986	0.8334579692068687	-0.29469678147049877	-0.26346312141045186
-0.6542683058119544	0.5503477577027648	0.5187009160129378	0.0007300864416574102
0.0	0.0	0.0	1.0
16	32	101
0.8374935705664981	-0.12604042159507425	0.5317126232765562	0.1621424545913342
0.06159965247476867	0.9886093010805798	0.13732117064324884	0.05681195428736525
-0.542964105002843	-0.08225232063546709	0.8357179177805092	0.2551460814023143
0.0	0.0	0.0	1.0
16	33	102
0.8371416347745819	-0.14465869366153516	0.527510983519972	0.17283989592566304
0.039072744021609894	0.9777465079124963	0.20611907811474536	0.10689814014844459
-0.545588968290711	-0.1519395977701365	0.8241643860383256	0.26299305943472806
0.0	0.0	0.0	1.0
16	34	103
0.8173461024493055	-0.15277013614135254	0.5555237391510052	0.1919105910621276
0.029324329682761663	0.9739859325443346	0.2247029283472718	0.1127173767150097
-0.575400259836178	-0.16736974663453758	0.8005634008698945	0.2495316018472694
0.0	0.0	0.0	1.0
16	35	104
0.7785912480264205	-0.16406711972696866	0.6057042849365271	0.21327544265702675
0.007237412209527694	0.9675009416295547	0.2527637203657376	0.1308115007523102
-0.6274897366951658	-0.19241593905617374	0.7544751029145577	0.2332840176660097
0.0	0.0	0.0	1.0
17	43	105
0.4969846830603104	-0.3029358569980011	0.8131642297661711	0.08803099679726177
0.5630362285732271	0.8256242626031903	-0.03653531653151217	-0.052118017982976224
-0.6603003249798722	0.475998515356535	0.580886493414791	-0.07237984693797467
0.0	0.0	0.0	1.0
19	43	106
0.6193233635849068	-0.3508778142679253	0.7023697693609421	0.08111807746030776
0.5039946352789939	0.8636091985414138	-0.012976647991906528	-0.030764755350117585
-0.6020198990764906	0.36202738734122974	0.7116939742482531	-0.045345530599986486
0.0	0.0	0.0	1.0
30	49	107
0.7194172051985468	-0.16181173446447708	0.6754670931470307	0.08862368079198746
0.26071913459339174	0.9642852905197571	-0.04668342978714492	-0.005578679012003242
-0.643789170593023	0.20969216044823885	0.7359107158424756	-0.0943460450564916
0.0	0.0	0.0	1.0
31	46	108
0.6785840675857708	-0.125392607726697	0.7237403520916904	-0.14507764101328674
0.429878696518611	0.8667479930064819	-0.25288776573859184	-0.04984662226892695
-0.595590284371084	0.4827262903210588	0.6420651354610487	-0.2010356399472421
0.0	0.0	0.0	1.0
31	47	109
0.6885155163554945	-0.13502522162999175	0.7125407132463308	-0.08191430560373783
0.3897405349981081	0.8974670836025924	-0.20653098199381853	-0.051412531438928835
-0.6115950497669306	0.41990592489269457	0.6705449263074684	-0.16962634273074068
0.0	0.0	0.0	1.0
31	48	110
0.7195957991786563	-0.12269470835115094	0.6834674169811785	-0.0026063563177342376
0.321433829096656	0.9313208038654421	-0.17123615012277732	-0.04678542667769302
-0.6155177432104513	0.34291048640474403	0.7096128190855937	-0.14609585636333147
0.0	0.0	0.0	1.0
31	49	111
0.7219058663196471	-0.10670935814857514	0.6837140237392686	0.07287650681813596
0.255682162422661	0.9592530176412744	-0.12025085362046599	-0.031450607715305036
-0.6430228514631582	0.26162339453536465	0.7197740383203942	-0.11103709812676979
0.0	0.0	0.0	1.0
32	46	112
0.6826959209297638	-0.08798788554513368	0.7253856387123615	-0.15855881288480872
0.4273020927816581	0.853360875863173	-0.2986438171499248	-0.06608562071082054
-0.5927387896153493	0.5138417727448092	0.6201834955957101	-0.21682320290457396
0.0	0.0	0.0	1.0
32	47	113
0.6925793016241812	-0.09816220898680351	0.7146313467488297	-0.09509276144485193
0.38737543548924785	0.8863348880559202	-0.2536742382967289	-0.0687279477623068
-0.6085016380147147	0.4525202400098589	0.6518828861601241	-0.18449909595748742
0.0	0.0	0.0	1.0
32	48	114
0.7234834818484751	-0.0872796615285999	0.6848020970078785	-0.01578156278151225
0.31921599446733834	0.9218507759305004	-0.21975493501913834	-0.06487587649906999
-0.612105357239707	0.3775889269667267	0.694804868094679	-0.16001863379473383
0.0	0.0	0.0	1.0
32	49	115
0.7257729209331493	-0.07129969716342104	0.684229522269199	0.05936207079873334
0.25370532310503796	0.9522468428902748	-0.16988086399425992	-0.050462515329874204
-0.6394430138208598	0.29688768862938364	0.7092040036564745	-0.12330908102734953
0.0	0.0	0.0	1.0
35	46	116
0.7522053136621591	0.01804177774865926	0.6586816777944614	-0.18423118348380213
0.36962343629795086	0.8159889508674482	-0.4444553024602327	-0.10640653538093876
-0.5454958007394197	0.5777859237967994	0.6071226725376048	-0.2263737833114427
0.0	0.0	0.0	1.0
35	47	117
0.7613107924450515	0.00676188969280893	0.6483517580510613	-0.12054118583367371
0.33323960213539877	0.853691921708355	-0.4002016140121051	-0.10967142087393529
-0.5561989099730151	0.5207344086706468	0.6476716194364527	-0.19171504060225603
0.0	0.0	0.0	1.0
35	48	118
0.7888245734573084	0.014315497972108548	0.6144516536279503	-0.04215942506320728
0.2676194265734448	0.8919813291490551	-0.3643474606323383	-0.10557650816874363
-0.5532953383759904	0.4518455333831457	0.6997856961520661	-0.1648896976104988
0.0	0.0	0.0	1.0
35	49	119
0.7905502516363827	0.030131060726462575	0.611655469851732	0.03233258927672821
0.20634003595229902	0.9272806874692102	-0.3123687809464679	-0.09100714240477434
-0.5765883514577931	0.3731523294135866	0.7268446603649501	-0.1245742715882642
0.0	0.0	0.0	1.0
