8	13	1
0.5321906931764876	0.4442081089186824	-0.7207304160706605	0.9634738616425134
-0.4787787429140232	0.8600075188782391	0.1765163963106334	0.40623499522509643
0.6982435513631453	0.2511300409049273	0.6703654147141374	-0.5723809745978836
0.0	0.0	0.0	1.0
10	13	2
0.8258494161061075	0.3766393151712158	-0.41966138567897676	0.45230258662874245
-0.3113079104869993	0.925059681800019	0.21760489704582642	0.330523621749942
0.4701704111059726	-0.04906506164989601	0.8812106764999419	-0.35344806891502184
0.0	0.0	0.0	1.0
11	13	3
0.9499413300048439	0.2101709481662645	-0.2311703408023907	0.2603077317657183
-0.17282791718773635	0.9698904871777037	0.17158974182453157	0.2466441580267448
0.26027302456297496	-0.12304757442767558	0.9576623740928024	-0.2485475063869562
0.0	0.0	0.0	1.0
11	15	4
0.9618077723369194	0.21556068092193856	-0.1686994273356005	0.7223416767290071
-0.14342686247703898	0.9218055676982966	0.3601433116058075	0.31685347613683035
0.23314077662208418	-0.3221926152213542	0.91751686480094	-0.44087635528007985
0.0	0.0	0.0	1.0
20	23	5
0.29381791519838774	-0.40909016133567727	-0.8638958846091617	-0.1605767352864255
0.24639438304492864	0.9056595298205005	-0.3450662216522527	-0.08088974352012729
0.9235588290037477	-0.11147245102658321	0.366896604267312	-0.29734264170923247
0.0	0.0	0.0	1.0
21	24	6
0.6063320497832625	-0.2834573639702014	-0.7429759475806837	-0.17374422962064878
0.13728773612057468	0.95759655317101	-0.25330002466199586	-0.042771255207143956
0.7832709524544078	0.05158246489966713	0.6195367894475032	-0.3256100081555669
0.0	0.0	0.0	1.0
21	25	7
0.4152553240862716	-0.3373159368862015	-0.8448556823898087	-0.13222730890343587
-0.032381291309752196	0.9226446216508868	-0.38428955134599746	-0.02878986248168554
0.909128503624467	0.1869358148046443	0.37221034044295465	-0.42763857993284565
0.0	0.0	0.0	1.0
29	30	8
0.9401750101265259	-0.24824955258036224	0.2333299421684164	0.1370350509519376
0.18648325754744202	0.9481495245468002	0.2573642338530402	0.09296731918048062
-0.28512230448162834	-0.19845543525150153	0.937720967048941	0.07487383861867522
0.0	0.0	0.0	1.0
29	31	9
0.7696366463055261	-0.5256600226459155	0.36240984716584773	0.1663711879978088
0.305112433491308	0.8014051032171601	0.5144475525802904	0.23042574547255398
-0.5608616870644277	-0.28536198110332023	0.7771761477286568	0.0717169549470921
0.0	0.0	0.0	1.0
29	34	10
0.008180079857966182	-0.9416853240137604	0.3363952292591593	0.13159231305196112
0.6606386740116862	0.257624456163934	0.7051141724009516	0.12680733328595895
-0.7506594021402551	0.21646777656231378	0.6242211719930131	0.08869243255145352
0.0	0.0	0.0	1.0
30	33	11
0.3429456264083581	-0.7597874770314847	0.5523688079985954	0.1349481963303399
0.5666126670046019	0.6363281922558861	0.5234850160370835	0.07007854117973686
-0.7492252834529177	0.13345222045544325	0.648731146148024	0.07546947365953179
0.0	0.0	0.0	1.0
30	34	12
0.31995482053527646	-0.8047569773561708	0.49999506130041166	0.1251268371642395
0.7216852580074997	0.5489358581666234	0.42171066896290255	-0.054697034523851544
-0.6138398884354754	0.22591072571046147	0.7564159080850037	0.09517193576556714
0.0	0.0	0.0	1.0
31	34	13
0.6232149942486059	-0.5791178020880076	0.5255716037807687	0.123658533001315
0.6285692696555203	0.7707749123039347	0.10395482731040565	-0.1628301674752453
-0.4652995338081872	0.2655719330572954	0.844374181901104	0.044354306743139206
0.0	0.0	0.0	1.0
34	36	14
0.991876346019107	0.1233153190364994	0.03122175086999288	-0.11493972281017564
-0.10191174018975158	0.9172243241806047	-0.3851149179645183	-0.2636018390587797
-0.07612794361167136	0.3788045994993402	0.9223403963533295	-0.07469847623718413
0.0	0.0	0.0	1.0
34	37	15
0.8043169941825613	-0.23088989069600074	0.5475070658811086	0.15706063734972978
0.3659499420386905	0.9184185795383195	-0.15029234272614334	-0.3160922901497391
-0.4681398183236708	0.3212429445571919	0.8231938873080982	-0.021287866954019654
0.0	0.0	0.0	1.0
35	36	16
0.9877475405756443	0.024955261416962145	0.15405204969926328	-0.03650659886942068
0.004547702625204267	0.9821100397189392	-0.18825339249257733	-0.12463661373952421
-0.15599397060773273	0.18664744168996017	0.9699632573245683	-0.03568666433936081
0.0	0.0	0.0	1.0
35	37	17
0.7188947659299378	-0.40944664273117826	0.5617327750320447	0.16251861934921888
0.44138612973297403	0.8931716380018991	0.08615460204776261	-0.15210601768677987
-0.5369995624184144	0.1860050090879238	0.8228205090451688	-0.01330554304119982
0.0	0.0	0.0	1.0
36	37	18
0.7864047578126939	-0.5046003562144108	0.3562947139262397	0.14105087256314378
0.47153970944907553	0.862981104224608	0.18142137085191345	-0.020858340545590406
-0.3990210082069061	0.02533647085097389	0.9165916163425329	0.007995506351382442
0.0	0.0	0.0	1.0
36	38	19
0.18301074510734472	-0.8989920810973949	0.3978948727849534	0.2417416624436899
0.6588653032954501	0.41254524943953297	0.6290489710828966	0.08489446293464625
-0.7296598102484567	0.14703644614780473	0.6678148939702929	0.0624142346632091
0.0	0.0	0.0	1.0
37	39	20
0.4660269816019174	-0.8165046067231552	0.34079200279434196	0.2238846232942266
0.4297274284725215	0.5455754300342823	0.719500991350001	0.20761851858649297
-0.773403714993173	-0.1888592241490251	0.6051272772562886	0.18684381080111215
0.0	0.0	0.0	1.0
38	39	21
0.9402361834001373	-0.27818279979527644	0.19639290213138968	0.09343808009566217
0.1743835151242705	0.8887252610580496	0.4239785832597129	0.11853901059942287
-0.29248291006728055	-0.3643924345241208	0.8841221962237599	0.1329905256752664
0.0	0.0	0.0	1.0
39	40	22
0.9905195396716137	-0.10691285526230636	0.08625988010859216	0.08540935505092226
0.059819295019258006	0.9009563368281976	0.42976655406223074	0.18655579073961945
-0.1236639063170052	-0.4205322092519426	0.8988102097254613	0.02485374387703567
0.0	0.0	0.0	1.0
40	41	23
0.9107488734591797	0.09467225894442685	-0.4019621428632971	-0.013039514817508502
0.05471803235098692	0.9371193525204584	0.3446930754651128	0.13320354426207412
0.40931938412962676	-0.335923467160185	0.8483001107122377	-0.05489430933344428
0.0	0.0	0.0	1.0
40	42	24
0.49879337344195995	0.14411023608764467	-0.8546563515781158	-0.10192418193798618
0.2248638377797548	0.9307988479383159	0.2881838609117498	0.13635069488290363
0.8370432903349061	-0.3359255277071716	0.43187098120328177	-0.17880095445426702
0.0	0.0	0.0	1.0
