8	13	1
0.5321906931764878	0.4442081089186825	-0.7207304160706607	0.9634738616425169
-0.47877874291402345	0.8600075188782393	0.1765163963106335	0.406234995225096
0.6982435513631451	0.2511300409049274	0.6703654147141374	-0.5723809745978818
0.0	0.0	0.0	1.0
10	13	2
0.8258494161061078	0.37663931517121585	-0.4196613856789768	0.45230258662874423
-0.31130791048699946	0.9250596818000192	0.21760489704582653	0.33052362174994154
0.4701704111059724	-0.04906506164989584	0.8812106764999419	-0.35344806891502006
0.0	0.0	0.0	1.0
11	13	3
0.9499413300048443	0.2101709481662645	-0.23117034080239074	0.2603077317657201
-0.17282791718773652	0.9698904871777039	0.17158974182453168	0.24664415802674436
0.2602730245629749	-0.12304757442767537	0.9576623740928022	-0.24854750638695441
0.0	0.0	0.0	1.0
11	15	4
0.9618077723369194	0.2155606809219385	-0.16869942733560056	0.7223416767290062
-0.14342686247703898	0.9218055676982967	0.3601433116058076	0.3168534761368301
0.23314077662208407	-0.3221926152213542	0.9175168648009399	-0.44087635528007896
0.0	0.0	0.0	1.0
20	23	5
0.2938179151983878	-0.40909016133567744	-0.8638958846091616	-0.1605767352864255
0.24639438304492864	0.9056595298205004	-0.34506622165225265	-0.08088974352012707
0.9235588290037479	-0.11147245102658342	0.36689660426731213	-0.29734264170923336
0.0	0.0	0.0	1.0
21	24	6
0.6063320497832625	-0.28345736397020127	-0.7429759475806839	-0.17374422962064834
0.13728773612057468	0.95759655317101	-0.25330002466199586	-0.042771255207143845
0.7832709524544078	0.05158246489966739	0.6195367894475032	-0.3256100081555669
0.0	0.0	0.0	1.0
21	25	7
0.41525532408627164	-0.33731593688620126	-0.8448556823898088	-0.1322273089034361
-0.03238129130975222	0.9226446216508867	-0.38428955134599746	-0.028789862481684653
0.9091285036244671	0.18693581480464513	0.3722103404429544	-0.42763857993284743
0.0	0.0	0.0	1.0
29	30	8
0.9401750101265259	-0.2482495525803622	0.23332994216841646	0.1370350509519376
0.18648325754744194	0.9481495245468006	0.2573642338530403	0.09296731918048062
-0.28512230448162834	-0.19845543525150153	0.937720967048941	0.07487383861867478
0.0	0.0	0.0	1.0
29	31	9
0.7696366463055261	-0.5256600226459154	0.3624098471658477	0.16637118799780526
0.3051124334913081	0.8014051032171601	0.5144475525802904	0.23042574547255354
-0.5608616870644277	-0.28536198110332034	0.7771761477286567	0.07171695494709254
0.0	0.0	0.0	1.0
29	34	10
0.008180079857966293	-0.9416853240137603	0.3363952292591594	0.13159231305196023
0.6606386740116862	0.2576244561639341	0.7051141724009519	0.12680733328595806
-0.7506594021402552	0.21646777656231375	0.6242211719930133	0.08869243255145219
0.0	0.0	0.0	1.0
30	33	11
0.342945626408358	-0.7597874770314846	0.5523688079985953	0.134948196330339
0.566612667004602	0.6363281922558863	0.5234850160370836	0.07007854117973686
-0.7492252834529178	0.13345222045544333	0.6487311461480241	0.07546947365953134
0.0	0.0	0.0	1.0
30	34	12
0.3199548205352765	-0.8047569773561707	0.4999950613004116	0.1251268371642386
0.7216852580074997	0.5489358581666235	0.42171066896290277	-0.05469703452385243
-0.6138398884354755	0.2259107257104615	0.7564159080850039	0.09517193576556625
0.0	0.0	0.0	1.0
31	34	13
0.6232149942486059	-0.5791178020880074	0.5255716037807688	0.12365853300131412
0.6285692696555202	0.7707749123039348	0.10395482731040581	-0.1628301674752462
-0.46529953380818734	0.26557193305729543	0.8443741819011041	0.04435430674313832
0.0	0.0	0.0	1.0
34	36	14
0.9918763460191068	0.12331531903649944	0.031221750869992803	-0.11493972281017742
-0.10191174018975166	0.9172243241806047	-0.3851149179645183	-0.2636018390587788
-0.07612794361167131	0.37880459949934026	0.9223403963533295	-0.07469847623718413
0.0	0.0	0.0	1.0
34	37	15
0.8043169941825613	-0.23088989069600066	0.5475070658811086	0.15706063734972933
0.3659499420386905	0.9184185795383195	-0.1502923427261433	-0.3160922901497409
-0.4681398183236708	0.32124294455719193	0.8231938873080982	-0.021287866954018766
0.0	0.0	0.0	1.0
35	36	16
0.9877475405756441	0.0249552614169623	0.15405204969926317	-0.03650659886942335
0.004547702625204178	0.9821100397189392	-0.18825339249257733	-0.12463661373952332
-0.15599397060773268	0.1866474416899602	0.9699632573245683	-0.03568666433936081
0.0	0.0	0.0	1.0
35	37	17
0.7188947659299378	-0.40944664273117826	0.5617327750320447	0.16251861934921843
0.441386129732974	0.8931716380018991	0.08615460204776264	-0.15210601768678164
-0.5369995624184143	0.18600500908792383	0.8228205090451688	-0.013305543041198487
0.0	0.0	0.0	1.0
36	37	18
0.7864047578126939	-0.5046003562144107	0.3562947139262397	0.14105087256314333
0.47153970944907553	0.8629811042246082	0.1814213708519135	-0.020858340545592182
-0.3990210082069061	0.025336470850973923	0.9165916163425329	0.00799550635138333
0.0	0.0	0.0	1.0
36	38	19
0.18301074510734477	-0.8989920810973949	0.39789487278495334	0.24174166244369033
0.6588653032954501	0.412545249439533	0.6290489710828967	0.08489446293464803
-0.7296598102484568	0.14703644614780484	0.667814893970293	0.062414234663210874
0.0	0.0	0.0	1.0
37	39	20
0.4660269816019175	-0.8165046067231551	0.34079200279434196	0.22388462329422837
0.4297274284725215	0.5455754300342824	0.7195009913500012	0.20761851858649297
-0.7734037149931728	-0.18885922414902503	0.6051272772562885	0.18684381080111215
0.0	0.0	0.0	1.0
38	39	21
0.9402361834001373	-0.2781827997952763	0.1963929021313896	0.09343808009566394
0.17438351512427047	0.8887252610580497	0.42397858325971305	0.11853901059942287
-0.2924829100672805	-0.36439243452412073	0.8841221962237596	0.1329905256752664
0.0	0.0	0.0	1.0
39	40	22
0.990519539671614	-0.10691285526230641	0.08625988010859231	0.08540935505092315
0.059819295019258034	0.9009563368281975	0.42976655406223074	0.18655579073961978
-0.1236639063170049	-0.42053220925194257	0.8988102097254612	0.02485374387703567
0.0	0.0	0.0	1.0
40	41	23
0.9107488734591797	0.09467225894442703	-0.40196214286329707	-0.013039514817506726
0.05471803235098689	0.9371193525204585	0.34469307546511285	0.133203544262075
0.40931938412962665	-0.3359234671601847	0.8483001107122377	-0.054894309333442505
0.0	0.0	0.0	1.0
40	42	24
0.49879337344195995	0.14411023608764484	-0.8546563515781158	-0.1019241819379864
0.22486383777975485	0.9307988479383155	0.28818386091174986	0.13635069488290452
0.8370432903349061	-0.33592552770717277	0.43187098120328177	-0.17880095445426525
0.0	0.0	0.0	1.0
