0	29	1
0.5255362733964112	-0.36115478054354444	0.7703109530249904	-2.3710103805973524
0.2506520713463405	0.9309663060998755	0.26547220576822955	-0.32969523940748063
-0.8130100130829591	0.05356476644169335	0.5797807031733826	1.4950742614398058
0.0	0.0	0.0	1.0
0	30	2
0.4622689180853467	-0.3605402640323654	0.8101346277276362	-2.4249643777998062
0.17786642576074965	0.9327432533752426	0.3136137589791949	-0.1529412362111173
-0.8687180748468747	-0.0008781155663706659	0.4953062196376153	1.6182724579148333
0.0	0.0	0.0	1.0
1	29	3
0.4751116452798721	-0.39044676916225535	0.7885559597747152	-2.362061104726234
0.2569546141708221	0.9186641340851286	0.30005129337842146	-0.3356927184976066
-0.8415719991340523	0.06006518987396751	0.5367950317808635	1.5370667060980128
0.0	0.0	0.0	1.0
1	30	4
0.40982594738247413	-0.38920773701069455	0.8249606793694938	-2.4128809001246943
0.18174609647404505	0.9211076632211356	0.34428052808474574	-0.1552710749659258
-0.8938742784094795	0.008838285523568705	0.44823076083324476	1.659841530472561
0.0	0.0	0.0	1.0
1	31	5
0.42252204162022117	-0.44985300887609886	0.7868338528285099	-2.6970278964647347
0.21511286590977446	0.8930996847555552	0.39509429859128675	-0.31236960180837137
-0.8804555046585211	0.002322021229246918	0.47412341189608725	1.5125033953031284
0.0	0.0	0.0	1.0
1	33	6
0.4352474412401708	-0.3764662537275155	0.8178220219990483	-3.0357079510711404
0.24825418880116987	0.9233458492928126	0.29292009713839473	-0.12407701347940783
-0.8654071820319462	0.07553505829705161	0.49534312822746546	1.2586799032838167
0.0	0.0	0.0	1.0
2	29	7
0.46398108491522777	-0.41861998067321543	0.7806914065019044	-2.356410410944702
0.2723046276667804	0.9060248947766696	0.32398963995642566	-0.32665036356212956
-0.8429542897039051	0.06226082624981447	0.5343705372382183	1.5520445925936794
0.0	0.0	0.0	1.0
2	30	8
0.3985510718179265	-0.4170789307022177	0.8168244933709298	-2.4061718932796445
0.19693726363856806	0.9087589649060738	0.3679305416168507	-0.14496758332845666
-0.8957527259514184	0.014224111109341235	0.4443252491827613	1.6735111593625909
0.0	0.0	0.0	1.0
4	16	50
0.92132970	0.12365101	-0.36859452	-0.68765787
-0.18950800	0.97065038	-0.14806897	0.09629504
0.33946759	0.20627200	0.91772191	-0.28748017
0.00000000	0.00000000	0.00000000	1.00000003
4	17	9
0.9707307278207362	0.05914002079684517	-0.2327747843710739	-0.9054006487491476
-0.08513952856517482	0.9910022784056093	-0.10327441118844935	0.03901628359832231
0.22457268440886388	0.12006998741120198	0.9670316491221341	-0.1819324913661883
0.0	0.0	0.0	1.0
4	28	10
0.573378042657431	-0.2050882151208727	0.793206336097622	-2.2949505414283182
0.3020357458953196	0.9528839271156565	0.028043831324553792	-0.5082618058952704
-0.7615852058185996	0.22349699189728586	0.6083067559093477	1.557198428327117
0.0	0.0	0.0	1.0
4	29	11
0.533922527378956	-0.23649875660251352	0.81178520602873	-2.379101787535196
0.27855502768571005	0.9556891544217082	0.09521289624649895	-0.4289825605200041
-0.7983319350767184	0.17529050854772998	0.5761418725498868	1.571323034404081
0.0	0.0	0.0	1.0
4	30	12
0.47159458473940585	-0.22727340973323587	0.8520242579166059	-2.426880091021406
0.20692758357008145	0.9677587001928486	0.14361074699692913	-0.2451881694680062
-0.8571928382934394	0.10858127939421522	0.5034189327938534	1.7032674737041542
0.0	0.0	0.0	1.0
4	31	13
0.48138530462094165	-0.29434787720699557	0.8256073687231812	-2.7062526426332516
0.24407758305303115	0.9496862081245168	0.19627087894011847	-0.4033330422258454
-0.8418399457225114	0.10703033225024626	0.5290087302538131	1.5550172877823474
0.0	0.0	0.0	1.0
5	16	14
0.9245419657427485	0.11384043669216984	-0.36367889457330876	-0.6986549470823818
-0.2115784937800307	0.9470760805874794	-0.2414151377573878	0.08080028656297997
0.31694887125230387	0.3001451695759416	0.8996977967508009	-0.31839198163085963
0.0	0.0	0.0	1.0
5	27	15
0.6218680526287721	-0.12142366866395231	0.773651261111118	-2.2815519492907472
0.3150043669657654	0.9432460333817927	-0.10516209015661107	-0.6474297776938354
-0.7169743160073846	0.30910056014346493	0.6248235755919921	1.4238581234641055
0.0	0.0	0.0	1.0
5	28	16
0.5636154092373027	-0.11449556426734549	0.8180637030197497	-2.317888893840187
0.27690190002687426	0.9592343200507819	-0.05652142191825593	-0.535925006672337
-0.7782435072701063	0.25837981653649733	0.572343316543144	1.5521844554744466
0.0	0.0	0.0	1.0
7	17	17
0.9852570171895829	0.048671738950452924	-0.16401054697117876	-0.9186689446593823
-0.08216143359191017	0.9755008096380791	-0.20407717646492962	0.026232535467774758
0.15005961349279595	0.2145438725666928	0.965118084630973	-0.2154503123621089
0.0	0.0	0.0	1.0
7	26	18
0.6681147146405262	-0.11990124837761788	0.734333839882172	-2.2809103830692976
0.35008358219172114	0.9215209193030268	-0.1680496112428727	-0.6382820354532959
-0.6565547294206	0.3693547227912579	0.6576572189431092	1.0980673692408667
0.0	0.0	0.0	1.0
7	27	19
0.5733501722744145	-0.12925473015721664	0.8090504745306065	-2.2881597678598635
0.33480040554330476	0.9382296856865988	-0.0873706565901549	-0.6428637873785181
-0.7477821340638762	0.3209644898088192	0.581208731457574	1.4224391350399128
0.0	0.0	0.0	1.0
7	28	20
0.512694919610802	-0.12137259611869816	0.8499484801895939	-2.3246557674369637
0.29414547344071174	0.9548775595846275	-0.041074187509319765	-0.5315364820965957
-0.8066116610013536	0.27106710170038306	0.5252621257109846	1.5509699014493554
0.0	0.0	0.0	1.0
7	29	21
0.47210734734706444	-0.1513533301565409	0.8684508769136233	-2.4080160639443244
0.26563036376264826	0.9637869438495953	0.023566418836327433	-0.4537336590819198
-0.8405683873567159	0.21956104086272146	0.49521494104321867	1.5675477043677193
0.0	0.0	0.0	1.0
7	30	22
0.4068639766929619	-0.13910334200979801	0.9028354831362702	-2.455878355595761
0.1904817297778136	0.9795311912163378	0.0650792861102633	-0.2701218138321981
-0.8934083407872941	0.14549528536807532	0.42503263300668015	1.703831726935655
0.0	0.0	0.0	1.0
7	31	23
0.4189719198475037	-0.20826568187589808	0.8837917730737328	-2.7335279240695898
0.2236285766742662	0.9670258258606415	0.12186598441385098	-0.4301431919959097
-0.8800301009250361	0.14658269750251446	0.4517308480084068	1.5545954457400886
0.0	0.0	0.0	1.0
7	33	50
0.43239613	-0.12918456	0.89238154	-3.08141860
0.25696789	0.96629755	0.01537324	-0.24146172
-0.86429221	0.22266614	0.45101957	1.29193611
-0.00000000	-0.00000000	0.00000000	0.99999990
8	29	24
0.4207422406223246	-0.20638966840615772	0.8833908402528018	-2.3840256317881887
0.28793685610467795	0.9538068771013412	0.08570234506940048	-0.43772176797415957
-0.8602723348304575	0.21830213171762028	0.4607340667641911	1.555602445762636
0.0	0.0	0.0	1.0
8	30	25
0.3540681599057419	-0.1940326926370038	0.9148699352381606	-2.4329210888760606
0.2110783499958155	0.9695789639893253	0.12394536663167227	-0.2552557326575042
-0.9110882621666941	0.1492241251103425	0.38425319678982206	1.688779362054391
0.0	0.0	0.0	1.0
8	31	26
0.36545470651283823	-0.2624941000339546	0.8930507631635555	-2.7111865687841776
0.240797422409906	0.9534161626822475	0.18169800567635466	-0.4136740315442053
-0.8991439017394517	0.1486419177167704	0.4116383705854989	1.5403041915859006
0.0	0.0	0.0	1.0
9	29	27
0.33488618190074493	-0.28700631178407293	0.8974846634880814	-2.3478833997228867
0.307531783969737	0.9336159572661349	0.18380866655108152	-0.41309122627966394
-0.8906601280765655	0.2144500708191293	0.4009186201414523	1.5268735021154445
0.0	0.0	0.0	1.0
9	30	28
0.2660939863087949	-0.27461607072976946	0.9240021324787056	-2.3991379651645026
0.2281046980861896	0.9492749858352435	0.2164376263973495	-0.23328906063465177
-0.9365694044488039	0.15317651483802466	0.31523756768690464	1.6553960961083936
0.0	0.0	0.0	1.0
9	31	29
0.27731632999599737	-0.34162488213610087	0.8979911205194252	-2.67799031975376
0.25212173865542475	0.9277704435027944	0.2750939401424118	-0.3892665631015943
-0.9271086468837607	0.15011507152212875	0.3434169230296858	1.5080464583218152
0.0	0.0	0.0	1.0
10	30	30
0.29068810891541924	-0.3347156778717614	0.8963625998463706	-2.380907845228439
0.25206996821263516	0.9305120199661053	0.26572189898541737	-0.19037613676235104
-0.9230173676474441	0.14870393339043367	0.35486059504695894	1.568616534354027
0.0	0.0	0.0	1.0
10	31	31
0.2998547104968656	-0.4001847466616408	0.8659904214357503	-2.66015548365145
0.2775698232622473	0.9050858266152133	0.32214080818514246	-0.3446043250736301
-0.9127114546202573	0.14377740109184842	0.3824734903765153	1.422071152844256
0.0	0.0	0.0	1.0
11	29	32
0.43584366331934016	-0.36819913079152733	0.8212611099779512	-2.286144327104983
0.30943232799466996	0.9181669202232798	0.24742936479924618	-0.29529788288652176
-0.8451579787596086	0.14628419460510964	0.5141099820294496	1.302103306969709
0.0	0.0	0.0	1.0
12	30	33
0.5899677266794001	-0.21076646515102884	0.7794329236675006	-2.369358692263876
0.15621839586809796	0.976885209214744	0.14591480051720268	-0.14942658556709595
-0.792170511684658	0.035676720298517525	0.6092563526875403	1.3377572761729857
0.0	0.0	0.0	1.0
13	30	34
0.6500710040970148	-0.2484307737704516	0.7181155269127947	-2.349289760842648
0.1871672260867925	0.9682790641527115	0.16554204230410932	-0.13485448956705576
-0.7364619598935868	0.02679360382514281	0.6759482779711466	1.2988199923818626
0.0	0.0	0.0	1.0
16	30	35
0.0923399854161326	-0.43613240558145394	0.8951323818906518	-2.0640515145428076
0.2573787695653	0.8788767433208372	0.4016614606215911	-0.0373614024057129
-0.9618885846959159	0.19329861919052166	0.19340673812131792	1.0788040928435683
0.0	0.0	0.0	1.0
18	29	37
0.3957354953561981	-0.3546441566829401	0.8471252344033322	-1.828432109208682
0.33013562225427073	0.9157019639578055	0.22913016077661555	-0.10624881125347137
-0.8569738640157976	0.18899122633135051	0.4794563898817346	0.7109281267185281
0.0	0.0	0.0	1.0
19	29	38
0.5325360979267818	-0.3343146903628436	0.7775855492634094	-1.6763899535213205
0.26448075690001743	0.9384135602443591	0.222329021024365	-0.06707606465769707
-0.8040245670281361	0.08725814348211332	0.5881587990135142	0.61240730255839
0.0	0.0	0.0	1.0
19	30	39
0.46985393844905443	-0.3312981462044205	0.818216929429728	-1.7993337635972715
0.19241313903983134	0.9430510387823893	0.27135218054120736	0.030467935152801485
-0.8615188473690644	0.029939793816439544	0.5068423216195092	0.6666870790227734
0.0	0.0	0.0	1.0
20	30	40
0.5720671859796423	-0.3053625899570011	0.7612443113713527	-1.6620028560825766
0.17521793287182344	0.9521858308072649	0.2502816406278112	0.03531735352156522
-0.801272757991965	-0.009794265406807208	0.5982192438096348	0.5466052073579167
0.0	0.0	0.0	1.0
21	30	41
0.7415935596906366	-0.2773113077987369	0.6108498598537806	-1.5402152110588183
0.16543906046963752	0.958038418202054	0.23407770361978217	0.08801489000978995
-0.6501300895724544	-0.07253210138513044	0.7563531788047356	0.3648492077969105
0.0	0.0	0.0	1.0
22	30	42
0.7616024746541548	-0.20533513904302977	0.614653738483736	-1.4084904081594265
0.0927492678659445	0.9732476855487457	0.2102059420239731	0.10422133379394266
-0.6413730031363136	-0.10308469116733227	0.7602725032989607	0.1703079838953929
0.0	0.0	0.0	1.0
22	31	43
0.7719858742847744	-0.2667007875876801	0.5769823070441893	-1.6694400037972512
0.14786421944934808	0.9581661946061396	0.24505874701112856	0.02419740111227773
-0.6182023579188327	-0.10386688169486945	0.7791262546667864	0.05454834044577047
0.0	0.0	0.0	1.0
22	33	44
0.7791185682167979	-0.18905918222114515	0.5976879553949253	-1.9896965076270179
0.13312967132227413	0.9815907056664167	0.13695264064419302	0.24125779180685544
-0.6125771815331691	-0.02713232659239593	0.7899448675286662	-0.1791090440232714
0.0	0.0	0.0	1.0
23	30	45
0.7743096883620466	-0.24048441174102353	0.5853304409647602	-1.2511021236996775
0.12522171333231716	0.964913078496519	0.23078613549651125	0.1298397235641065
-0.620293491715861	-0.10540387411499384	0.77725544098979	0.08331510376805554
0.0	0.0	0.0	1.0
23	31	46
0.7818834434562478	-0.3011340976495447	0.5458722590519487	-1.511655870577086
0.18095507857433898	0.9475299336067127	0.26351907153867243	0.06085869905702909
-0.596584956816582	-0.10726287411737104	0.7953497485596012	-0.027642037736175937
0.0	0.0	0.0	1.0
23	33	47
0.7917275709789956	-0.22424932889785262	0.5682249592714134	-1.8297744106204141
0.16354622853129813	0.9740386175102042	0.15652857764724068	0.2714425356641615
-0.5885745860942571	-0.030996921853437838	0.8078483523495964	-0.25978709209191614
0.0	0.0	0.0	1.0
23	34	48
0.6314750746045744	-0.28580929579642284	0.7207996975697072	-1.9864615364566036
0.21120553659031954	0.9578402172117839	0.1947677864770669	0.21353254014675047
-0.7460773202641564	0.029245902855261827	0.6652166974300414	0.04387669850906898
0.0	0.0	0.0	1.0
24	30	49
0.7893792734576586	-0.24025355844573906	0.5649412891357258	-1.0471749413603213
0.06849627980110665	0.9489631982368876	0.30785903754247074	0.14381461517406385
-0.6100727366640408	-0.2043211543852859	0.7655483590190253	0.028845399615127814
0.0	0.0	0.0	1.0
24	31	50
0.8003994435920084	-0.29697426081918904	0.5207370721892814	-1.3076219925841592
0.1252841731340043	0.932352923308198	0.33914899132164705	0.08875985870845023
-0.5862293153223287	-0.2062145583341674	0.7834609484971349	-0.07601801961261079
0.0	0.0	0.0	1.0
24	32	51
0.8280872651784992	-0.20312900306950957	0.5225036396764448	-1.4830909721143024
0.07216492627556817	0.9629153990975713	0.259973753017506	0.26437260646917393
-0.5559350423428734	-0.17757448044851457	0.8120367698885312	-0.20925349784415131
0.0	0.0	0.0	1.0
24	33	52
0.8057384561787	-0.22168712856723272	0.5492179630375632	-1.6243347961225845
0.10593761880688676	0.9662972699615012	0.23462034566182974	0.28659944951038707
-0.5827202229531051	-0.1308597530859439	0.8020678512172799	-0.3078844232971331
0.0	0.0	0.0	1.0
24	34	53
0.6499897126589794	-0.3047509723383599	0.6961610726111258	-1.7979411405426404
0.15461559281542453	0.9499422008345434	0.27148498801882875	0.24146044928521337
-0.7440480111676616	-0.06882506113086048	0.6645718711236148	-0.04793075507859787
0.0	0.0	0.0	1.0
