0	29	1
0.5255362733964111	-0.36115478054354444	0.7703109530249901	-2.3710103805973524
0.25065207134634054	0.9309663060998755	0.2654722057682298	-0.3296952394074842
-0.8130100130829591	0.05356476644169333	0.5797807031733824	1.4950742614398094
0.0	0.0	0.0	1.0
0	30	2
0.4622689180853467	-0.3605402640323653	0.810134627727636	-2.424964377799799
0.17786642576074968	0.9327432533752424	0.31361375897919497	-0.15294123621112085
-0.8687180748468747	-0.0008781155663706758	0.49530621963761523	1.6182724579148404
0.0	0.0	0.0	1.0
1	29	3
0.475111645279872	-0.39044676916225524	0.7885559597747148	-2.362061104726234
0.2569546141708221	0.9186641340851287	0.3000512933784216	-0.3356927184976102
-0.8415719991340522	0.06006518987396749	0.5367950317808633	1.5370667060980163
0.0	0.0	0.0	1.0
1	30	4
0.40982594738247424	-0.38920773701069444	0.8249606793694936	-2.412880900124687
0.18174609647404508	0.9211076632211355	0.3442805280847458	-0.1552710749659329
-0.8938742784094794	0.008838285523568697	0.44823076083324465	1.6598415304725673
0.0	0.0	0.0	1.0
1	31	5
0.42252204162022106	-0.44985300887609886	0.7868338528285098	-2.6970278964647276
0.21511286590977446	0.8930996847555552	0.39509429859128675	-0.31236960180837137
-0.8804555046585212	0.002322021229246918	0.47412341189608725	1.512503395303132
0.0	0.0	0.0	1.0
1	33	6
0.435247441240171	-0.37646625372751563	0.8178220219990484	-3.0357079510711475
0.2482541888011698	0.9233458492928127	0.29292009713839473	-0.12407701347940428
-0.8654071820319462	0.07553505829705155	0.4953431282274654	1.2586799032838132
0.0	0.0	0.0	1.0
2	29	7
0.46398108491522766	-0.4186199806732154	0.7806914065019042	-2.356410410944695
0.2723046276667804	0.9060248947766696	0.3239896399564258	-0.3266503635621331
-0.842954289703905	0.06226082624981445	0.5343705372382181	1.5520445925936794
0.0	0.0	0.0	1.0
2	30	8
0.3985510718179265	-0.4170789307022176	0.8168244933709295	-2.4061718932796374
0.1969372636385681	0.9087589649060737	0.36793054161685074	-0.14496758332846377
-0.8957527259514184	0.014224111109341284	0.4443252491827612	1.673511159362597
0.0	0.0	0.0	1.0
4	16	9
0.9213297029880413	0.12365100758596502	-0.36859451786890096	-0.6876578658650465
-0.18950799664108914	0.9706503798748307	-0.1480689662502103	0.09629504326323728
0.33946759283607325	0.20627199609621932	0.9177219062763999	-0.28748016896031653
0.0	0.0	0.0	1.0
4	17	10
0.9707307278207359	0.05914002079684521	-0.23277478437107385	-0.9054006487491316
-0.08513952856517498	0.9910022784056092	-0.10327441118844946	0.03901628359832941
0.22457268440886416	0.12006998741120206	0.9670316491221341	-0.1819324913661954
0.0	0.0	0.0	1.0
4	28	11
0.5733780426574311	-0.20508821512087266	0.7932063360976219	-2.2949505414283182
0.3020357458953196	0.9528839271156565	0.02804383132455384	-0.5082618058952704
-0.7615852058185996	0.22349699189728586	0.6083067559093476	1.5571984283271187
0.0	0.0	0.0	1.0
4	29	12
0.5339225273789558	-0.23649875660251354	0.8117852060287297	-2.379101787535196
0.27855502768571005	0.9556891544217082	0.0952128962464991	-0.42898256052000766
-0.7983319350767183	0.17529050854772993	0.5761418725498866	1.571323034404081
0.0	0.0	0.0	1.0
4	30	13
0.47159458473940585	-0.22727340973323581	0.8520242579166056	-2.426880091021406
0.20692758357008148	0.9677587001928485	0.1436107469969292	-0.2451881694680133
-0.8571928382934394	0.10858127939421525	0.5034189327938533	1.7032674737041613
0.0	0.0	0.0	1.0
4	31	14
0.48138530462094153	-0.29434787720699557	0.8256073687231811	-2.7062526426332445
0.24407758305303115	0.9496862081245168	0.19627087894011852	-0.40333304222584715
-0.8418399457225115	0.10703033225024626	0.5290087302538131	1.555017287782351
0.0	0.0	0.0	1.0
5	16	15
0.9245419657427485	0.11384043669216991	-0.36367889457330876	-0.6986549470823845
-0.21157849378003055	0.9470760805874795	-0.24141513775738768	0.08080028656297286
0.3169488712523037	0.3001451695759417	0.8996977967508009	-0.3183919816308525
0.0	0.0	0.0	1.0
5	27	16
0.6218680526287719	-0.1214236686639523	0.7736512611111179	-2.2815519492907472
0.31500436696576545	0.9432460333817926	-0.10516209015661107	-0.6474297776938389
-0.7169743160073848	0.3091005601434649	0.6248235755919921	1.4238581234641072
0.0	0.0	0.0	1.0
5	28	17
0.5636154092373029	-0.1144955642673455	0.8180637030197496	-2.31788889384018
0.27690190002687426	0.959234320050782	-0.056521421918255835	-0.5359250066723406
-0.7782435072701063	0.25837981653649733	0.572343316543144	1.5521844554744448
0.0	0.0	0.0	1.0
7	17	18
0.9852570171895827	0.04867173895045296	-0.16401054697117878	-0.9186689446593659
-0.08216143359191033	0.975500809638079	-0.20407717646492973	0.026232535467781863
0.15005961349279612	0.21454387256669294	0.965118084630973	-0.215450312362116
0.0	0.0	0.0	1.0
7	26	19
0.6681147146405262	-0.11990124837761788	0.7343338398821719	-2.2809103830693047
0.35008358219172114	0.9215209193030269	-0.16804961124287257	-0.6382820354532959
-0.6565547294206001	0.369354722791258	0.6576572189431092	1.0980673692408667
0.0	0.0	0.0	1.0
7	27	20
0.5733501722744143	-0.1292547301572166	0.8090504745306064	-2.2881597678598635
0.3348004055433048	0.9382296856865987	-0.0873706565901549	-0.6428637873785217
-0.7477821340638763	0.3209644898088192	0.581208731457574	1.4224391350399146
0.0	0.0	0.0	1.0
7	28	21
0.5126949196108023	-0.12137259611869816	0.8499484801895938	-2.3246557674369708
0.29414547344071174	0.9548775595846276	-0.04107418750931966	-0.5315364820965957
-0.8066116610013536	0.27106710170038306	0.5252621257109846	1.5509699014493536
0.0	0.0	0.0	1.0
7	29	22
0.47210734734706444	-0.15135333015654093	0.868450876913623	-2.4080160639443244
0.26563036376264826	0.9637869438495952	0.023566418836327582	-0.45373365908192337
-0.8405683873567158	0.21956104086272143	0.49521494104321845	1.5675477043677193
0.0	0.0	0.0	1.0
7	30	23
0.4068639766929619	-0.139103342009798	0.9028354831362699	-2.455878355595754
0.19048172977781364	0.9795311912163377	0.06507928611026335	-0.27012181383220163
-0.893408340787294	0.1454952853680753	0.42503263300668004	1.7038317269356613
0.0	0.0	0.0	1.0
7	31	24
0.4189719198475036	-0.20826568187589808	0.8837917730737327	-2.7335279240695827
0.2236285766742662	0.9670258258606415	0.12186598441385098	-0.4301431919959097
-0.8800301009250362	0.14658269750251446	0.45173084800840674	1.5545954457400957
0.0	0.0	0.0	1.0
7	33	25
0.43239613253020315	-0.12918455887470418	0.8923815446043653	-3.0814185973708823
0.25696788639122387	0.9662975457910956	0.015373241330043898	-0.24146172178292152
-0.8642922127761136	0.22266613519342954	0.45101956556239664	1.2919361099852105
0.0	0.0	0.0	1.0
8	29	26
0.4207422406223245	-0.20638966840615774	0.8833908402528015	-2.3840256317881816
0.28793685610467795	0.9538068771013413	0.08570234506940064	-0.4377217679741631
-0.8602723348304574	0.21830213171762025	0.4607340667641909	1.555602445762636
0.0	0.0	0.0	1.0
8	30	27
0.3540681599057419	-0.19403269263700376	0.9148699352381603	-2.4329210888760606
0.2110783499958155	0.9695789639893252	0.12394536663167231	-0.2552557326575113
-0.911088262166694	0.14922412511034253	0.384253196789822	1.6887793620543972
0.0	0.0	0.0	1.0
8	31	28
0.3654547065128381	-0.2624941000339546	0.8930507631635554	-2.7111865687841776
0.240797422409906	0.9534161626822475	0.18169800567635466	-0.4136740315442053
-0.8991439017394518	0.1486419177167704	0.41163837058549885	1.5403041915859041
0.0	0.0	0.0	1.0
9	29	29
0.3348861819007449	-0.28700631178407293	0.8974846634880811	-2.347883399722894
0.307531783969737	0.933615957266135	0.18380866655108166	-0.4130912262796675
-0.8906601280765654	0.21445007081912926	0.4009186201414521	1.526873502115448
0.0	0.0	0.0	1.0
9	30	30
0.26609398630879505	-0.2746160707297694	0.9240021324787053	-2.3991379651645026
0.2281046980861896	0.9492749858352434	0.2164376263973495	-0.23328906063465887
-0.9365694044488038	0.1531765148380247	0.31523756768690453	1.6553960961083998
0.0	0.0	0.0	1.0
9	31	31
0.27731632999599737	-0.3416248821361008	0.8979911205194251	-2.67799031975376
0.2521217386554248	0.9277704435027944	0.2750939401424118	-0.3892665631015943
-0.9271086468837608	0.15011507152212875	0.34341692302968574	1.5080464583218187
0.0	0.0	0.0	1.0
10	30	32
0.2906881089154193	-0.3347156778717613	0.8963625998463703	-2.380907845228439
0.25206996821263516	0.9305120199661052	0.2657218989854173	-0.1903761367623546
-0.9230173676474441	0.14870393339043372	0.3548605950469588	1.5686165343540333
0.0	0.0	0.0	1.0
10	31	33
0.29985471049686546	-0.4001847466616408	0.8659904214357502	-2.660155483651443
0.2775698232622473	0.9050858266152133	0.32214080818514246	-0.3446043250736301
-0.9127114546202574	0.14377740109184842	0.38247349037651523	1.4220711528442596
0.0	0.0	0.0	1.0
11	29	34
0.43584366331934005	-0.3681991307915273	0.8212611099779509	-2.2861443271049757
0.30943232799466996	0.9181669202232798	0.24742936479924632	-0.29529788288652176
-0.8451579787596085	0.14628419460510966	0.5141099820294494	1.302103306969709
0.0	0.0	0.0	1.0
12	30	35
0.5899677266794001	-0.2107664651510288	0.7794329236675004	-2.369358692263862
0.15621839586809802	0.9768852092147439	0.1459148005172027	-0.1494265855670995
-0.792170511684658	0.03567672029851756	0.6092563526875402	1.337757276172992
0.0	0.0	0.0	1.0
13	30	36
0.6500710040970147	-0.24843077377045153	0.7181155269127945	-2.349289760842641
0.18716722608679254	0.9682790641527114	0.16554204230410938	-0.13485448956706286
-0.7364619598935866	0.02679360382514285	0.6759482779711465	1.2988199923818697
0.0	0.0	0.0	1.0
16	30	37
0.09233998541613277	-0.43613240558145383	0.8951323818906516	-2.0640515145428004
0.2573787695653	0.8788767433208371	0.40166146062159114	-0.03736140240572001
-0.9618885846959159	0.19329861919052163	0.1934067381213178	1.0788040928435745
0.0	0.0	0.0	1.0
18	29	38
0.395735495356198	-0.35464415668294	0.8471252344033319	-1.828432109208689
0.3301356222542707	0.9157019639578055	0.22913016077661574	-0.10624881125347137
-0.8569738640157974	0.18899122633135051	0.47945638988173445	0.7109281267185317
0.0	0.0	0.0	1.0
19	29	39
0.5325360979267818	-0.33431469036284356	0.7775855492634091	-1.6763899535213205
0.26448075690001743	0.9384135602443591	0.22232902102436514	-0.06707606465770062
-0.804024567028136	0.08725814348211335	0.588158799013514	0.61240730255839
0.0	0.0	0.0	1.0
19	30	40
0.4698539384490544	-0.3312981462044204	0.8182169294297277	-1.7993337635972644
0.19241313903983134	0.9430510387823892	0.27135218054120736	0.03046793515279438
-0.8615188473690644	0.029939793816439585	0.506842321619509	0.6666870790227796
0.0	0.0	0.0	1.0
20	30	41
0.5720671859796422	-0.305362589957001	0.7612443113713525	-1.6620028560825766
0.17521793287182344	0.9521858308072648	0.2502816406278113	0.035317353521561665
-0.801272757991965	-0.00979426540680722	0.5982192438096346	0.546605207357923
0.0	0.0	0.0	1.0
21	30	42
0.7415935596906365	-0.2773113077987368	0.6108498598537804	-1.5402152110588112
0.16543906046963758	0.9580384182020539	0.23407770361978214	0.08801489000978639
-0.6501300895724544	-0.07253210138513044	0.7563531788047355	0.3648492077969158
0.0	0.0	0.0	1.0
22	30	43
0.7616024746541546	-0.20533513904302972	0.6146537384837357	-1.4084904081594194
0.09274926786594455	0.9732476855487456	0.2102059420239731	0.10422133379393911
-0.6413730031363135	-0.10308469116733225	0.7602725032989606	0.1703079838954
0.0	0.0	0.0	1.0
22	31	44
0.7719858742847743	-0.2667007875876801	0.5769823070441893	-1.669440003797244
0.1478642194493481	0.9581661946061396	0.24505874701112856	0.02419740111227773
-0.6182023579188328	-0.10386688169486945	0.7791262546667864	0.05454834044577402
0.0	0.0	0.0	1.0
22	33	45
0.7791185682167981	-0.1890591822211452	0.5976879553949253	-1.989696507627032
0.13312967132227407	0.9815907056664168	0.13695264064419302	0.241257791806859
-0.6125771815331691	-0.027132326592395985	0.7899448675286662	-0.1791090440232785
0.0	0.0	0.0	1.0
23	30	46
0.7743096883620465	-0.24048441174102345	0.58533044096476	-1.2511021236996704
0.1252217133323172	0.9649130784965188	0.23078613549651122	0.12983972356410295
-0.620293491715861	-0.10540387411499383	0.7772554409897899	0.08331510376806264
0.0	0.0	0.0	1.0
23	31	47
0.7818834434562477	-0.3011340976495447	0.5458722590519486	-1.511655870577086
0.18095507857433898	0.9475299336067127	0.26351907153867243	0.06085869905702909
-0.5965849568165821	-0.10726287411737101	0.795349748559601	-0.027642037736172385
0.0	0.0	0.0	1.0
23	33	48
0.7917275709789958	-0.2242493288978527	0.5682249592714134	-1.8297744106204212
0.1635462285312981	0.9740386175102043	0.15652857764724074	0.2714425356641615
-0.5885745860942571	-0.030996921853437893	0.8078483523495964	-0.25978709209192324
0.0	0.0	0.0	1.0
23	34	49
0.6314750746045745	-0.2858092957964227	0.720799697569707	-1.9864615364566036
0.2112055365903196	0.957840217211784	0.19476778647706697	0.21353254014675224
-0.7460773202641563	0.02924590285526167	0.6652166974300415	0.04387669850906365
0.0	0.0	0.0	1.0
24	30	50
0.7893792734576585	-0.24025355844573898	0.5649412891357256	-1.0471749413603213
0.0684962798011067	0.9489631982368874	0.30785903754247074	0.14381461517405675
-0.6100727366640408	-0.20432115438528586	0.7655483590190252	0.02884539961513492
0.0	0.0	0.0	1.0
24	31	51
0.8003994435920083	-0.29697426081918904	0.5207370721892814	-1.3076219925841592
0.12528417313400433	0.932352923308198	0.33914899132164705	0.08875985870844845
-0.5862293153223288	-0.2062145583341674	0.7834609484971349	-0.07601801961260723
0.0	0.0	0.0	1.0
24	32	52
0.8280872651784991	-0.2031290030695096	0.5225036396764448	-1.4830909721143024
0.07216492627556825	0.9629153990975713	0.259973753017506	0.26437260646917393
-0.5559350423428734	-0.17757448044851457	0.8120367698885312	-0.20925349784415131
0.0	0.0	0.0	1.0
24	33	53
0.8057384561787002	-0.2216871285672328	0.5492179630375632	-1.6243347961225987
0.10593761880688671	0.9662972699615012	0.2346203456618298	0.2865994495103906
-0.5827202229531051	-0.13085975308594394	0.8020678512172799	-0.30788442329713667
0.0	0.0	0.0	1.0
24	34	54
0.6499897126589795	-0.30475097233835974	0.6961610726111255	-1.7979411405426404
0.15461559281542456	0.9499422008345436	0.2714849880188288	0.24146044928521515
-0.7440480111676615	-0.0688250611308606	0.6645718711236148	-0.04793075507860364
0.0	0.0	0.0	1.0
