16	21	1
0.6883213022490997	0.2416643895424438	-0.6839676211618186	0.10345115912789411
0.0152083573487564	0.9378612782250372	0.34667699155290194	0.07847086549069589
0.7252463435402025	-0.24902733393779086	0.6418747844190135	0.6219021282323918
0.0	0.0	0.0	1.0
16	22	2
0.5516622748834638	0.2906293093235791	-0.7817948934769572	0.017710845533727843
0.05379805302983451	0.9229775548303274	0.3810751659261711	0.14406427418564785
0.8323307615408692	-0.25228390985362426	0.49353664264538394	0.7553584870490745
0.0	0.0	0.0	1.0
17	21	3
0.8264962477658696	0.19055299626848463	-0.529710591271681	0.17170048149256278
-0.025607768857543293	0.9527204748950675	0.3027671839722319	0.08161992746268885
0.5623593337297189	-0.23667131256424523	0.7922996445886427	0.49419879435551506
0.0	0.0	0.0	1.0
17	22	4
0.7156731665778286	0.23829740982694383	-0.6565259788945744	0.10717863082417958
0.004204440558684837	0.9385083933306371	0.34523096831880606	0.140303456696471
0.698422762415183	-0.2498328714391686	0.6706632778843236	0.641527910218078
0.0	0.0	0.0	1.0
17	23	5
0.6292802973490872	0.2436562763483137	-0.7379958983600536	0.07849712458947959
0.07381533508818561	0.9265527208634488	0.36885148206052604	0.24242687345782332
0.7736651039906003	-0.28658643298822734	0.5650757949239303	0.7293535522706872
0.0	0.0	0.0	1.0
