16	21	1
0.6883213022490996	0.2416643895424438	-0.6839676211618185	0.10345115912789411
0.0152083573487564	0.9378612782250372	0.34667699155290194	0.07847086549069633
0.7252463435402026	-0.24902733393779086	0.6418747844190136	0.6219021282323918
0.0	0.0	0.0	1.0
16	22	2
0.5516622748834636	0.290629309323579	-0.7817948934769571	0.017710845533727843
0.053798053029834564	0.9229775548303274	0.3810751659261711	0.14406427418564874
0.8323307615408692	-0.25228390985362426	0.493536642645384	0.7553584870490763
0.0	0.0	0.0	1.0
17	21	3
0.8264962477658695	0.1905529962684846	-0.529710591271681	0.17170048149256456
-0.025607768857543286	0.9527204748950675	0.3027671839722319	0.0816199274626893
0.5623593337297189	-0.23667131256424523	0.7922996445886428	0.49419879435551506
0.0	0.0	0.0	1.0
17	22	4
0.7156731665778285	0.23829740982694378	-0.6565259788945742	0.10717863082418314
0.0042044405586848825	0.9385083933306371	0.34523096831880606	0.1403034566964719
0.698422762415183	-0.2498328714391686	0.6706632778843236	0.6415279102180798
0.0	0.0	0.0	1.0
17	23	5
0.6292802973490872	0.2436562763483137	-0.7379958983600536	0.07849712458947959
0.07381533508818561	0.9265527208634485	0.368851482060526	0.24242687345782288
0.7736651039906003	-0.28658643298822734	0.5650757949239303	0.7293535522706854
0.0	0.0	0.0	1.0
