12	15	1
0.6347099146662428	0.49822994176295987	-0.59068626332566	-0.10009434693033603
-0.05116370989223393	0.7898122317549405	0.6112110299346258	0.23041080847401926
0.771054983585022	-0.357720006343785	0.5267929041622472	0.2640767058262962
0.0	0.0	0.0	1.0
12	20	2
0.7823192136426778	0.37785268127026445	-0.49518068990353953	0.020329888912717285
0.15489311990153898	0.6520021611383746	0.7422272425977805	0.5144021650454973
0.6033114851647595	-0.6573588034116535	0.45154698544230043	0.6338517791832904
0.0	0.0	0.0	1.0
13	15	3
0.9046963145177129	0.25850289389409364	-0.3386751452079463	-0.09642735601067232
-0.08206151994864552	0.8857455033190432	0.45685972578891676	0.18328996533805025
0.4180795584350718	-0.38552721729402895	0.8225438648133808	0.26969971178494667
0.0	0.0	0.0	1.0
13	16	4
0.7996130125002987	0.298098575071382	-0.5213023713336473	-0.26453120419716947
0.04409087144943625	0.8366049478776011	0.5460292985779877	0.25659389769754587
0.5988948134720468	-0.45959698153675854	0.6558169134768664	0.313871745240458
0.0	0.0	0.0	1.0
13	19	5
0.8230010125636299	0.3215846449943258	-0.46824427351861264	-0.3369661203960841
0.13229020893204732	0.6931408561728362	0.7085584303546262	0.5220537996135599
0.5524207649077891	-0.6450885264449451	0.5279130413932963	0.46735241237796554
0.0	0.0	0.0	1.0
13	20	6
0.974411950443223	0.13356080390627553	-0.18078369220007384	0.02716393842123832
0.023244988875393655	0.7401156637382973	0.6720776900129616	0.47063630454430616
0.22356404890074072	-0.659083018790701	0.7180729671018832	0.651266815850883
0.0	0.0	0.0	1.0
14	20	7
0.9987083458659362	-0.018109138936112334	0.04747340658848367	0.043453080603665956
-0.010822252772290198	0.8370757555324625	0.5469797849018203	0.3507746243007908
-0.04964418594510132	-0.5467871442192284	0.8357985633076023	0.5396779526222241
0.0	0.0	0.0	1.0
14	21	8
0.987403762603963	-0.08426273239133068	0.1339166941069246	0.19994892544015763
0.03234256191256994	0.9360100968848525	0.3504836426263324	0.14591206242344304
-0.1548800572396338	-0.34173775894847896	0.9269452609325459	0.6139971651524827
0.0	0.0	0.0	1.0
14	22	9
0.9751170832498685	-0.13480687422905463	0.17599372860145718	0.316805913800008
0.11658504744922003	0.9870584049072856	0.11010737505305229	-0.10547592651958981
-0.1885593291278571	-0.08684937916546108	0.97821393722896	0.5569840768532035
0.0	0.0	0.0	1.0
14	23	10
0.9443432220787558	-0.20074877474826247	0.2606068899292903	0.43959560735691994
0.23936133846302618	0.962754739611856	-0.1257349987814098	-0.27991711808445346
-0.22565932185891233	0.18111622256479395	0.9572223580281486	0.35186535543716285
0.0	0.0	0.0	1.0
15	22	11
0.9262866368715185	-0.11688787481677101	0.35823194199292463	0.330881015107531
0.18374207022257225	0.9701002524254838	-0.1585700466910493	-0.16899197061243304
-0.32898602886178957	0.21270364067757608	0.9200680916212485	0.39365960371584974
0.0	0.0	0.0	1.0
15	23	12
0.8785882684252677	-0.1536870343655318	0.452175748801725	0.4419519469992749
0.33549703819137133	0.8724505380437754	-0.3553472716768169	-0.2989062753861268
-0.33988868278776435	0.4639076942911023	0.8180863299597281	0.17710511256735226
0.0	0.0	0.0	1.0
16	22	13
0.8346243915351553	0.0025801005353696433	0.5508133732972331	0.36398971999288676
0.1741748807672694	0.9474425738645919	-0.26835779638237167	-0.1644697493557739
-0.5225565048597085	0.31991587424215273	0.7903091332619544	0.24413474412065914
0.0	0.0	0.0	1.0
17	22	14
0.6974330485736938	0.005983840146245363	0.7166248288785007	0.4274322635408482
0.18365088942045366	0.9650811225274311	-0.18679101057688371	-0.1325185273925375
-0.6927189020229713	0.2618830598251727	0.671980475458517	0.11894693767430849
0.0	0.0	0.0	1.0
18	22	15
0.6519014523047616	0.10587793612869158	0.7508756506515953	0.41616996313563315
0.23100199156155624	0.915413102517756	-0.329631856372895	-0.17868836687074535
-0.7222621495431869	0.38834132524866466	0.5723010193963133	0.0014106670258833063
0.0	0.0	0.0	1.0
19	22	16
0.8540551289326078	0.07908686499519298	0.5141350934158996	0.3229700904155759
0.21067548538194775	0.8510974856760303	-0.48088348851920637	-0.2002525005894898
-0.47561073867186543	0.5190167636573645	0.7102226018940888	-0.05063218214752043
0.0	0.0	0.0	1.0
20	22	17
0.9846538048025909	-0.02713150690722642	0.17239709460509517	0.19049784384038237
0.10378684697014579	0.885207572060533	-0.4534709727077416	-0.1757658872929878
-0.1403038441919467	0.4644045275634158	0.8744388685999256	-0.07173600522226575
0.0	0.0	0.0	1.0
20	23	18
0.9591307209542181	-0.03571513451352821	0.2807005828143909	0.25895852167924793
0.21564842539861376	0.7345337946895113	-0.6433939046925616	-0.19971805709331258
-0.18320508540269118	0.6776315957554233	0.71221580076884	-0.2622370052668126
0.0	0.0	0.0	1.0
37	41	20
0.8271405925076949	0.24537375354891108	-0.5055988949087041	0.3429630185064268
0.09082626892689293	0.829458118120913	0.5511350971359477	0.18360167177214984
0.5546072570658944	-0.5017879324182914	0.6637920760522492	-0.18730865161778193
0.0	0.0	0.0	1.0
38	41	21
0.8884071594396811	0.1340257026997106	-0.43905539225443346	0.29018889076274423
0.036633272344166405	0.9326817194489425	0.3588352235150216	0.09993304606172242
0.4575921863570218	-0.33487592854987225	0.8236914539320377	-0.14523391223136117
0.0	0.0	0.0	1.0
39	41	22
0.8483533117374326	0.1476513790835273	-0.508424624359346	0.19109838234286838
0.04431180640563067	0.93715194237594	0.3460961886635023	0.07990069115926857
0.5275728386466261	-0.31614113246629993	0.7884933695161392	-0.09744562952246671
0.0	0.0	0.0	1.0
40	41	23
0.8999565889233151	0.027128709536376357	-0.4351344697449982	0.05811806770923107
0.07997315730239651	0.9708550238553304	0.22593107422871658	0.0626735358718659
0.4285818184381894	-0.2381272842025109	0.8715578934448152	-0.0441589833624258
0.0	0.0	0.0	1.0
40	42	24
0.5654850658646324	0.08056461212446563	-0.8208141565117043	-0.008430787265428332
0.2010912837317987	0.9517147244456893	0.23195098459521984	0.06990489217882341
0.7998680673558639	-0.29622342942315183	0.5219796743426226	-0.019772233374220956
0.0	0.0	0.0	1.0
40	43	25
0.31307932293469176	0.08200701124682025	-0.9461796433275658	-0.07983908619350952
0.14679344581573228	0.9801143231235576	0.13352034827165501	0.043333868528880395
0.9383139215565274	-0.18069546960360353	0.2948155700192867	-0.010914190206196632
0.0	0.0	0.0	1.0
