12	15	1
0.6347099146662428	0.49822994176295987	-0.5906862633256601	-0.10009434693033603
-0.05116370989223392	0.7898122317549405	0.6112110299346258	0.23041080847401937
0.771054983585022	-0.35772000634378487	0.5267929041622471	0.2640767058262958
0.0	0.0	0.0	1.0
12	20	2
0.7823192136426778	0.3778526812702645	-0.4951806899035396	0.020329888912717507
0.15489311990153898	0.6520021611383746	0.7422272425977805	0.5144021650454972
0.6033114851647593	-0.6573588034116534	0.4515469854423003	0.6338517791832895
0.0	0.0	0.0	1.0
13	15	3
0.9046963145177129	0.2585028938940937	-0.33867514520794634	-0.09642735601067232
-0.08206151994864552	0.8857455033190432	0.45685972578891676	0.18328996533805042
0.4180795584350718	-0.38552721729402883	0.8225438648133807	0.26969971178494623
0.0	0.0	0.0	1.0
13	16	4
0.7996130125002987	0.29809857507138193	-0.5213023713336473	-0.264531204197169
0.04409087144943625	0.8366049478776013	0.5460292985779878	0.25659389769754576
0.5988948134720468	-0.45959698153675854	0.6558169134768664	0.3138717452404576
0.0	0.0	0.0	1.0
13	19	5
0.8230010125636298	0.32158464499432593	-0.4682442735186128	-0.3369661203960843
0.1322902089320473	0.6931408561728362	0.7085584303546263	0.5220537996135601
0.552420764907789	-0.6450885264449451	0.5279130413932964	0.46735241237796576
0.0	0.0	0.0	1.0
13	20	6
0.9744119504432232	0.13356080390627553	-0.18078369220007384	0.02716393842123843
0.02324498887539365	0.7401156637382973	0.6720776900129616	0.4706363045443061
0.2235640489007407	-0.659083018790701	0.7180729671018831	0.6512668158508821
0.0	0.0	0.0	1.0
14	20	7
0.9987083458659363	-0.018109138936112334	0.047473406588483695	0.04345308060366618
-0.010822252772290201	0.8370757555324625	0.5469797849018203	0.35077462430079076
-0.04964418594510132	-0.5467871442192282	0.8357985633076022	0.5396779526222232
0.0	0.0	0.0	1.0
14	21	8
0.9874037626039631	-0.08426273239133068	0.1339166941069246	0.19994892544015774
0.032342561912569935	0.9360100968848524	0.3504836426263324	0.14591206242344326
-0.15488005723963383	-0.34173775894847896	0.9269452609325459	0.6139971651524823
0.0	0.0	0.0	1.0
14	22	9
0.9751170832498685	-0.13480687422905463	0.17599372860145718	0.316805913800008
0.11658504744922002	0.9870584049072857	0.11010737505305239	-0.10547592651958981
-0.1885593291278571	-0.08684937916546105	0.97821393722896	0.556984076853204
0.0	0.0	0.0	1.0
14	23	10
0.9443432220787555	-0.2007487747482624	0.2606068899292902	0.4395956073569196
0.23936133846302604	0.9627547396118558	-0.12573499878140987	-0.27991711808445324
-0.22565932185891233	0.18111622256479393	0.9572223580281487	0.3518653554371633
0.0	0.0	0.0	1.0
15	22	11
0.9262866368715185	-0.11688787481677101	0.35823194199292463	0.330881015107531
0.18374207022257222	0.9701002524254839	-0.15857004669104927	-0.16899197061243326
-0.32898602886178957	0.2127036406775761	0.9200680916212485	0.3936596037158502
0.0	0.0	0.0	1.0
15	23	12
0.8785882684252676	-0.15368703436553177	0.45217574880172484	0.4419519469992746
0.3354970381913712	0.8724505380437751	-0.35534727167681684	-0.29890627538612635
-0.3398886827877644	0.46390769429110235	0.8180863299597282	0.17710511256735226
0.0	0.0	0.0	1.0
16	22	13
0.8346243915351553	0.0025801005353696363	0.5508133732972331	0.3639897199928868
0.17417488076726936	0.947442573864592	-0.2683577963823716	-0.1644697493557739
-0.5225565048597085	0.3199158742421528	0.7903091332619545	0.24413474412065958
0.0	0.0	0.0	1.0
17	22	14
0.6974330485736938	0.005983840146245356	0.7166248288785007	0.4274322635408482
0.1836508894204536	0.9650811225274312	-0.1867910105768837	-0.13251852739253772
-0.6927189020229712	0.2618830598251727	0.671980475458517	0.11894693767430893
0.0	0.0	0.0	1.0
18	22	15
0.6519014523047616	0.10587793612869156	0.7508756506515953	0.41616996313563315
0.23100199156155615	0.9154131025177561	-0.329631856372895	-0.17868836687074557
-0.7222621495431869	0.3883413252486647	0.5723010193963133	0.0014106670258837504
0.0	0.0	0.0	1.0
19	22	16
0.8540551289326078	0.07908686499519296	0.5141350934158996	0.3229700904155759
0.2106754853819477	0.8510974856760304	-0.48088348851920637	-0.2002525005894898
-0.47561073867186543	0.5190167636573645	0.7102226018940888	-0.05063218214751999
0.0	0.0	0.0	1.0
20	22	17
0.9846538048025909	-0.027131506907226426	0.17239709460509517	0.19049784384038237
0.10378684697014576	0.8852075720605332	-0.45347097270774156	-0.17576588729298803
-0.14030384419194666	0.4644045275634158	0.8744388685999256	-0.07173600522226531
0.0	0.0	0.0	1.0
20	23	18
0.9591307209542179	-0.03571513451352822	0.2807005828143908	0.2589585216792477
0.21564842539861362	0.7345337946895111	-0.6433939046925616	-0.19971805709331214
-0.18320508540269115	0.6776315957554233	0.71221580076884	-0.2622370052668124
0.0	0.0	0.0	1.0
37	41	19
0.827140592507695	0.24537375354891106	-0.5055988949087042	0.34296301850642635
0.09082626892689291	0.8294581181209129	0.5511350971359477	0.18360167177214978
0.5546072570658943	-0.5017879324182913	0.6637920760522491	-0.1873086516177826
0.0	0.0	0.0	1.0
38	41	20
0.8884071594396812	0.13402570269971054	-0.4390553922544336	0.2901888907627438
0.036633272344166405	0.9326817194489424	0.35883522351502156	0.09993304606172239
0.45759218635702176	-0.3348759285498722	0.8236914539320376	-0.14523391223136206
0.0	0.0	0.0	1.0
39	41	21
0.8483533117374327	0.14765137908352724	-0.5084246243593461	0.19109838234286794
0.04431180640563067	0.9371519423759399	0.3460961886635023	0.07990069115926855
0.527572838646626	-0.3161411324662999	0.7884933695161391	-0.09744562952246738
0.0	0.0	0.0	1.0
40	41	22
0.8999565889233151	0.02712870953637629	-0.43513446974499825	0.058118067709230184
0.07997315730239651	0.9708550238553303	0.22593107422871658	0.0626735358718659
0.4285818184381893	-0.23812728420251086	0.871557893444815	-0.04415898336242646
0.0	0.0	0.0	1.0
40	42	23
0.5654850658646324	0.08056461212446565	-0.8208141565117043	-0.00843078726542922
0.20109128373179871	0.9517147244456894	0.2319509845952199	0.0699048921788233
0.7998680673558639	-0.2962234294231519	0.5219796743426227	-0.019772233374221012
0.0	0.0	0.0	1.0
40	43	24
0.31307932293469176	0.08200701124682025	-0.9461796433275659	-0.07983908619350863
0.14679344581573228	0.9801143231235575	0.133520348271655	0.043333868528880395
0.9383139215565274	-0.18069546960360353	0.2948155700192866	-0.010914190206196632
0.0	0.0	0.0	1.0
