18	23	1
0.5434881353686593	0.3660005327991625	-0.7554233202862939	-0.08264922373569625
-0.39614555181342154	0.9052514582754764	0.15358556979696328	0.10840120297259125
0.7400605014614171	0.21578563901306838	0.6369827387304731	-0.34167206985644605
0.0	0.0	0.0	1.0
30	33	2
0.5433482753950709	-0.36271257036334814	-0.7571077378521438	0.08259392291817659
0.18106630728296902	0.9312540494733756	-0.3161973671066702	-0.034815246172396605
0.8197486011940995	0.034718581400231575	0.5716703588867109	-0.017837467660999508
0.0	0.0	0.0	1.0
30	34	3
0.37479348643049915	-0.3988394106154711	-0.836933147192462	0.04909664440958746
0.18884749708978343	0.9166512748017708	-0.3522597267022418	-0.038119656196613554
0.9076710258643356	-0.02602809083255643	0.4188747445807592	-0.017784529735987112
0.0	0.0	0.0	1.0
41	44	4
0.6276158943184807	-0.3615559608352117	0.6894748697243772	0.44689118633731145
0.29652789288972337	0.9298807813326694	0.21769943139960818	0.18695870914170235
-0.7198399573143492	0.06781698786081951	0.6908194675092949	-0.22750345612428055
0.0	0.0	0.0	1.0
42	44	5
0.8082743142182989	-0.2622503531462499	0.5271786315537482	0.23703216569813682
0.24181216918873685	0.9641929011693602	0.10889913758536966	0.12145332887842245
-0.5368606868787056	0.039457877039830065	0.8427477253861041	-0.1303838939726498
0.0	0.0	0.0	1.0
44	47	6
0.9688350638156701	0.10120306063240248	-0.22608917740104392	0.1823167243167424
0.049009492593847744	0.8163720620723739	0.5754430094845548	0.291021231312265
0.24280959275854833	-0.5685900214671384	0.7859699606114906	-0.014086033660745774
0.0	0.0	0.0	1.0
46	48	7
0.6797912305285038	0.17448756199878496	-0.7123468163139816	-0.043145258010581215
0.11086086674277008	0.9356783584997151	0.3349862929612205	0.17176012299203133
0.724978576455071	-0.30669215239867853	0.6167220807412707	0.06384592988951655
0.0	0.0	0.0	1.0
