18	23	1
0.5434881353686591	0.36600053279916245	-0.755423320286294	-0.08264922373569625
-0.39614555181342154	0.9052514582754765	0.15358556979696328	0.10840120297259136
0.740060501461417	0.21578563901306838	0.6369827387304731	-0.34167206985644605
0.0	0.0	0.0	1.0
30	33	2
0.5433482753950708	-0.3627125703633481	-0.7571077378521438	0.08259392291817642
0.181066307282969	0.9312540494733756	-0.3161973671066702	-0.034815246172396716
0.8197486011940994	0.03471858140023155	0.5716703588867108	-0.017837467660999508
0.0	0.0	0.0	1.0
30	34	3
0.37479348643049926	-0.39883941061547123	-0.8369331471924623	0.04909664440958746
0.1888474970897834	0.9166512748017708	-0.3522597267022418	-0.03811965619661354
0.9076710258643352	-0.026028090832556375	0.418874744580759	-0.017784529735986224
0.0	0.0	0.0	1.0
41	44	4
0.6276158943184807	-0.36155596083521163	0.689474869724377	0.44689118633731145
0.2965278928897234	0.9298807813326693	0.21769943139960812	0.18695870914170235
-0.7198399573143492	0.06781698786081951	0.6908194675092949	-0.227503456124281
0.0	0.0	0.0	1.0
42	44	5
0.8082743142182989	-0.26225035314624984	0.527178631553748	0.23703216569813682
0.2418121691887369	0.9641929011693601	0.1088991375853696	0.12145332887842245
-0.5368606868787056	0.039457877039830065	0.8427477253861041	-0.13038389397265024
0.0	0.0	0.0	1.0
44	47	6
0.9688350638156701	0.10120306063240248	-0.22608917740104392	0.18231672431674328
0.04900949259384773	0.8163720620723739	0.575443009484555	0.2910212313122649
0.24280959275854827	-0.5685900214671384	0.7859699606114907	-0.014086033660745774
0.0	0.0	0.0	1.0
46	48	7
0.6797912305285035	0.17448756199878493	-0.7123468163139814	-0.043145258010581215
0.11086086674277007	0.9356783584997151	0.33498629296122046	0.17176012299203136
0.7249785764550711	-0.30669215239867853	0.6167220807412707	0.06384592988951744
0.0	0.0	0.0	1.0
