0	6	38
5000.000000000000	0.000000000000	0.000000000000	0.000000000000	16203.415000000001	1246.970830000000
0.000000000000	5000.000000000000	0.000000000000	-16203.415000000001	0.000000000000	-6489.119140000000
0.000000000000	0.000000000000	5000.000000000000	-1246.970830000000	6489.119140000000	0.000000000000
0.000000000000	-16203.415000000001	-1246.970830000000	54053.375000000000	-1914.582280000000	21047.148399999998
16203.415000000001	0.000000000000	6489.119140000000	-1914.582280000000	61275.539100000002	4068.762450000000
1246.970830000000	-6489.119140000000	0.000000000000	21047.148399999998	4068.762450000000	10056.123000000000
0	7	38
2901.000000000000	0.000000000000	0.000000000000	0.000000000000	8233.022460000000	535.792236000000
0.000000000000	2901.000000000000	0.000000000000	-8233.022460000000	0.000000000000	-3059.754640000000
0.000000000000	0.000000000000	2901.000000000000	-535.792236000000	3059.754640000000	0.000000000000
0.000000000000	-8233.022460000000	-535.792236000000	25460.796900000001	-1532.382080000000	8591.042970000000
8233.022460000000	0.000000000000	3059.754640000000	-1532.382080000000	27407.771499999999	1474.622070000000
535.792236000000	-3059.754640000000	0.000000000000	8591.042970000000	1474.622070000000	5739.035640000000
0	24	38
1893.000000000000	0.000000000000	0.000000000000	0.000000000000	4520.606930000000	-1658.563720000000
0.000000000000	1893.000000000000	0.000000000000	-4520.606930000000	0.000000000000	500.010406000000
0.000000000000	0.000000000000	1893.000000000000	1658.563720000000	-500.010406000000	0.000000000000
0.000000000000	-4520.606930000000	1658.563720000000	13334.799800000001	-358.418365000000	-1065.013060000000
4520.606930000000	0.000000000000	-500.010406000000	-358.418365000000	11849.456099999999	-4379.745120000000
-1658.563720000000	500.010406000000	0.000000000000	-1065.013060000000	-4379.745120000000	1857.754150000000
1	7	38
3563.000000000000	0.000000000000	0.000000000000	0.000000000000	10114.388700000000	-640.843811000000
0.000000000000	3563.000000000000	0.000000000000	-10114.388700000000	0.000000000000	-1588.293210000000
0.000000000000	0.000000000000	3563.000000000000	640.843811000000	1588.293210000000	0.000000000000
0.000000000000	-10114.388700000000	640.843811000000	30404.375000000000	-392.589203000000	4213.363280000000
10114.388700000000	0.000000000000	1588.293210000000	-392.589203000000	30550.525399999999	-2043.069090000000
-640.843811000000	-1588.293210000000	0.000000000000	4213.363280000000	-2043.069090000000	2527.040770000000
2	30	38
5000.000000000000	0.000000000000	0.000000000000	0.000000000000	16656.941400000000	834.740234000000
0.000000000000	5000.000000000000	0.000000000000	-16656.941400000000	0.000000000000	6474.793460000000
0.000000000000	0.000000000000	5000.000000000000	-834.740234000000	-6474.793460000000	0.000000000000
0.000000000000	-16656.941400000000	-834.740234000000	57228.562500000000	1072.235960000000	-21563.500000000000
16656.941400000000	0.000000000000	-6474.793460000000	1072.235960000000	63968.886700000003	2657.461670000000
834.740234000000	6474.793460000000	0.000000000000	-21563.500000000000	2657.461670000000	10159.589800000000
3	30	38
5000.000000000000	0.000000000000	0.000000000000	0.000000000000	12823.502899999999	443.884521000000
0.000000000000	5000.000000000000	0.000000000000	-12823.502899999999	0.000000000000	5859.620610000000
0.000000000000	0.000000000000	5000.000000000000	-443.884521000000	-5859.620610000000	0.000000000000
0.000000000000	-12823.502899999999	-443.884521000000	34053.203099999999	516.939758000000	-15025.046899999999
12823.502899999999	0.000000000000	-5859.620610000000	516.939758000000	39847.863299999997	1033.419560000000
443.884521000000	5859.620610000000	0.000000000000	-15025.046899999999	1033.419560000000	8056.273440000000
6	10	38
5000.000000000000	0.000000000000	0.000000000000	0.000000000000	9977.884770000001	2080.491460000000
0.000000000000	5000.000000000000	0.000000000000	-9977.884770000001	0.000000000000	-6790.816410000000
0.000000000000	0.000000000000	5000.000000000000	-2080.491460000000	6790.816410000000	0.000000000000
0.000000000000	-9977.884770000001	-2080.491460000000	23389.767599999999	-2859.617920000000	13598.962900000000
9977.884770000001	0.000000000000	6790.816410000000	-2859.617920000000	29439.892599999999	4172.968750000000
2080.491460000000	-6790.816410000000	0.000000000000	13598.962900000000	4172.968750000000	12574.485400000000
13	16	38
5000.000000000000	0.000000000000	0.000000000000	0.000000000000	16261.694299999999	-2298.387210000000
0.000000000000	5000.000000000000	0.000000000000	-16261.694299999999	0.000000000000	-5140.891600000000
0.000000000000	0.000000000000	5000.000000000000	2298.387210000000	5140.891600000000	0.000000000000
0.000000000000	-16261.694299999999	2298.387210000000	56337.503900000003	1777.335210000000	16953.341799999998
16261.694299999999	0.000000000000	5140.891600000000	1777.335210000000	59435.390599999999	-7289.948730000000
-2298.387210000000	-5140.891600000000	0.000000000000	16953.341799999998	-7289.948730000000	9271.009770000001
13	17	38
4579.000000000000	0.000000000000	0.000000000000	0.000000000000	15320.571300000000	912.522644000000
0.000000000000	4579.000000000000	0.000000000000	-15320.571300000000	0.000000000000	-5678.572750000000
0.000000000000	0.000000000000	4579.000000000000	-912.522644000000	5678.572750000000	0.000000000000
0.000000000000	-15320.571300000000	-912.522644000000	52676.375000000000	-797.956238000000	18954.455099999999
15320.571300000000	0.000000000000	5678.572750000000	-797.956238000000	58643.800799999997	3050.085690000000
912.522644000000	-5678.572750000000	0.000000000000	18954.455099999999	3050.085690000000	8778.420899999999
13	18	38
2925.000000000000	0.000000000000	0.000000000000	0.000000000000	9755.024410000000	311.017731000000
0.000000000000	2925.000000000000	0.000000000000	-9755.024410000000	0.000000000000	-3972.643310000000
0.000000000000	0.000000000000	2925.000000000000	-311.017731000000	3972.643310000000	0.000000000000
0.000000000000	-9755.024410000000	-311.017731000000	32900.472699999998	-369.338043000000	13244.131799999999
9755.024410000000	0.000000000000	3972.643310000000	-369.338043000000	37966.757799999999	1029.369630000000
311.017731000000	-3972.643310000000	0.000000000000	13244.131799999999	1029.369630000000	5797.082030000000
14	18	38
5000.000000000000	0.000000000000	0.000000000000	0.000000000000	16017.529300000000	-1642.555660000000
0.000000000000	5000.000000000000	0.000000000000	-16017.529300000000	0.000000000000	-3817.166990000000
0.000000000000	0.000000000000	5000.000000000000	1642.555660000000	3817.166990000000	0.000000000000
0.000000000000	-16017.529300000000	1642.555660000000	53792.152300000002	1725.408570000000	12577.017599999999
16017.529300000000	0.000000000000	3817.166990000000	1725.408570000000	55868.785199999998	-5351.593750000000
-1642.555660000000	-3817.166990000000	0.000000000000	12577.017599999999	-5351.593750000000	6678.087400000000
15	18	38
5000.000000000000	0.000000000000	0.000000000000	0.000000000000	15637.957000000000	-840.665649000000
0.000000000000	5000.000000000000	0.000000000000	-15637.957000000000	0.000000000000	-3365.674070000000
0.000000000000	0.000000000000	5000.000000000000	840.665649000000	3365.674070000000	0.000000000000
0.000000000000	-15637.957000000000	840.665649000000	51310.035199999998	1141.595090000000	10981.359399999999
15637.957000000000	0.000000000000	3365.674070000000	1141.595090000000	52817.445299999999	-2841.567870000000
-840.665649000000	-3365.674070000000	0.000000000000	10981.359399999999	-2841.567870000000	5834.463380000000
19	21	38
5000.000000000000	0.000000000000	0.000000000000	0.000000000000	12292.787100000000	-865.219482000000
0.000000000000	5000.000000000000	0.000000000000	-12292.787100000000	0.000000000000	-5581.024410000000
0.000000000000	0.000000000000	5000.000000000000	865.219482000000	5581.024410000000	0.000000000000
0.000000000000	-12292.787100000000	865.219482000000	32853.742200000001	847.713623000000	13720.893599999999
12292.787100000000	0.000000000000	5581.024410000000	847.713623000000	36922.695299999999	-2002.483400000000
-865.219482000000	-5581.024410000000	0.000000000000	13720.893599999999	-2002.483400000000	9109.723630000000
21	24	38
4846.000000000000	0.000000000000	0.000000000000	0.000000000000	9773.312500000000	-3584.125000000000
0.000000000000	4846.000000000000	0.000000000000	-9773.312500000000	0.000000000000	-5067.264160000000
0.000000000000	0.000000000000	4846.000000000000	3584.125000000000	5067.264160000000	0.000000000000
0.000000000000	-9773.312500000000	3584.125000000000	23749.287100000001	3778.279300000000	10458.379900000000
9773.312500000000	0.000000000000	5067.264160000000	3778.279300000000	26370.232400000001	-7680.589360000000
-3584.125000000000	-5067.264160000000	0.000000000000	10458.379900000000	-7680.589360000000	8646.548830000000
21	25	38
3557.000000000000	0.000000000000	0.000000000000	0.000000000000	6888.473140000000	-2348.145020000000
0.000000000000	3557.000000000000	0.000000000000	-6888.473140000000	0.000000000000	-3962.788820000000
0.000000000000	0.000000000000	3557.000000000000	2348.145020000000	3962.788820000000	0.000000000000
0.000000000000	-6888.473140000000	2348.145020000000	15927.239299999999	2721.846440000000	7860.575200000000
6888.473140000000	0.000000000000	3962.788820000000	2721.846440000000	18616.787100000001	-4950.855960000000
-2348.145020000000	-3962.788820000000	0.000000000000	7860.575200000000	-4950.855960000000	6436.289060000000
22	25	38
5000.000000000000	0.000000000000	0.000000000000	0.000000000000	12387.689500000000	-3181.543950000000
0.000000000000	5000.000000000000	0.000000000000	-12387.689500000000	0.000000000000	-2769.260740000000
0.000000000000	0.000000000000	5000.000000000000	3181.543950000000	2769.260740000000	0.000000000000
0.000000000000	-12387.689500000000	3181.543950000000	34387.023399999998	1829.394780000000	6580.939940000000
12387.689500000000	0.000000000000	2769.260740000000	1829.394780000000	34678.179700000001	-8204.147460000000
-3181.543950000000	-2769.260740000000	0.000000000000	6580.939940000000	-8204.147460000000	4957.119140000000
22	26	38
4633.000000000000	0.000000000000	0.000000000000	0.000000000000	10153.206099999999	-2846.917720000000
0.000000000000	4633.000000000000	0.000000000000	-10153.206099999999	0.000000000000	-4425.875980000000
0.000000000000	0.000000000000	4633.000000000000	2846.917720000000	4425.875980000000	0.000000000000
0.000000000000	-10153.206099999999	2846.917720000000	25009.519499999999	3060.529300000000	10013.876000000000
10153.206099999999	0.000000000000	4425.875980000000	3060.529300000000	27578.306600000000	-6490.675290000000
-2846.917720000000	-4425.875980000000	0.000000000000	10013.876000000000	-6490.675290000000	6911.590330000000
23	26	38
5000.000000000000	0.000000000000	0.000000000000	0.000000000000	11787.607400000001	-1633.015500000000
0.000000000000	5000.000000000000	0.000000000000	-11787.607400000001	0.000000000000	-4393.832030000000
0.000000000000	0.000000000000	5000.000000000000	1633.015500000000	4393.832030000000	0.000000000000
0.000000000000	-11787.607400000001	1633.015500000000	29352.064500000000	1796.381710000000	10859.416999999999
11787.607400000001	0.000000000000	4393.832030000000	1796.381710000000	33115.898399999998	-4083.413570000000
-1633.015500000000	-4393.832030000000	0.000000000000	10859.416999999999	-4083.413570000000	5517.269530000000
23	27	38
3476.000000000000	0.000000000000	0.000000000000	0.000000000000	8279.242190000001	-999.641174000000
0.000000000000	3476.000000000000	0.000000000000	-8279.242190000001	0.000000000000	-3279.321780000000
0.000000000000	0.000000000000	3476.000000000000	999.641174000000	3279.321780000000	0.000000000000
0.000000000000	-8279.242190000001	999.641174000000	20663.699199999999	1260.589970000000	8144.740230000000
8279.242190000001	0.000000000000	3279.321780000000	1260.589970000000	23718.191400000000	-2602.135500000000
-999.641174000000	-3279.321780000000	0.000000000000	8144.740230000000	-2602.135500000000	4183.286620000000
24	26	38
5000.000000000000	0.000000000000	0.000000000000	0.000000000000	10613.726600000000	-1854.396360000000
0.000000000000	5000.000000000000	0.000000000000	-10613.726600000000	0.000000000000	-3568.036130000000
0.000000000000	0.000000000000	5000.000000000000	1854.396360000000	3568.036130000000	0.000000000000
0.000000000000	-10613.726600000000	1854.396360000000	24521.331999999999	1628.604130000000	8134.913570000000
10613.726600000000	0.000000000000	3568.036130000000	1628.604130000000	26780.955099999999	-4142.900390000000
-1854.396360000000	-3568.036130000000	0.000000000000	8134.913570000000	-4142.900390000000	4307.191410000000
24	27	38
4896.000000000000	0.000000000000	0.000000000000	0.000000000000	11369.461900000000	-1832.993530000000
0.000000000000	4896.000000000000	0.000000000000	-11369.461900000000	0.000000000000	-4666.218260000000
0.000000000000	0.000000000000	4896.000000000000	1832.993530000000	4666.218260000000	0.000000000000
0.000000000000	-11369.461900000000	1832.993530000000	28242.830099999999	2078.230470000000	11572.012699999999
11369.461900000000	0.000000000000	4666.218260000000	2078.230470000000	32582.636699999999	-4524.834960000000
-1832.993530000000	-4666.218260000000	0.000000000000	11572.012699999999	-4524.834960000000	6246.847660000000
24	33	38
4992.000000000000	0.000000000000	0.000000000000	0.000000000000	16562.293000000001	2896.648680000000
0.000000000000	4992.000000000000	0.000000000000	-16562.293000000001	0.000000000000	6304.151370000000
0.000000000000	0.000000000000	4992.000000000000	-2896.648680000000	-6304.151370000000	0.000000000000
0.000000000000	-16562.293000000001	-2896.648680000000	57420.671900000001	3465.439450000000	-20870.736300000000
16562.293000000001	0.000000000000	-6304.151370000000	3465.439450000000	63051.843800000002	9644.303710000000
2896.648680000000	6304.151370000000	0.000000000000	-20870.736300000000	9644.303710000000	10453.051799999999
24	34	38
2773.000000000000	0.000000000000	0.000000000000	0.000000000000	9315.701170000000	1607.216550000000
0.000000000000	2773.000000000000	0.000000000000	-9315.701170000000	0.000000000000	3418.798100000000
0.000000000000	0.000000000000	2773.000000000000	-1607.216550000000	-3418.798100000000	0.000000000000
0.000000000000	-9315.701170000000	-1607.216550000000	32526.687500000000	1902.793820000000	-11463.143599999999
9315.701170000000	0.000000000000	-3418.798100000000	1902.793820000000	35581.437500000000	5408.478030000000
1607.216550000000	3418.798100000000	0.000000000000	-11463.143599999999	5408.478030000000	5452.987300000000
24	35	38
3370.000000000000	0.000000000000	0.000000000000	0.000000000000	11222.008800000000	2408.365480000000
0.000000000000	3370.000000000000	0.000000000000	-11222.008800000000	0.000000000000	4109.623540000000
0.000000000000	0.000000000000	3370.000000000000	-2408.365480000000	-4109.623540000000	0.000000000000
0.000000000000	-11222.008800000000	-2408.365480000000	39329.546900000001	2872.888670000000	-13646.406300000001
11222.008800000000	0.000000000000	-4109.623540000000	2872.888670000000	42479.503900000003	8036.249020000000
2408.365480000000	4109.623540000000	0.000000000000	-13646.406300000001	8036.249020000000	6971.778320000000
24	36	38
2020.000000000000	0.000000000000	0.000000000000	0.000000000000	6827.119140000000	1731.794800000000
0.000000000000	2020.000000000000	0.000000000000	-6827.119140000000	0.000000000000	2330.365480000000
0.000000000000	0.000000000000	2020.000000000000	-1731.794800000000	-2330.365480000000	0.000000000000
0.000000000000	-6827.119140000000	-1731.794800000000	24686.931600000000	1977.846680000000	-7864.891110000000
6827.119140000000	0.000000000000	-2330.365480000000	1977.846680000000	25799.822300000000	5837.072750000000
1731.794800000000	2330.365480000000	0.000000000000	-7864.891110000000	5837.072750000000	4305.723630000000
24	37	38
2902.000000000000	0.000000000000	0.000000000000	0.000000000000	9689.880859999999	2257.202390000000
0.000000000000	2902.000000000000	0.000000000000	-9689.880859999999	0.000000000000	3497.087400000000
0.000000000000	0.000000000000	2902.000000000000	-2257.202390000000	-3497.087400000000	0.000000000000
0.000000000000	-9689.880859999999	-2257.202390000000	34366.496099999997	2654.170900000000	-11646.556600000000
9689.880859999999	0.000000000000	-3497.087400000000	2654.170900000000	36654.027300000002	7541.774900000000
2257.202390000000	3497.087400000000	0.000000000000	-11646.556600000000	7541.774900000000	6230.415530000000
25	27	38
3109.000000000000	0.000000000000	0.000000000000	0.000000000000	6309.675780000000	-1161.396730000000
0.000000000000	3109.000000000000	0.000000000000	-6309.675780000000	0.000000000000	-2438.135010000000
0.000000000000	0.000000000000	3109.000000000000	1161.396730000000	2438.135010000000	0.000000000000
0.000000000000	-6309.675780000000	1161.396730000000	14042.145500000001	1100.832030000000	5251.087400000000
6309.675780000000	0.000000000000	2438.135010000000	1100.832030000000	15632.400400000000	-2600.563960000000
-1161.396730000000	-2438.135010000000	0.000000000000	5251.087400000000	-2600.563960000000	2866.302490000000
25	30	38
2282.000000000000	0.000000000000	0.000000000000	0.000000000000	7606.167970000000	2163.755620000000
0.000000000000	2282.000000000000	0.000000000000	-7606.167970000000	0.000000000000	2563.639890000000
0.000000000000	0.000000000000	2282.000000000000	-2163.755620000000	-2563.639890000000	0.000000000000
0.000000000000	-7606.167970000000	-2163.755620000000	27623.412100000001	2417.449950000000	-8540.096680000001
7606.167970000000	0.000000000000	-2563.639890000000	2417.449950000000	28263.199199999999	7193.472660000000
2163.755620000000	2563.639890000000	0.000000000000	-8540.096680000001	7193.472660000000	5125.118650000000
25	31	38
1741.000000000000	0.000000000000	0.000000000000	0.000000000000	5784.838380000000	1761.141970000000
0.000000000000	1741.000000000000	0.000000000000	-5784.838380000000	0.000000000000	1962.899410000000
0.000000000000	0.000000000000	1741.000000000000	-1761.141970000000	-1962.899410000000	0.000000000000
0.000000000000	-5784.838380000000	-1761.141970000000	21116.724600000001	1979.116210000000	-6517.830570000000
5784.838380000000	0.000000000000	-1962.899410000000	1979.116210000000	21458.628900000000	5841.034670000000
1761.141970000000	1962.899410000000	0.000000000000	-6517.830570000000	5841.034670000000	4087.802250000000
25	32	38
3198.000000000000	0.000000000000	0.000000000000	0.000000000000	10364.594700000000	2991.134030000000
0.000000000000	3198.000000000000	0.000000000000	-10364.594700000000	0.000000000000	3700.421880000000
0.000000000000	0.000000000000	3198.000000000000	-2991.134030000000	-3700.421880000000	0.000000000000
0.000000000000	-10364.594700000000	-2991.134030000000	36868.550799999997	3432.068120000000	-11964.089800000000
10364.594700000000	0.000000000000	-3700.421880000000	3432.068120000000	38005.507799999999	9641.084960000000
2991.134030000000	3700.421880000000	0.000000000000	-11964.089800000000	9641.084960000000	7452.209470000000
25	33	38
3851.000000000000	0.000000000000	0.000000000000	0.000000000000	12491.593800000001	2987.415770000000
0.000000000000	3851.000000000000	0.000000000000	-12491.593800000001	0.000000000000	4515.544430000000
0.000000000000	0.000000000000	3851.000000000000	-2987.415770000000	-4515.544430000000	0.000000000000
0.000000000000	-12491.593800000001	-2987.415770000000	43833.320299999999	3416.495360000000	-14609.675800000001
12491.593800000001	0.000000000000	-4515.544430000000	3416.495360000000	45967.902300000002	9673.046880000000
2987.415770000000	4515.544430000000	0.000000000000	-14609.675800000001	9673.046880000000	8510.581050000001
25	34	38
4198.000000000000	0.000000000000	0.000000000000	0.000000000000	13443.137699999999	2603.708740000000
0.000000000000	4198.000000000000	0.000000000000	-13443.137699999999	0.000000000000	5072.259280000000
0.000000000000	0.000000000000	4198.000000000000	-2603.708740000000	-5072.259280000000	0.000000000000
0.000000000000	-13443.137699999999	-2603.708740000000	45592.378900000003	3032.225340000000	-16168.453100000001
13443.137699999999	0.000000000000	-5072.259280000000	3032.225340000000	49401.246099999997	8392.897460000000
2603.708740000000	5072.259280000000	0.000000000000	-16168.453100000001	8392.897460000000	8544.277340000001
25	35	38
2824.000000000000	0.000000000000	0.000000000000	0.000000000000	9034.178710000000	2321.629880000000
0.000000000000	2824.000000000000	0.000000000000	-9034.178710000000	0.000000000000	3331.918700000000
0.000000000000	0.000000000000	2824.000000000000	-2321.629880000000	-3331.918700000000	0.000000000000
0.000000000000	-9034.178710000000	-2321.629880000000	31153.269499999999	2701.147710000000	-10618.234399999999
9034.178710000000	0.000000000000	-3331.918700000000	2701.147710000000	32965.378900000003	7455.757810000000
2321.629880000000	3331.918700000000	0.000000000000	-10618.234399999999	7455.757810000000	6090.914060000000
25	36	38
3349.000000000000	0.000000000000	0.000000000000	0.000000000000	10884.334000000001	2568.810300000000
0.000000000000	3349.000000000000	0.000000000000	-10884.334000000001	0.000000000000	3917.579350000000
0.000000000000	0.000000000000	3349.000000000000	-2568.810300000000	-3917.579350000000	0.000000000000
0.000000000000	-10884.334000000001	-2568.810300000000	38038.054700000001	2953.237060000000	-12705.833000000001
10884.334000000001	0.000000000000	-3917.579350000000	2953.237060000000	40091.171900000001	8272.656250000000
2568.810300000000	3917.579350000000	0.000000000000	-12705.833000000001	8272.656250000000	7145.816410000000
25	37	38
3308.000000000000	0.000000000000	0.000000000000	0.000000000000	10662.143599999999	2744.333980000000
0.000000000000	3308.000000000000	0.000000000000	-10662.143599999999	0.000000000000	3893.786870000000
0.000000000000	0.000000000000	3308.000000000000	-2744.333980000000	-3893.786870000000	0.000000000000
0.000000000000	-10662.143599999999	-2744.333980000000	37327.429700000001	3167.116700000000	-12512.924800000001
10662.143599999999	0.000000000000	-3893.786870000000	3167.116700000000	39101.503900000003	8813.709960000000
2744.333980000000	3893.786870000000	0.000000000000	-12512.924800000001	8813.709960000000	7439.042970000000
28	29	38
3264.000000000000	0.000000000000	0.000000000000	0.000000000000	10624.295899999999	-1438.229740000000
0.000000000000	3264.000000000000	0.000000000000	-10624.295899999999	0.000000000000	1398.366580000000
0.000000000000	0.000000000000	3264.000000000000	1438.229740000000	-1398.366580000000	0.000000000000
0.000000000000	-10624.295899999999	1438.229740000000	35320.656300000002	-629.590332000000	-4522.155270000000
10624.295899999999	0.000000000000	-1398.366580000000	-629.590332000000	35500.070299999999	-4669.771480000000
-1438.229740000000	1398.366580000000	0.000000000000	-4522.155270000000	-4669.771480000000	1460.459720000000
28	30	38
5000.000000000000	0.000000000000	0.000000000000	0.000000000000	16985.808600000000	3552.437010000000
0.000000000000	5000.000000000000	0.000000000000	-16985.808600000000	0.000000000000	4628.713870000000
0.000000000000	0.000000000000	5000.000000000000	-3552.437010000000	-4628.713870000000	0.000000000000
0.000000000000	-16985.808600000000	-3552.437010000000	62367.316400000003	3704.693600000000	-15742.607400000001
16985.808600000000	0.000000000000	-4628.713870000000	3704.693600000000	62185.671900000001	12102.903300000000
3552.437010000000	4628.713870000000	0.000000000000	-15742.607400000001	12102.903300000000	9088.843750000000
29	31	38
5000.000000000000	0.000000000000	0.000000000000	0.000000000000	16161.228499999999	-1411.428220000000
0.000000000000	5000.000000000000	0.000000000000	-16161.228499999999	0.000000000000	6714.682620000000
0.000000000000	0.000000000000	5000.000000000000	1411.428220000000	-6714.682620000000	0.000000000000
0.000000000000	-16161.228499999999	1411.428220000000	54257.687500000000	-1870.899410000000	-21620.652300000002
16161.228499999999	0.000000000000	-6714.682620000000	-1870.899410000000	61950.910199999998	-4465.795900000000
-1411.428220000000	6714.682620000000	0.000000000000	-21620.652300000002	-4465.795900000000	10476.555700000001
