0	6	1
0.519693635676	0.12559354659700003	-0.845073080344	1.149594628379
0.048206018527	0.983249708148	0.175775674595	0.029219973534999992
0.852992627782	-0.132088301151	0.504933786182	3.1989382120010004
0.0	0.0	0.0	1.0
0	7	2
0.22071131555300003	0.056681905253	-0.973693646907	1.556461794844
0.071007691604	0.994726949289	0.07400417618299998	-0.038000669503999954
0.9727515532069999	-0.085473733015	0.21552334200299997	3.2866785439140003
0.0	0.0	0.0	1.0
0	24	3
0.8619800156530001	-0.13070938220199999	0.48980623363000003	0.05276398299000001
0.0026864926630000034	0.967352698016	0.253416765196	-0.0035582759839999905
-0.506939779361	-0.21712509362000001	0.834188919636	-0.15160468382199968
0.0	0.0	0.0	1.0
1	7	4
0.262531941589	0.044533086731	-0.963897595543	1.765371715162
0.02364391584	0.998338057	0.052566529631	-0.19611898615899998
0.964635971316	-0.036590118325	0.261044113927	2.7344165453170004
0.0	0.0	0.0	1.0
2	30	5
0.969698831906	-0.028226025006	0.24267461185300002	1.696998188637
0.030557786768000004	0.9995161176159999	-0.005850735876000008	-0.21408263576199998
-0.24239464515799997	0.013088392167999986	0.970092424683	-0.04856917430199986
0.0	0.0	0.0	1.0
3	30	6
0.9623467178219999	-0.010354708218999998	0.271633614613	1.4169576689909997
0.021638281212000007	0.9990224205980001	-0.038577873696	-0.159893116832
-0.270970117036	0.043002959987999995	0.961630400314	-0.8338872110619999
0.0	0.0	0.0	1.0
6	10	7
0.526128436166	0.036122096344	-0.849639257126	0.823522341773
-0.087828324093	0.9960638636649999	-0.012039661068000007	0.05196260798800002
0.8458601380059999	0.080957519758	0.5272277202019999	-0.7389719981729999
0.0	0.0	0.0	1.0
13	16	8
0.9004507471659999	-0.006788024325999999	-0.434907922254	0.172280666202
0.055341085898	0.9935413383579998	0.09907433206399999	-0.04236237052999997
0.43142332641000003	-0.11327981758599999	0.895011476418	0.817519298526
0.0	0.0	0.0	1.0
13	17	9
0.7694119969540001	0.069864654476	-0.6349228885679999	0.11668749951600008
-0.032191106579999997	0.996980713374	0.07069251719200001	-0.071479008524
0.63794106565	-0.033951835424	0.769337602424	1.342427635092
0.0	0.0	0.0	1.0
13	18	10
0.6031698771580001	0.126098109408	-0.7875844670360002	-0.05887705869000004
-0.020552464616000004	0.9895539341499999	0.142694416016	-0.09751844946600002
0.79734841335	-0.06988128146799999	0.5994627941480001	1.9199691801779997
0.0	0.0	0.0	1.0
14	18	11
0.8207291884960001	0.13866973694999998	-0.554235922736	0.2517218795619999
-0.077836253642	0.988192203681	0.131982025636	-0.133464813824
0.565991783708	-0.065181597419	0.821833357896	1.2944540191579998
0.0	0.0	0.0	1.0
15	18	12
0.871036924764	0.103339343753	-0.480226229632	0.21702717325499993
-0.067824027965	0.99355988646	0.09078107305000001	-0.130930284583
0.486513649441	-0.046502872068999994	0.8724365868780001	1.150705608599
0.0	0.0	0.0	1.0
19	21	13
0.722289329139	0.127891884082	-0.67966367632	0.4641728628519999
-0.086889822436	0.9917481781840001	0.094276486146	-0.07948109308799997
0.686111974171	-0.009040667534000004	0.7274421509470002	-0.11617439796400009
0.0	0.0	0.0	1.0
21	24	14
0.7360137019440001	0.17880267653100002	-0.652928672433	0.09433789286899999
-0.06945319618399999	0.9793434332580001	0.18989991653000002	0.018631432742000003
0.6733972302320002	-0.09442176260399998	0.733227730888	0.483355057712
0.0	0.0	0.0	1.0
21	25	15
0.588958829442	0.221060726941	-0.777342941768	0.16193227775299998
-0.090115695468	0.9738272441020001	0.208661506976	-0.060597270266
0.8031252055829999	-0.052842750209000006	0.5934651001619999	0.996889546269
0.0	0.0	0.0	1.0
22	25	16
0.8310642160360001	0.15359342066999998	-0.534550539928	0.49017975340599984
-0.07262471991099999	0.9828506900630001	0.16949930122200002	-0.12710278646800002
0.5514182996179998	-0.10204401471200002	0.82796663794	0.9847773827860002
0.0	0.0	0.0	1.0
22	26	17
0.5607599049380001	0.21576557533	-0.799372592298	0.5718985039799999
-0.10484379430599998	0.9761796727050001	0.189943393688	-0.172315409889
0.8213163370559999	-0.022703468100000013	0.570024026366	1.549447360746
0.0	0.0	0.0	1.0
23	26	18
0.649914419614	0.175678317284	-0.739428124856	0.768611689968
-0.16545138635399997	0.982285793996	0.087956681333	-0.35508000488799996
0.7417828609369999	0.06517532906699999	0.667468803035	1.435349843194
0.0	0.0	0.0	1.0
23	27	19
0.352584807806	0.21171246684	-0.9115192606860001	0.6924835966680001
-0.184274490535	0.9707051129280001	0.15418131560300002	-0.48926790010699994
0.917458106742	0.113607008587	0.381270701005	1.925264429768
0.0	0.0	0.0	1.0
24	26	20
0.834741201361	0.147361656844	-0.530561810484	0.693047068302
-0.151626911077	0.987787267762	0.03579825558900003	-0.22194837582699997
0.529357305691	0.05056432618200001	0.846892685565	0.797634918413
0.0	0.0	0.0	1.0
24	27	21
0.5981004616090001	0.19574592190200002	-0.777150282679	0.7598441845580002
-0.18909973546999997	0.9767998577800001	0.100502095874	-0.3714887790559999
0.778792512906	0.08684699464000001	0.62124311415	1.2844549572919999
0.0	0.0	0.0	1.0
24	33	22
0.687483690775	-0.12279153118100002	0.7157457071200001	-0.7560909446439998
0.22929113820000002	0.971883845603	-0.053504793721000005	-0.742554777649
-0.689054513944	0.200897264323	0.696309451363	2.7677194577310003
0.0	0.0	0.0	1.0
24	34	23
0.492581166686	-0.050675425754000004	0.8687921356290002	-1.1534847303749998
0.278930635077	0.954827989598	-0.10245238111899999	-0.7498837495199999
-0.8243565691189999	0.29279919301	0.484462847525	2.9082351725759996
0.0	0.0	0.0	1.0
24	35	24
0.494750361355	0.060825182116	0.8669062554880002	-1.1703050782839999
0.272533704554	0.936363225895	-0.22123577348699996	-0.7193252015249999
-0.825199256678	0.345717098139	0.446687226077	2.872197057775
0.0	0.0	0.0	1.0
24	36	25
0.604184697972	0.08568069094300002	0.7922272599870002	-1.159818680747
0.251431695732	0.9229113415569999	-0.29156665191799996	-0.746477949653
-0.75613932552	0.375350825109	0.5360651846500001	2.8190170227269995
0.0	0.0	0.0	1.0
24	37	26
0.543825473786	-0.04190786854599999	0.838153164754	-1.1824759507649998
0.19984682291900002	0.9764833473650001	-0.08084443807499997	-0.7261306901789999
-0.815057332401	0.21146722306500004	0.5394117428449999	2.8599941057609994
0.0	0.0	0.0	1.0
25	27	27
0.743387595967	0.150784448047	-0.651644736916	0.5479921530430001
-0.151747723438	0.986873008749	0.05524348610700003	-0.23390879082999994
0.6514210152100001	0.05781773820999999	0.756514203328	0.8805089508779999
0.0	0.0	0.0	1.0
25	30	28
0.9862017846699999	-0.02662322231100001	-0.16340807625900003	0.4850252283379998
-0.001613863979999996	0.985392744943	-0.170282578904	-0.5078112201539999
0.16555269441200002	0.168196746722	0.971754272506	1.6851306415679999
0.0	0.0	0.0	1.0
25	31	29
0.989630724852	-0.050844845849	0.13434648371500005	0.32733129893400015
0.07302365603000001	0.983464413966	-0.165714379738	-0.6546045222239999
-0.12370216953999998	0.17380577078999998	0.976981944054	2.31996618184
0.0	0.0	0.0	1.0
25	32	30
0.7450380359419999	-0.09738213499000002	0.6598789154929999	-0.05890627008199989
0.20674494024	0.974277898382	-0.089647779789	-0.6961298476810001
-0.6341783538039999	0.203217912792	0.746007490626	2.614546754688
0.0	0.0	0.0	1.0
25	33	31
0.531641434893	-0.13991978518599998	0.8353337910620001	-0.638975595508
0.268506163524	0.9632283899199999	-0.009547437523000026	-0.6917510413079999
-0.80328466265	0.229368513616	0.549662446688	2.617549919432
0.0	0.0	0.0	1.0
25	34	32
0.312280002738	-0.05099796799300001	0.948621607301	-1.0019066376209997
0.30621396638099996	0.950662382007	-0.049695835557	-0.7224461751349999
-0.8992869338559999	0.30600154770599997	0.312487190282	2.8298209390699993
0.0	0.0	0.0	1.0
25	35	33
0.314625266999	0.069327201868	0.9466822345199999	-1.026942956148
0.299955849708	0.938960696943	-0.168450691631	-0.693008931752
-0.900579987462	0.33696225314	0.27462448403600004	2.79785019916
0.0	0.0	0.0	1.0
25	36	34
0.43610133800100004	0.10003798530399999	0.8943216759010001	-1.025020391411
0.285528510629	0.927065932592	-0.242934012086	-0.7195880474299999
-0.853400891746	0.361298877604	0.375730417454	2.7433964238939996
0.0	0.0	0.0	1.0
25	37	35
0.368917441961	-0.05890009051599998	0.9275953199189999	-1.040761745469
0.230335745958	0.972650603263	-0.029847196742	-0.7005488877599999
-0.900471679382	0.22467013838000002	0.37239514895000003	2.7880753671219995
0.0	0.0	0.0	1.0
28	29	36
0.9765403440060001	-0.004546515080000002	0.21529197882700002	0.157161998904
0.06503938821799998	0.95931138384	-0.274747669543	-0.09347119371800003
-0.20528487839100007	0.282305044686	0.9371075965810001	-0.04046170368699997
0.0	0.0	0.0	1.0
28	30	37
0.877837555554	-0.06326936341900001	0.474763282755	0.310289747708
0.13153384802999998	0.9849684327689998	-0.11194128624700002	-0.11845966909600003
-0.46054861294000005	0.160713860738	0.8729679321120001	0.27363430349100015
0.0	0.0	0.0	1.0
29	31	38
0.835145737301	-0.050052992314000004	0.547747762368	0.22131066260100007
-0.023200753325999992	0.9917564742360001	0.125998743824	0.12244028739800003
-0.549544145647	-0.117934333451	0.827104007263	0.9876312729660001
0.0	0.0	0.0	1.0
