0	15	1
0.9911259311103001	0.03738437894992618	-0.12756106058294078	-0.09564910888737833
-0.010582441682998295	0.9787824516167313	0.2046285022614043	0.08728434127607476
0.1325044607506029	-0.20146275287028992	0.970492286940436	-0.014662705783031766
0.0	0.0	0.0	1.0
0	16	2
0.9943443220586875	0.028012242664336374	-0.10244311395737049	-0.10280384475304352
0.00023567919496665676	0.964004231006085	0.2658866610770587	0.12576637983042374
0.1062036935393184	-0.2644071152700741	0.9585455595093959	-0.006723012500444258
0.0	0.0	0.0	1.0
0	17	3
0.9957701976773194	0.01687647342626354	-0.09031475426024299	-0.10689080257474275
0.012491643452175506	0.9489901121535422	0.3150582735274046	0.15644908055895196
0.09102493704829681	-0.3148539121549082	0.9447652845097587	0.0009329551048659467
0.0	0.0	0.0	1.0
0	18	4
0.9999529099153652	0.006598044139298221	-0.007114931418160684	-0.09570451042627447
-0.003797082029077364	0.9408381811943147	0.3388349075504671	0.17200707873478624
0.008929651337488083	-0.33879201355207905	0.9408188978628474	0.017650210801584836
0.0	0.0	0.0	1.0
0	19	5
0.9956267973143602	-0.018060974776465538	0.09165651724296574	-0.07024894147680324
-0.015729359551476408	0.9347157274801652	0.3550478569141839	0.1776173304851579
-0.09208527322823337	-0.3549369700383699	0.9303440262508956	0.04075167955032052
0.0	0.0	0.0	1.0
0	20	6
0.9806756560970017	-0.050801263615622774	0.18892972291037868	-0.03890546633464864
-0.018030266185564102	0.9381201347843476	0.34584029367097346	0.17215472691383027
-0.19480794810427077	-0.3425636684367836	0.9190755271300398	0.06462014313137988
0.0	0.0	0.0	1.0
0	21	7
0.9545298596784034	-0.08093452203434295	0.2869186037100842	-0.0076066857760964625
-0.016917339588997642	0.9461853416049592	0.3231827810306531	0.1622014101299874
-0.2976348523083683	-0.3133415958275435	0.901792978503328	0.0820415346614009
0.0	0.0	0.0	1.0
1	15	8
0.9918876768511647	0.02675569128624055	-0.12426976739745332	-0.08966416310436932
-0.0005493691923266243	0.9784912782071301	0.2062874489857262	0.0912530491686886
0.1271162364704212	-0.20454575888118467	0.9705681432516389	-0.015586512893078348
0.0	0.0	0.0	1.0
1	16	9
0.9949211615657639	0.01730632507625794	-0.09915774386569912	-0.09686188151944045
0.009905939677060738	0.9634917322758795	0.2675548138363906	0.12968207773676924
0.10016804234830036	-0.26717828264597765	0.9584269098140344	-0.0080586835884766
0.0	0.0	0.0	1.0
1	17	10
0.9961854832377188	0.0061350715214178	-0.08704410715022146	-0.10099872011614523
0.021835982339994488	0.948261069307634	0.31673998508561046	0.16032929608068075
0.084483787038245	-0.3174325693472343	0.9445099783284769	-0.0006952109143228569
0.0	0.0	0.0	1.0
1	18	11
0.999983194732342	-0.00432957745944423	-0.0038490305402503655	-0.08990298743845081
0.005381354106415743	0.940247512238786	0.34044933037143266	0.17573818310035302
0.002145023922012771	-0.34046440679232515	0.9402549835082228	0.01544911346082837
0.0	0.0	0.0	1.0
1	19	12
0.9950644241919498	-0.029107257203989954	0.09486497392028226	-0.0646620103073283
-0.006670160731704703	0.934228476051505	0.3566127345636485	0.18123957761340911
-0.0990055635965813	-0.3554855284137944	0.9294234662154599	0.03790753518661901
0.0	0.0	0.0	1.0
1	20	13
0.9794378593268742	-0.061846935639493464	0.19203217269628908	-0.033627839599121634
-0.008903553443837262	0.9376734606242477	0.3474036397910328	0.17578613040895685
-0.20154936800990944	-0.34197010987720794	0.9178421483768149	0.06124624293460025
0.0	0.0	0.0	1.0
1	21	14
0.9526435317563703	-0.09185848966526315	0.28988312194850374	-0.002692339124166772
-0.007628346888851564	0.9457644212273796	0.32476386729027146	0.1658930781518269
-0.3039934810640221	-0.31159561307927225	0.9002756562298272	0.07821473136243212
0.0	0.0	0.0	1.0
2	15	15
0.9936871469603696	0.01950740558252378	-0.11047850062886874	-0.08613591847598491
0.003241224445454611	0.979363470283503	0.20208089260349216	0.09474599925535754
0.11214068366465067	-0.201163308429428	0.9731176149052808	-0.014423904770832125
0.0	0.0	0.0	1.0
2	16	16
0.9963048394510124	0.010147416768363489	-0.0852863465678899	-0.09331809928908477
0.012736666030208317	0.9645610759870662	0.26355215326134784	0.13325044469960648
0.08493825913599856	-0.2636646142684679	0.9608676032728128	-0.007216524792925215
0.0	0.0	0.0	1.0
2	17	17
0.9973235102035437	-0.0009791634052779515	-0.07310861490972403	-0.09746982199540015
0.023873953201397704	0.9494648815131979	0.3129641563951065	0.1639606574817964
0.06910765464283111	-0.3138719762784142	0.9469470067625045	-9.441198384958949e-05
0.0	0.0	0.0	1.0
2	18	18
0.9998866169153023	-0.01110611920541327	0.010175405360489293	-0.0862771647299757
0.007035285072168678	0.9416662743360714	0.3364747074970781	0.179316761360347
-0.013318774572420346	-0.33636502517251043	0.9416375624511201	0.015668329848218792
0.0	0.0	0.0	1.0
2	19	19
0.9934197747356401	-0.03541900126309952	0.10891570547784266	-0.06099601639928461
-0.005281732785407364	0.9357994312448904	0.3524932814198046	0.18477731166594777
-0.11440820209889828	-0.3507491466609572	0.9294546319052698	0.03769354501938079
0.0	0.0	0.0	1.0
2	20	20
0.9762137471317388	-0.0676279892073809	0.20599338100962997	-0.029988962288042268
-0.007362648886808315	0.9392192175803362	0.34323918795609215	0.17931401364150912
-0.21668556815283407	-0.33659150526752724	0.9163806579317033	0.06068635015292724
0.0	0.0	0.0	1.0
2	21	21
0.9478503568752208	-0.09703046337650956	0.3035866753610223	0.0008886070589467815
-0.0057159889805969465	0.9472025058258013	0.32058516501423273	0.16942017016944827
-0.3186646177803949	-0.3056021218798481	0.897251583172501	0.07735606099570819
0.0	0.0	0.0	1.0
3	15	22
0.9921084249770502	0.023390725841095507	-0.12318197749387698	-0.0832392003607374
0.0035397836576922448	0.9768279335705818	0.2139967378268074	0.10038634708017233
0.1253331386337167	-0.2127440473889976	0.9690364367751964	-0.0090821263637646
0.0	0.0	0.0	1.0
3	16	23
0.9950776032958965	0.013730528696336883	-0.09814259139046783	-0.09030279944119071
0.013873383444368387	0.9613003081113385	0.2751530906011197	0.13922721581276132
0.09812249705999039	-0.27516032364832427	0.9563779577961488	-0.0023251841628110135
0.0	0.0	0.0	1.0
3	17	24
0.9962819955168034	0.002458713996623547	-0.0861163184855797	-0.0944278108453412
0.02569174122290586	0.9456303487016454	0.3242271053025039	0.17020569613919923
0.08223142168499008	-0.3252341938958653	0.942051362508307	0.00443158548253785
0.0	0.0	0.0	1.0
3	18	25
0.9999578368838451	-0.008677879462476768	-0.0030030413257065023	-0.08277062576894154
0.00918056037442376	0.9375022944467489	0.34785802989428516	0.1856092808294469
-0.00020332226085578936	-0.3478710044518673	0.9375424150966785	0.019772881410025464
0.0	0.0	0.0	1.0
3	19	26
0.9948405165809906	-0.03421107257218301	0.09550813365277316	-0.05702742238058329
-0.0029119303471491086	0.931408876013465	0.36396285430539926	0.19109673732766042
-0.10140866764421415	-0.362363214225814	0.9265037688722413	0.041306582787042134
0.0	0.0	0.0	1.0
3	20	27
0.978982114543969	-0.06764686040311366	0.1924003411321492	-0.025641439783315574
-0.005121818143581422	0.9349360859685311	0.3547792506827759	0.1855858839502285
-0.20388177341115063	-0.34830803393655896	0.9149391553783021	0.0639269653171582
0.0	0.0	0.0	1.0
3	21	28
0.9519673625231723	-0.0983111216867291	0.28998796331483556	0.005591803723470386
-0.003790547680259056	0.9431995792898555	0.3322051173298859	0.17559743859991123
-0.3061760102622593	-0.3173477227618665	0.8975225923649093	0.08026469977242093
0.0	0.0	0.0	1.0
4	15	29
0.9945054777451219	-0.0019172511398684786	-0.10466795266891703	-0.07491095120945346
0.024166622385603284	0.9770309071338921	0.21172309030476374	0.1083522139902231
0.10185785985434229	-0.21308925336535176	0.9717088287115578	-0.0036291733894806555
0.0	0.0	0.0	1.0
4	16	30
0.9967632953911743	-0.01157826027334954	-0.07955473919847643	-0.08186444252864433
0.032964546172167625	0.9614212088583842	0.2730983623134477	0.14754465830867125
0.07332356508688204	-0.2748369486505438	0.9586909791878275	0.002382667782357295
0.0	0.0	0.0	1.0
4	17	31
0.9974590112148705	-0.02284276536664659	-0.06748152372621456	-0.08598376354016324
0.04346800119796075	0.9455977297778491	0.3224215335631669	0.17881502138738203
0.05644537238521373	-0.32453560166399553	0.9441878424290486	0.008570099009893806
0.0	0.0	0.0	1.0
4	18	32
0.9993040477857349	-0.03383333078112287	0.015711962521240058	-0.07387390039064101
0.02631987388306117	0.937954338644577	0.3457587435060947	0.19415594273786696
-0.026435318404542735	-0.3451046066375062	0.9381919358081362	0.022990435713229562
0.0	0.0	0.0	1.0
4	19	33
0.9917106019002523	-0.05895120940654562	0.1141701516855828	-0.0477632385641833
0.01377974609927714	0.9322125263053991	0.36164900124089466	0.19958937878482375
-0.1277505099622083	-0.357077979096893	0.9252973843040349	0.04345130604886227
0.0	0.0	0.0	1.0
4	20	34
0.9732123709198157	-0.09170358088934748	0.21082748024251163	-0.01616970641706672
0.011830913112625296	0.9357682305023213	0.35241740263190563	0.1940279730129113
-0.22960367033530815	-0.3404827055026351	0.9117859880878689	0.0651789228833266
0.0	0.0	0.0	1.0
4	21	35
0.9436201534792145	-0.12140275674988545	0.3079650032794718	0.015194004922484794
0.013790309949127916	0.9439317911839997	0.32985269164845704	0.1839731895824539
-0.330743034965294	-0.30700875374776526	0.8923871890504091	0.08070582616316013
0.0	0.0	0.0	1.0
5	16	36
0.9983386091103252	-0.026683081488355718	-0.05106848621595101	-0.07033582698123977
0.040010999015268715	0.9588151903749518	0.28119826623972055	0.16190816101509398
0.0414619545937444	-0.2827743995188501	0.9582898262096288	0.005121349565780373
0.0	0.0	0.0	1.0
5	17	37
0.9985121447691135	-0.038042802976650913	-0.03906589616018962	-0.07452427226197374
0.04884551393270262	0.9424777544234851	0.3306807796232353	0.1933795493973981
0.024238701825473247	-0.3320969964498851	0.9429336900546434	0.010379511448385328
0.0	0.0	0.0	1.0
5	18	38
0.9977941867426624	-0.04965304538259138	0.04406074242280295	-0.06206553227017595
0.0309171055235825	0.9349389855835281	0.35345892780150223	0.20854448650774454
-0.05874448339143346	-0.35131704370512845	0.9344117403690491	0.023491972243480916
0.0	0.0	0.0	1.0
5	19	39
0.9869848200220845	-0.07534876419946882	0.1420682342518155	-0.03581743519965536
0.017837809674373015	0.9292820759259541	0.36893971641145973	0.2138406396462389
-0.15982067456745166	-0.3616037632369535	0.9185314127814486	0.04249293575551183
0.0	0.0	0.0	1.0
5	20	40
0.9652098216724525	-0.10849355115748853	0.2379056569371426	-0.004327935005326252
0.016210551932653996	0.9329336184490677	0.3596832786834892	0.20824949386485228
-0.26097362671477375	-0.343313245371144	0.9022353113636408	0.06311982652562172
0.0	0.0	0.0	1.0
5	21	41
0.9323803185515189	-0.13841457642968044	0.3339285304696048	0.026838940787653295
0.01894419913829792	0.941225804551886	0.3372463487755278	0.19819698613926268
-0.36098208166860385	-0.3081158734197578	0.880202562509511	0.07773966349388486
0.0	0.0	0.0	1.0
6	17	42
0.9991104738397445	-0.04208080763961777	0.0027356227578551533	-0.060834316706396566
0.03814150167505733	0.9294391599320877	0.36699883394733085	0.20643206619125054
-0.017986200569769416	-0.36656811574211823	0.9302173619266237	0.01495165438513534
0.0	0.0	0.0	1.0
6	18	43
0.9947418910640267	-0.05672636316912147	0.0852691026802645	-0.04783236488051033
0.019212538979581955	0.9211692592177414	0.3886877279637442	0.2214454806467691
-0.10059616031832382	-0.385005784946657	0.91741538693048	0.02660145536832019
0.0	0.0	0.0	1.0
6	19	44
0.9795908711396497	-0.08593766821506033	0.1817042027654771	-0.021210680578634906
0.005451995759203246	0.9150207384514074	0.4033699151686312	0.2266202832078581
-0.20092781960109354	-0.39414693190154976	0.8968144989042584	0.04391102436473082
0.0	0.0	0.0	1.0
6	20	45
0.9535496199457104	-0.1224530129123564	0.2752243794261225	0.010400297027116636
0.004242094155346289	0.919018049777792	0.39419271371004727	0.22096824068855028
-0.30120634565483423	-0.3747148162013309	0.8768485990688935	0.06313532328714018
0.0	0.0	0.0	1.0
6	21	46
0.9164689192731267	-0.15569276104025406	0.36857093046031264	0.041563851399862226
0.00797885936453678	0.9281119798594172	0.37221576873713785	0.21085867134234165
-0.40002647996284724	-0.3381834716464068	0.8518279752456951	0.0764961518544264
0.0	0.0	0.0	1.0
7	16	47
0.9989959100851079	-0.03253163355016316	0.030803348195165104	-0.04170720105709627
0.019337558156924593	0.9333153424300195	0.35853657577763465	0.191420676334381
-0.040413029794682906	-0.35758102033636874	0.9330073532999479	0.014707545343596097
0.0	0.0	0.0	1.0
7	17	48
0.9981192958069873	-0.04480031467783064	0.04184176477734311	-0.045980068717735786
0.023914736436733617	0.9130539499741662	0.40713704704470344	0.223545844947121
-0.05644362855132525	-0.4053708271900034	0.9124082211322487	0.017975905685658693
0.0	0.0	0.0	1.0
7	18	49
0.9903572900471445	-0.06289723249034694	0.12343591777566681	-0.032499220004021154
0.004104927022248647	0.9039280225651546	0.42766492862760574	0.2383479227456011
-0.1384761335420726	-0.42303447611047396	0.8954699015541853	0.027972011522399625
0.0	0.0	0.0	1.0
7	19	50
0.9712386401966225	-0.09610389188901708	0.2178519040505264	-0.005644559728151777
-0.010251608631747648	0.8972030121489661	0.44149921936728753	0.24335724692407776
-0.2378871765825108	-0.43103456839070936	0.8704131407766181	0.04341478911813076
0.0	0.0	0.0	1.0
7	20	51
0.9413517343623995	-0.13645652524661642	0.30860420162732427	0.025901112560463565
-0.011080586629794721	0.9015864666005283	0.4324570115617135	0.23765934584263648
-0.33724498927499935	-0.41051373406194586	0.8471979126839512	0.06118387274884242
0.0	0.0	0.0	1.0
7	21	52
0.9004447845905129	-0.17349997775262657	0.39886960373680763	0.056873756674004634
-0.006437630383591092	0.9115879909898881	0.41105463736764714	0.2275356027296554
-0.43492274112412216	-0.37269987525397147	0.819717773627328	0.07330816857478889
0.0	0.0	0.0	1.0
8	17	53
0.9969187038479153	-0.05317497982810079	0.05766720389989709	-0.03265564371681025
0.022351078081247273	0.8972483656511459	0.44096010773664857	0.24278009822864954
-0.07518988588579663	-0.43831256315416467	0.8956721860991026	0.016641904672703316
0.0	0.0	0.0	1.0
8	18	54
0.9875937692949156	-0.07421187210850695	0.13838800214942637	-0.019013840697888338
0.0021227624861026705	0.8875088093670068	0.46078588277600946	0.2572955693672156
-0.15701642980293654	-0.454775582372577	0.8766556391433286	0.02507243307464184
0.0	0.0	0.0	1.0
8	19	55
0.9665920312160258	-0.11074216363043035	0.23116217830249863	0.0076720998834026105
-0.01251921530594291	0.8803775818034256	0.47410810420861005	0.26208775971554155
-0.25601383080002893	-0.4611632146627372	0.8495796111262638	0.03882015452937326
0.0	0.0	0.0	1.0
8	20	56
0.9348446452736726	-0.154204372764146	0.31982266123014946	0.03874870776973637
-0.013159887108337365	0.885096788831243	0.4652209215318994	0.2563902814168802
-0.35481322343989613	-0.4391181690852973	0.8253985727749074	0.0554074048965459
0.0	0.0	0.0	1.0
8	21	57
0.8921084357223601	-0.19426599691921403	0.40792556288013987	0.06915426720694877
-0.008074721719621935	0.8958478555825501	0.4442875800663402	0.2463523732257435
-0.45174932253952316	-0.3996466761099866	0.7976247867425428	0.0666452533622949
0.0	0.0	0.0	1.0
9	17	58
0.9951147869381233	-0.053631309211127416	0.08288736288573068	-0.025917512716731192
0.00973479413030186	0.8887909802689091	0.4582095161929586	0.2555709022224572
-0.09824387758551628	-0.4551642231495285	0.8849711020689544	0.015460353745284134
0.0	0.0	0.0	1.0
9	18	59
0.9836923725800918	-0.07619179766831886	0.16292426728202603	-0.012185405395887512
-0.010997341246463042	0.8786668502516274	0.477308878428868	0.2699281273868543
-0.17952316757915468	-0.4713168549905494	0.8634998750725607	0.023024473700752373
0.0	0.0	0.0	1.0
9	19	60
0.9602973470914471	-0.11447740351848472	0.2544090691709874	0.014387656509166546
-0.025976847657752843	0.8712766531961681	0.4901043029179997	0.27459971443692704
-0.2777665394503594	-0.47725467580348024	0.8337109193162763	0.03586118821050085
0.0	0.0	0.0	1.0
9	20	61
0.9262764160423426	-0.15962285015476232	0.3413688698144784	0.04517406933701751
-0.026388702564671972	0.8761621385647878	0.48129375181426526	0.2689084311630995
-0.37591997742075134	-0.4548193195657984	0.8073559336159593	0.051884071114380106
0.0	0.0	0.0	1.0
9	21	62
0.8812813411913258	-0.20136465384803753	0.427546037565314	0.07524829786870046
-0.020766449121826732	0.887309040000512	0.4607076879539872	0.2589276375073695
-0.4721357241386188	-0.4148917330078675	0.7777872243588261	0.06275568424547745
0.0	0.0	0.0	1.0
10	17	63
0.9949331060351879	-0.05507797881857406	0.08410852000667582	-0.024501774315985835
0.012657529032067185	0.8985522127458891	0.4386838216887239	0.24617961380738804
-0.09973771295652939	-0.435396573435776	0.8946967184819324	0.018157363991589168
0.0	0.0	0.0	1.0
10	18	64
0.9834367637118456	-0.07584688354171565	0.16461838781555996	-0.010707962524241948
-0.0081077311943289	0.8889159499810446	0.4579983571478594	0.2605783589482235
-0.18106969572526618	-0.45174719795353624	0.8735778367870002	0.02583044840602481
0.0	0.0	0.0	1.0
10	19	65
0.9599162073609773	-0.1120476180106126	0.25691612505449674	0.016045359710570768
-0.02311142072039939	0.8818563262231921	0.470951133625729	0.2652824791320704
-0.2793321036979003	-0.4580114655765026	0.8439188731064121	0.038674660296581405
0.0	0.0	0.0	1.0
10	20	66
0.925747244024734	-0.15517045015761405	0.34483906504126277	0.047075189887404834
-0.023507231936824857	0.886549491592584	0.4620359266185079	0.2595594669722297
-0.3774112973095276	-0.43583476120824555	0.817073211211434	0.05442514528491505
0.0	0.0	0.0	1.0
10	21	67
0.8806153855191832	-0.1948715005818431	0.4319044371657066	0.07734984790370296
-0.01784841029375809	0.8972254572169942	0.44121164840464583	0.24951405511905894
-0.4734953137624869	-0.3962466762096748	0.786632583923871	0.06486337562022511
0.0	0.0	0.0	1.0
11	16	68
0.9971352282611861	-0.03869831463455713	0.06499005614142275	-0.02025244592476774
0.013107176046782274	0.9346166167575344	0.3554151461215699	0.19308810972632676
-0.0744947698999648	-0.35354524121049835	0.9324464515100381	0.015854104682325523
0.0	0.0	0.0	1.0
11	17	69
0.9958039264279746	-0.050916513471910174	0.07603898716564833	-0.024523887343544867
0.015894492780119885	0.9145234063905058	0.4042206179267091	0.2254153987724638
-0.09012091459236986	-0.4013160040828258	0.9114953710433071	0.018709715432025858
0.0	0.0	0.0	1.0
11	18	70
0.9851486669034274	-0.06863423156690568	0.15738946775431278	-0.011027417794406842
-0.004661883827648502	0.9056054790685523	0.42409550013834285	0.2398368751584634
-0.17164024211624515	-0.41853094771039245	0.891836082623508	0.02690139832785147
0.0	0.0	0.0	1.0
11	19	71
0.9626093127178414	-0.10133791313088371	0.2512245886042817	0.015622695515405993
-0.01952464297689815	0.8990269988996898	0.4374575903235772	0.24456789279926303
-0.2701887301334069	-0.4260059627687317	0.8634333129010617	0.040152948609525084
0.0	0.0	0.0	1.0
11	20	72
0.9293871111478559	-0.14113435415471107	0.3410581568063814	0.0467214399893392
-0.02001667929620008	0.9033790031363135	0.42837566563375645	0.23883314637610675
-0.368563333357937	-0.4049537417469038	0.836763717839134	0.05574901881010831
0.0	0.0	0.0	1.0
11	21	73
0.8851893838619922	-0.17755426613355585	0.43001651399668966	0.0770114664038174
-0.014582582690871539	0.9132644954770326	0.4071060447294048	0.22876350031215092
-0.4650022586461524	-0.3666368011084037	0.805822896939104	0.06573410832781618
0.0	0.0	0.0	1.0
12	16	74
0.9977534778191829	-0.02560825559994462	0.06190361153375222	-0.020609703307381454
0.005647128395637448	0.9529157838919462	0.3031821890085171	0.1630661996397484
-0.06675292704096342	-0.30215161052271183	0.9509196889235004	0.01618015329384267
0.0	0.0	0.0	1.0
12	17	75
0.9965920859064206	-0.037209079992959845	0.07361717624829679	-0.024650836375982487
0.00885473365868798	0.9355783629648774	0.3530079314276024	0.19545009858554838
-0.08200973236552968	-0.35115317302019927	0.9327195135930115	0.020610772246884554
0.0	0.0	0.0	1.0
12	18	76
0.9864847285798201	-0.05050299711946058	0.155875694752373	-0.011492368205937636
-0.011522073343540792	0.9275785389385874	0.3734503718973724	0.20993212790090893
-0.16344735373647634	-0.3701992037541806	0.9144601443572281	0.02955458070906051
0.0	0.0	0.0	1.0
12	19	77
0.964697353561116	-0.0781816566481586	0.2514883632229782	0.015121242954094801
-0.026258372285200875	0.9216083604951641	0.38723158545918474	0.21472107722641848
-0.2620482357089197	-0.38016510393826014	0.8870203272483989	0.043387996387486034
0.0	0.0	0.0	1.0
12	20	78
0.9322783493981156	-0.11326420494182084	0.3435522621296298	0.046433062265794633
-0.0268345854662523	0.9254468433904464	0.37792581334046804	0.20895851428229098
-0.36074492133865044	-0.3615512157614778	0.8597345785505336	0.058744451998739795
0.0	0.0	0.0	1.0
12	21	79
0.8888475590002722	-0.145127787489634	0.4346122101619211	0.07685866753104724
-0.02159502497003341	0.9341924985602843	0.3561150476707447	0.1988272632694959
-0.4576937642454558	-0.32591755834082425	0.8272207126626154	0.0680466236317981
0.0	0.0	0.0	1.0
13	16	80
0.9983979456158415	-0.015087930955012917	0.054533642335155855	-0.018053862694532796
0.00293218470569737	0.9762936411936196	0.21643075634639844	0.11964018163679646
-0.05650637117035704	-0.21592417024461663	0.9747737481974317	0.016189416912574917
0.0	0.0	0.0	1.0
13	17	81
0.9974076980223289	-0.02559636766701665	0.06725086669280587	-0.02176908752392137
0.006684886138647285	0.9635130805264631	0.267578139041053	0.1521024247683347
-0.071646108103555	-0.2664349954405081	0.9611864219612662	0.022852561945217342
0.0	0.0	0.0	1.0
13	18	82
0.9881137514956292	-0.031504330182864616	0.1504618713795525	-0.009152155959057495
-0.013462004661122441	0.9572807223174729	0.2888470256595875	0.16660336285657795
-0.15313420101769679	-0.2874392860091762	0.9454780203870838	0.03263552391342461
0.0	0.0	0.0	1.0
13	19	83
0.9673420914288945	-0.050597421598220595	0.24837292860937213	0.01731565986734296
-0.02803996061385064	0.952499541490745	0.3032465742350945	0.1714266769655175
-0.25191860236557245	-0.30030761915057197	0.9199741650842382	0.047011514272807586
0.0	0.0	0.0	1.0
13	20	84
0.9359498017069104	-0.0774346976276322	0.34351401412280463	0.04881020587677298
-0.02872140296793999	0.9554846382269944	0.2936398980037785	0.1656246468544058
-0.35096031567485536	-0.2846984402819009	0.892061458048936	0.06172369978292824
0.0	0.0	0.0	1.0
13	21	85
0.8935190029616257	-0.10120977884686999	0.43747044753311587	0.07927278908479352
-0.023727418200628	0.962263263672336	0.27108420055953236	0.15542648047605656
-0.44839813720528937	-0.25259897976399676	0.8573990146533418	0.06974812444626632
0.0	0.0	0.0	1.0
14	16	86
0.9988143002866684	-0.011565808150425636	0.047288493536350534	-0.013044660242866246
0.003931583145166264	0.9873596914975816	0.158446425523232	0.0858833903193771
-0.04852333272201492	-0.1580726762855487	0.986234481944203	0.017256294386102888
0.0	0.0	0.0	1.0
14	17	87
0.9979340119835826	-0.02130617531173852	0.06061087759476654	-0.01649135523071495
0.008104039023861443	0.9776190647109968	0.21022664065362065	0.11848239059215847
-0.06373345673011033	-0.20930117248539057	0.9757720185135955	0.025607674011846708
0.0	0.0	0.0	1.0
14	18	88
0.9893122310062122	-0.022298733809560642	0.144097592295367	-0.004221585708592967
-0.011866905870813248	0.972646339020292	0.2319875755579806	0.13296561835104898
-0.14532905149762598	-0.231218177486403	0.9619862726196468	0.03578886889325432
0.0	0.0	0.0	1.0
14	19	89
0.9693409589904386	-0.03558968196446266	0.24312829794562796	0.022193965599468783
-0.02632528803394626	0.9687186750883234	0.24676093259292284	0.13779108563272646
-0.24430509603898096	-0.24559595981729657	0.9380818779833523	0.050267425050788184
0.0	0.0	0.0	1.0
14	20	90
0.9387330266949023	-0.05677767646134459	0.3399361654532994	0.05385901265312242
-0.027086011836161817	0.971131789825327	0.23700072989032175	0.13194403708057803
-0.3435792455313124	-0.23168795258729727	0.9100955114112137	0.06414813435183671
0.0	0.0	0.0	1.0
14	21	91
0.897075132316507	-0.07498176741953295	0.4354697610921732	0.08434389301937766
-0.02227821402294821	0.9765696945347404	0.2140450482016576	0.1216797527042523
-0.4413161314020023	-0.2017160178195531	0.8743859477529321	0.07084079304161586
0.0	0.0	0.0	1.0
15	23	92
0.8060142683880251	-0.033801745767422384	0.5909301050303626	0.14042355217451358
-0.036998949659089744	0.9935383781696745	0.10729694042497988	0.06795313897440382
-0.5907386043807189	-0.10834668397251791	0.7995553791372467	0.04680488280865635
0.0	0.0	0.0	1.0
15	24	93
0.741396475475612	-0.028243063218227234	0.670472526407185	0.15168474454048206
-0.056179307691532475	0.9929945316280554	0.10395105445035861	0.06514634345080547
-0.6687115237632668	-0.11473566629013332	0.7346159734481389	0.03008369990938583
0.0	0.0	0.0	1.0
16	23	94
0.8216307058115873	0.00590347602586511	0.5699896270958734	0.13927039249081047
-0.038162767583437	0.9982725439800555	0.04467172361372501	0.02746706437163983
-0.5687413541311496	-0.05845604803290019	0.8204365373623448	0.03652670347140773
0.0	0.0	0.0	1.0
16	24	95
0.7591369522271377	0.016378273074912814	0.6507247796518972	0.1488319061538483
-0.05742322870555064	0.9974709572305498	0.041884431362090385	0.02459846767053994
-0.6483931877066164	-0.06916275125993404	0.7581575318120216	0.02039741609433051
0.0	0.0	0.0	1.0
17	23	96
0.8298652061794474	0.04129394484102575	0.5564338098974083	0.1334394394202995
-0.04499677037172434	0.9989624023230845	-0.007026606019893276	-0.004450792565129246
-0.5561467639017111	-0.019206596757467928	0.8308621235780209	0.02491061527188975
0.0	0.0	0.0	1.0
17	24	97
0.7684898528184588	0.05556450629022853	0.637444753417233	0.14133148868611298
-0.06428961460122383	0.9978862685221851	-0.00947711927199553	-0.007312994715837716
-0.6366241478410806	-0.03369801814314738	0.7704376924346805	0.009763252432734649
0.0	0.0	0.0	1.0
17	25	98
0.6958769644809493	0.06436300190403066	0.7152710296887014	0.14499140993271134
-0.08108850711480192	0.9966484928745752	-0.010792628882999106	-0.0068523670605457635
-0.713568559285504	-0.05048992680680838	0.6987637882251725	-0.006051890339060061
0.0	0.0	0.0	1.0
18	23	99
0.8733743151248518	0.039021471221152265	0.48548390802995967	0.12001902097108064
-0.028922212067712928	0.999181508285976	-0.02828026199747199	-0.017495984190146405
-0.48619017000735515	0.010657982817159966	0.8737879810868424	0.018341511615732015
0.0	0.0	0.0	1.0
18	24	100
0.8191116150960137	0.05632896101384738	0.5708616875379546	0.12710259589002956
-0.04836634500166517	0.9984051641866991	-0.02911683895679704	-0.020179194168805176
-0.5715914945134618	-0.003760555258518148	0.8205297263961321	0.004719714671588183
0.0	0.0	0.0	1.0
18	25	101
0.7532987707084525	0.06829979732453129	0.6541223736668763	0.13014606908776305
-0.06523465914775979	0.9974478269983588	-0.029022526503719507	-0.01956916514633725
-0.6544352215694108	-0.020808820686997343	0.7558317162070674	-0.009418889482512178
0.0	0.0	0.0	1.0
18	26	102
0.6679916261994938	0.09037966197874178	0.7386599836783201	0.12593917414460834
-0.08149547577791492	0.9955119739573917	-0.04810837649203622	-0.02423324471832557
-0.7396929583417655	-0.02806146339175871	0.6723591602077504	-0.0258494461890153
0.0	0.0	0.0	1.0
19	23	103
0.9183929232311931	0.036816526028655115	0.3939531374534807	0.09363664794384852
-0.021360131134806854	0.9988229603250475	-0.043548844848163015	-0.020494964135656088
-0.39509288769601114	0.031580048926096616	0.9180981840594082	0.011349830236990837
0.0	0.0	0.0	1.0
19	24	104
0.8732336839271847	0.05624638609963081	0.4840446429228758	0.10010250577142085
-0.04079600535297871	0.9982674116922753	-0.04240207049358159	-0.022778992837910933
-0.4855911035740549	0.017279820919986054	0.8740153134427706	0.0004602306780467033
0.0	0.0	0.0	1.0
19	25	105
0.8163150420126888	0.07044392706789807	0.5732952574213188	0.10281588615376347
-0.057577048851109355	0.9975158058473502	-0.04058627270448151	-0.021836943335323742
-0.5747302218960345	0.0001225271656386127	0.8183430162397525	-0.010769967364252004
0.0	0.0	0.0	1.0
19	26	106
0.7402365331974473	0.09500588609122824	0.6656002352354714	0.0985946221836982
-0.07570564290376913	0.995448253580972	-0.05789264980037554	-0.02581565660953002
-0.6680708515690612	-0.007535451266709973	0.7440595513131978	-0.02393150299386071
0.0	0.0	0.0	1.0
19	27	107
0.6255211705420693	0.11903127564750021	0.771073764621849	0.10131081894955517
-0.09670080540974486	0.9925013697533638	-0.07476625749449399	-0.0294725817205788
-0.7741914383535934	-0.027795578151488795	0.632341068117928	-0.045417204183883314
0.0	0.0	0.0	1.0
19	28	108
0.5572659060438765	0.11944043223742111	0.8216985920766622	0.10759809806346682
-0.1004018693516042	0.9920317651674276	-0.07610839744667112	-0.029499822285973726
-0.8242416749832718	-0.04008747403915043	0.5648175204760514	-0.06208237091040235
0.0	0.0	0.0	1.0
19	29	109
0.4764403932754143	0.12540851048826104	0.8702166762052505	0.11420527096992639
-0.10951046001691078	0.9905318303421706	-0.08279076245166674	-0.029305841057618985
-0.872360151151708	-0.055852976681783024	0.4856629044401807	-0.0818491979651234
0.0	0.0	0.0	1.0
19	32	110
0.5783948295004957	0.10920913683642126	0.8084137327876898	0.13359158862887643
0.0017168297249476974	0.9908331733142072	-0.1350806148853434	-0.1012756209071628
-0.8157552811937061	0.07951784638182552	0.5729052128085695	-0.11849245764386404
0.0	0.0	0.0	1.0
20	23	111
0.954378772045819	0.030111998516951267	0.2970765797783912	0.0644635195119202
-0.02158826601201498	0.9992568535293622	-0.03193194582756587	-0.014164103646285273
-0.29781736919292245	0.024061799560569305	0.9543195733024634	0.004730550778715942
0.0	0.0	0.0	1.0
20	24	112
0.9188674746069915	0.048823696014816224	0.3915338507824916	0.07051749300516971
-0.0408032283523814	0.9987524889026844	-0.028784292762866003	-0.015998864949583108
-0.39245079142113654	0.010473103682256568	0.919713421601594	-0.0032442089685061674
0.0	0.0	0.0	1.0
20	25	113
0.871551184880268	0.06234896780510136	0.48632419718561054	0.07309352195967034
-0.05730921653380881	0.9980371938896098	-0.025247893311828275	-0.014685020707068815
-0.4869437871034032	-0.005866030867531523	0.873413674947965	-0.011400189195203076
0.0	0.0	0.0	1.0
20	26	114
0.8055374068291632	0.08627016221982699	0.586231129362626	0.06919846140439702
-0.07714004580865418	0.9961931853415988	-0.040602673618226455	-0.01792456125797544
-0.5875022583733988	-0.012514932117386466	0.8091257466013506	-0.02100534934647924
0.0	0.0	0.0	1.0
