0	15	1
0.9911259311103001	0.0373843789499262	-0.1275610605829408	-0.09564910888737478
-0.010582441682998286	0.9787824516167313	0.20462850226140433	0.08728434127607476
0.13250446075060301	-0.20146275287028992	0.9704922869404361	-0.014662705783031322
0.0	0.0	0.0	1.0
0	16	2
0.9943443220586875	0.028012242664336363	-0.10244311395737045	-0.10280384475304707
0.00023567919496666234	0.9640042310060851	0.2658866610770588	0.12576637983042352
0.10620369353931843	-0.26440711527007416	0.958545559509396	-0.006723012500445146
0.0	0.0	0.0	1.0
0	17	3
0.9957701976773196	0.016876473426263566	-0.09031475426024309	-0.10689080257474275
0.012491643452175504	0.9489901121535422	0.3150582735274046	0.15644908055895174
0.09102493704829673	-0.31485391215490816	0.9447652845097585	0.0009329551048663908
0.0	0.0	0.0	1.0
0	18	4
0.9999529099153653	0.0065980441392981815	-0.007114931418160586	-0.09570451042627091
-0.003797082029077385	0.9408381811943146	0.3388349075504671	0.1720070787347869
0.008929651337488017	-0.3387920135520791	0.9408188978628476	0.01765021080158617
0.0	0.0	0.0	1.0
0	19	5
0.9956267973143603	-0.018060974776465562	0.09165651724296583	-0.07024894147679969
-0.015729359551476408	0.9347157274801651	0.35504785691418383	0.17761733048515768
-0.09208527322823343	-0.3549369700383699	0.9303440262508956	0.04075167955032007
0.0	0.0	0.0	1.0
0	20	6
0.9806756560970019	-0.050801263615622747	0.18892972291037863	-0.03890546633464864
-0.01803026618556409	0.9381201347843475	0.3458402936709734	0.17215472691383027
-0.1948079481042707	-0.34256366843678354	0.9190755271300397	0.06462014313137988
0.0	0.0	0.0	1.0
0	21	7
0.9545298596784035	-0.08093452203434291	0.28691860371008415	-0.0076066857760964625
-0.016917339588997642	0.9461853416049593	0.3231827810306532	0.16220141012998762
-0.2976348523083681	-0.31334159582754345	0.9017929785033277	0.08204153466140002
0.0	0.0	0.0	1.0
1	15	8
0.9918876768511649	0.026755691286240536	-0.12426976739745334	-0.08966416310436577
-0.0005493691923266153	0.97849127820713	0.20628744898572624	0.0912530491686886
0.1271162364704213	-0.2045457588811847	0.970568143251639	-0.015586512893077904
0.0	0.0	0.0	1.0
1	16	9
0.9949211615657639	0.017306325076257924	-0.09915774386569906	-0.096861881519444
0.009905939677060745	0.9634917322758796	0.2675548138363906	0.129682077736769
0.10016804234830039	-0.2671782826459777	0.9584269098140347	-0.008058683588477044
0.0	0.0	0.0	1.0
1	17	10
0.9961854832377188	0.006135071521417841	-0.0870441071502215	-0.10099872011614523
0.021835982339994484	0.948261069307634	0.3167399850856104	0.16032929608068053
0.08448378703824493	-0.31743256934723424	0.9445099783284766	-0.0006952109143219688
0.0	0.0	0.0	1.0
1	18	11
0.9999831947323421	-0.004329577459444256	-0.003849030540250267	-0.0899029874384437
0.005381354106415726	0.9402475122387859	0.3404493303714326	0.1757381831003537
0.0021450239220127047	-0.34046440679232515	0.9402549835082229	0.015449113460829703
0.0	0.0	0.0	1.0
1	19	12
0.99506442419195	-0.02910725720398998	0.09486497392028231	-0.06466201030732474
-0.006670160731704703	0.9342284760515049	0.3566127345636485	0.18123957761340911
-0.09900556359658136	-0.3554855284137944	0.92942346621546	0.037907535186619455
0.0	0.0	0.0	1.0
1	20	13
0.9794378593268744	-0.06184693563949345	0.19203217269628897	-0.033627839599121634
-0.00890355344383726	0.9376734606242476	0.3474036397910327	0.17578613040895663
-0.20154936800990939	-0.3419701098772079	0.9178421483768148	0.06124624293460025
0.0	0.0	0.0	1.0
1	21	14
0.9526435317563703	-0.09185848966526308	0.28988312194850363	-0.002692339124166772
-0.007628346888851566	0.9457644212273797	0.3247638672902715	0.16589307815182713
-0.3039934810640219	-0.3115956130792722	0.900275656229827	0.07821473136243123
0.0	0.0	0.0	1.0
2	15	15
0.9936871469603697	0.019507405582523795	-0.11047850062886869	-0.08613591847598491
0.00324122444545462	0.979363470283503	0.20208089260349216	0.09474599925535732
0.11214068366465077	-0.20116330842942803	0.9731176149052809	-0.014423904770831681
0.0	0.0	0.0	1.0
2	16	16
0.9963048394510124	0.010147416768363475	-0.08528634656788986	-0.09331809928908832
0.012736666030208324	0.9645610759870663	0.26355215326134784	0.13325044469960626
0.0849382591359986	-0.26366461426846793	0.9608676032728131	-0.007216524792925659
0.0	0.0	0.0	1.0
2	17	17
0.9973235102035438	-0.0009791634052779246	-0.07310861490972409	-0.09746982199540015
0.023873953201397704	0.9494648815131979	0.31296415639510644	0.1639606574817964
0.06910765464283103	-0.31387197627841407	0.9469470067625042	-9.44119838491454e-05
0.0	0.0	0.0	1.0
2	18	18
0.9998866169153023	-0.01110611920541331	0.010175405360489392	-0.08627716472996859
0.007035285072168664	0.9416662743360713	0.3364747074970781	0.17931676136034766
-0.013318774572420413	-0.3363650251725105	0.9416375624511202	0.015668329848219902
0.0	0.0	0.0	1.0
2	19	19
0.9934197747356402	-0.035419001263099534	0.1089157054778427	-0.06099601639928106
-0.005281732785407364	0.9357994312448903	0.35249328141980457	0.18477731166594777
-0.11440820209889833	-0.3507491466609572	0.9294546319052698	0.037693545019381235
0.0	0.0	0.0	1.0
2	20	20
0.9762137471317389	-0.06762798920738089	0.20599338100962986	-0.029988962288042268
-0.007362648886808307	0.9392192175803361	0.34323918795609215	0.17931401364150912
-0.216685568152834	-0.3365915052675272	0.9163806579317032	0.06068635015292724
0.0	0.0	0.0	1.0
2	21	21
0.9478503568752209	-0.09703046337650949	0.30358667536102213	0.0008886070589432288
-0.005715988980596942	0.9472025058258015	0.3205851650142328	0.1694201701694485
-0.31866461778039473	-0.30560212187984803	0.8972515831725008	0.0773560609957073
0.0	0.0	0.0	1.0
3	15	22
0.9921084249770502	0.02339072584109551	-0.12318197749387698	-0.0832392003607374
0.003539783657692254	0.9768279335705818	0.2139967378268074	0.10038634708017233
0.1253331386337168	-0.2127440473889976	0.9690364367751965	-0.009082126363764155
0.0	0.0	0.0	1.0
3	16	23
0.9950776032958965	0.013730528696336869	-0.09814259139046778	-0.09030279944119426
0.013873383444368394	0.9613003081113386	0.2751530906011197	0.13922721581276087
0.09812249705999043	-0.2751603236483243	0.956377957796149	-0.0023251841628114576
0.0	0.0	0.0	1.0
3	17	24
0.9962819955168034	0.0024587139966235744	-0.0861163184855798	-0.09442781084534475
0.025691741222905858	0.9456303487016454	0.32422710530250387	0.170205696139199
0.08223142168499001	-0.32523419389586516	0.9420513625083067	0.004431585482538738
0.0	0.0	0.0	1.0
3	18	25
0.9999578368838451	-0.008677879462476796	-0.003003041325706404	-0.08277062576893798
0.009180560374423746	0.9375022944467488	0.34785802989428516	0.18560928082944755
-0.00020332226085585604	-0.34787100445186736	0.9375424150966786	0.019772881410026574
0.0	0.0	0.0	1.0
3	19	26
0.9948405165809907	-0.03421107257218303	0.0955081336527732	-0.057027422380579736
-0.0029119303471491155	0.9314088760134649	0.3639628543053992	0.19109673732766042
-0.1014086676442142	-0.3623632142258141	0.9265037688722413	0.04130658278704258
0.0	0.0	0.0	1.0
3	20	27
0.9789821145439692	-0.06764686040311364	0.1924003411321491	-0.025641439783315574
-0.0051218181435814135	0.934936085968531	0.3547792506827759	0.18558588395022826
-0.20388177341115055	-0.3483080339365589	0.914939155378302	0.0639269653171582
0.0	0.0	0.0	1.0
3	21	28
0.9519673625231723	-0.09831112168672905	0.28998796331483545	0.005591803723470386
-0.0037905476802590522	0.9431995792898556	0.33220511732988595	0.17559743859991145
-0.30617601026225927	-0.31734772276186646	0.897522592364909	0.08026469977242004
0.0	0.0	0.0	1.0
4	15	29
0.994505477745122	-0.0019172511398684647	-0.10466795266891703	-0.07491095120945346
0.02416662238560329	0.9770309071338921	0.21172309030476374	0.10835221399022332
0.10185785985434238	-0.21308925336535176	0.971708828711558	-0.0036291733894802114
0.0	0.0	0.0	1.0
4	16	30
0.9967632953911743	-0.011578260273349555	-0.07955473919847639	-0.08186444252864788
0.03296454617216763	0.9614212088583843	0.27309836231344775	0.14754465830867103
0.07332356508688206	-0.27483694865054387	0.9586909791878278	0.002382667782356851
0.0	0.0	0.0	1.0
4	17	31
0.9974590112148705	-0.02284276536664656	-0.06748152372621466	-0.08598376354016324
0.04346800119796075	0.9455977297778492	0.3224215335631669	0.17881502138738203
0.05644537238521366	-0.3245356016639955	0.9441878424290483	0.00857009900989425
0.0	0.0	0.0	1.0
4	18	32
0.999304047785735	-0.0338333307811229	0.015711962521240155	-0.07387390039063746
0.02631987388306115	0.9379543386445769	0.34575874350609465	0.19415594273786763
-0.026435318404542805	-0.34510460663750625	0.9381919358081363	0.022990435713230895
0.0	0.0	0.0	1.0
4	19	33
0.9917106019002524	-0.05895120940654565	0.11417015168558278	-0.047763238564179744
0.013779746099277136	0.932212526305399	0.3616490012408946	0.19958937878482352
-0.12775050996220835	-0.357077979096893	0.925297384304035	0.043451306048862715
0.0	0.0	0.0	1.0
4	20	34
0.9732123709198159	-0.09170358088934746	0.21082748024251158	-0.01616970641706672
0.011830913112625295	0.9357682305023212	0.3524174026319056	0.19402797301291108
-0.2296036703353081	-0.34048270550263504	0.9117859880878688	0.0651789228833266
0.0	0.0	0.0	1.0
4	21	35
0.9436201534792145	-0.12140275674988539	0.3079650032794717	0.015194004922481241
0.013790309949127923	0.9439317911839998	0.32985269164845704	0.18397318958245434
-0.33074303496529384	-0.3070087537477652	0.892387189050409	0.08070582616316013
0.0	0.0	0.0	1.0
5	16	36
0.9983386091103252	-0.02668308148835573	-0.05106848621595096	-0.07033582698124333
0.04001099901526873	0.9588151903749519	0.28119826623972055	0.16190816101509375
0.041461954593744424	-0.28277439951885014	0.958289826209629	0.005121349565779929
0.0	0.0	0.0	1.0
5	17	37
0.9985121447691137	-0.03804280297665089	-0.039065896160189725	-0.07452427226197374
0.04884551393270262	0.9424777544234851	0.3306807796232353	0.19337954939739788
0.02423870182547313	-0.332096996449885	0.9429336900546431	0.010379511448385772
0.0	0.0	0.0	1.0
5	18	38
0.9977941867426624	-0.04965304538259142	0.04406074242280305	-0.0620655322701724
0.030917105523582483	0.934938985583528	0.3534589278015022	0.2085444865077452
-0.05874448339143354	-0.3513170437051285	0.9344117403690492	0.023491972243482248
0.0	0.0	0.0	1.0
5	19	39
0.9869848200220847	-0.07534876419946884	0.14206823425181556	-0.03581743519964826
0.017837809674373012	0.929282075925954	0.36893971641145973	0.21384063964623867
-0.15982067456745172	-0.3616037632369535	0.9185314127814486	0.04249293575551227
0.0	0.0	0.0	1.0
5	20	40
0.9652098216724527	-0.10849355115748852	0.2379056569371425	-0.004327935005326252
0.016210551932654003	0.9329336184490676	0.3596832786834892	0.20824949386485206
-0.2609736267147737	-0.34331324537114394	0.9022353113636407	0.06311982652562172
0.0	0.0	0.0	1.0
5	21	41
0.9323803185515189	-0.13841457642968039	0.3339285304696047	0.026838940787653295
0.01894419913829793	0.9412258045518861	0.3372463487755278	0.1981969861392629
-0.3609820816686037	-0.30811587341975777	0.8802025625095108	0.07773966349388398
0.0	0.0	0.0	1.0
6	17	42
0.9991104738397446	-0.042080807639617746	0.002735622757855048	-0.060834316706396566
0.03814150167505733	0.9294391599320877	0.36699883394733085	0.20643206619125032
-0.01798620056976946	-0.3665681157421181	0.9302173619266234	0.014951654385135784
0.0	0.0	0.0	1.0
6	18	43
0.9947418910640268	-0.05672636316912151	0.0852691026802646	-0.04783236488050322
0.019212538979581934	0.9211692592177413	0.3886877279637442	0.22144548064676955
-0.1005961603183239	-0.385005784946657	0.9174153869304802	0.026601455368321522
0.0	0.0	0.0	1.0
6	19	44
0.9795908711396499	-0.08593766821506035	0.1817042027654772	-0.021210680578631354
0.005451995759203242	0.9150207384514074	0.4033699151686312	0.2266202832078581
-0.2009278196010936	-0.39414693190154976	0.8968144989042585	0.043911024364731266
0.0	0.0	0.0	1.0
6	20	45
0.9535496199457106	-0.12245301291235637	0.27522437942612243	0.010400297027116636
0.004242094155346295	0.9190180497777919	0.3941927137100472	0.22096824068855006
-0.3012063456548342	-0.37471481620133085	0.8768485990688932	0.06313532328714018
0.0	0.0	0.0	1.0
6	21	46
0.9164689192731267	-0.155692761040254	0.36857093046031253	0.041563851399862226
0.00797885936453678	0.9281119798594173	0.37221576873713785	0.21085867134234187
-0.4000264799628472	-0.3381834716464067	0.8518279752456949	0.07649615185442551
0.0	0.0	0.0	1.0
7	16	47
0.9989959100851079	-0.03253163355016318	0.030803348195165156	-0.041707201057099824
0.0193375581569246	0.9333153424300196	0.3585365757776347	0.19142067633438078
-0.040413029794682906	-0.35758102033636885	0.9330073532999481	0.014707545343595653
0.0	0.0	0.0	1.0
7	17	48
0.9981192958069874	-0.04480031467783061	0.041841764777343034	-0.04598006871773934
0.02391473643673362	0.9130539499741662	0.40713704704470344	0.22354584494712076
-0.05644362855132529	-0.4053708271900032	0.9124082211322484	0.017975905685659137
0.0	0.0	0.0	1.0
7	18	49
0.9903572900471445	-0.062897232490347	0.12343591777566693	-0.03249922000401405
0.0041049270222486296	0.9039280225651545	0.4276649286276057	0.23834792274560176
-0.1384761335420727	-0.42303447611047396	0.8954699015541854	0.027972011522400957
0.0	0.0	0.0	1.0
7	19	50
0.9712386401966228	-0.09610389188901712	0.21785190405052648	-0.005644559728144672
-0.010251608631747648	0.897203012148966	0.44149921936728753	0.24335724692407754
-0.23788717658251085	-0.43103456839070936	0.8704131407766182	0.0434147891181312
0.0	0.0	0.0	1.0
7	20	51
0.9413517343623997	-0.13645652524661642	0.3086042016273242	0.025901112560463565
-0.011080586629794711	0.9015864666005282	0.4324570115617134	0.23765934584263648
-0.33724498927499924	-0.4105137340619458	0.8471979126839511	0.06118387274884242
0.0	0.0	0.0	1.0
7	21	52
0.9004447845905129	-0.1734999777526265	0.3988696037368075	0.056873756674004634
-0.006437630383591087	0.9115879909898882	0.4110546373676472	0.22753560272965562
-0.43492274112412194	-0.3726998752539714	0.8197177736273278	0.073308168574788
0.0	0.0	0.0	1.0
8	17	53
0.9969187038479153	-0.05317497982810075	0.057667203899897004	-0.0326556437168138
0.022351078081247276	0.8972483656511459	0.4409601077366485	0.24278009822864954
-0.07518988588579666	-0.43831256315416456	0.8956721860991023	0.01664190467270376
0.0	0.0	0.0	1.0
8	18	54
0.9875937692949156	-0.074211872108507	0.13838800214942648	-0.019013840697881233
0.0021227624861026567	0.8875088093670067	0.46078588277600946	0.25729556936721626
-0.15701642980293662	-0.45477558237257704	0.8766556391433287	0.02507243307464317
0.0	0.0	0.0	1.0
8	19	55
0.9665920312160259	-0.11074216363043039	0.23116217830249872	0.007672099883409716
-0.01251921530594291	0.8803775818034256	0.47410810420861	0.26208775971554155
-0.256013830800029	-0.4611632146627372	0.8495796111262638	0.03882015452937371
0.0	0.0	0.0	1.0
8	20	56
0.9348446452736728	-0.15420437276414597	0.3198226612301494	0.03874870776973637
-0.013159887108337355	0.8850967888312429	0.46522092153189937	0.2563902814168802
-0.3548132234398961	-0.43911816908529727	0.8253985727749072	0.0554074048965459
0.0	0.0	0.0	1.0
8	21	57
0.8921084357223602	-0.19426599691921395	0.4079255628801397	0.06915426720694877
-0.00807472171962193	0.8958478555825502	0.4442875800663403	0.24635237322574371
-0.45174932253952294	-0.39964667610998655	0.7976247867425426	0.06664525336229402
0.0	0.0	0.0	1.0
9	17	58
0.9951147869381234	-0.05363130921112738	0.08288736288573063	-0.025917512716731192
0.009734794130301863	0.8887909802689091	0.4582095161929585	0.255570902222457
-0.0982438775855163	-0.4551642231495283	0.884971102068954	0.015460353745285023
0.0	0.0	0.0	1.0
9	18	59
0.9836923725800918	-0.0761917976683189	0.16292426728202614	-0.012185405395880406
-0.010997341246463059	0.8786668502516273	0.47730887842886793	0.26992812738685473
-0.1795231675791548	-0.4713168549905495	0.8634998750725608	0.023024473700753705
0.0	0.0	0.0	1.0
9	19	60
0.9602973470914473	-0.11447740351848476	0.25440906917098743	0.014387656509170099
-0.025976847657752843	0.871276653196168	0.49010430291799967	0.27459971443692704
-0.27776653945035945	-0.47725467580348024	0.8337109193162763	0.03586118821050129
0.0	0.0	0.0	1.0
9	20	61
0.9262764160423428	-0.1596228501547623	0.34136886981447834	0.04517406933701751
-0.026388702564671962	0.8761621385647876	0.4812937518142652	0.26890843116309926
-0.3759199774207513	-0.45481931956579835	0.8073559336159591	0.051884071114380106
0.0	0.0	0.0	1.0
9	21	62
0.881281341191326	-0.20136465384803745	0.42754603756531384	0.07524829786870046
-0.020766449121826725	0.8873090400005121	0.46070768795398725	0.25892763750736975
-0.47213572413861865	-0.41489173300786747	0.777787224358826	0.06275568424547656
0.0	0.0	0.0	1.0
10	17	63
0.994933106035188	-0.05507797881857403	0.08410852000667575	-0.024501774315985835
0.012657529032067188	0.8985522127458891	0.43868382168872383	0.24617961380738804
-0.09973771295652942	-0.4353965734357758	0.8946967184819321	0.018157363991589612
0.0	0.0	0.0	1.0
10	18	64
0.9834367637118456	-0.0758468835417157	0.16461838781556	-0.010707962524234843
-0.008107731194328914	0.8889159499810445	0.45799835714785936	0.2605783589482242
-0.18106969572526627	-0.4517471979535363	0.8735778367870003	0.025830448406026142
0.0	0.0	0.0	1.0
10	19	65
0.9599162073609774	-0.11204761801061265	0.2569161250544968	0.016045359710577873
-0.02311142072039939	0.881856326223192	0.47095113362572893	0.2652824791320704
-0.27933210369790035	-0.4580114655765026	0.8439188731064122	0.03867466029658185
0.0	0.0	0.0	1.0
10	20	66
0.9257472440247342	-0.15517045015761402	0.3448390650412627	0.047075189887404834
-0.023507231936824843	0.8865494915925839	0.46203592661850784	0.2595594669722295
-0.37741129730952755	-0.43583476120824544	0.8170732112114338	0.05442514528491505
0.0	0.0	0.0	1.0
10	21	67
0.8806153855191833	-0.19487150058184305	0.4319044371657065	0.07734984790370296
-0.017848410293758086	0.8972254572169943	0.4412116484046459	0.24951405511905916
-0.47349531376248677	-0.39624667620967474	0.7866325839238709	0.06486337562022511
0.0	0.0	0.0	1.0
11	16	68
0.9971352282611862	-0.03869831463455715	0.0649900561414228	-0.02025244592477129
0.013107176046782281	0.9346166167575345	0.35541514612156994	0.19308810972632653
-0.0744947698999648	-0.3535452412104984	0.9324464515100384	0.01585410468232508
0.0	0.0	0.0	1.0
11	17	69
0.9958039264279747	-0.05091651347191014	0.07603898716564828	-0.024523887343544867
0.01589449278011989	0.9145234063905059	0.4042206179267091	0.22541539877246358
-0.09012091459236989	-0.4013160040828257	0.9114953710433068	0.018709715432026302
0.0	0.0	0.0	1.0
11	18	70
0.9851486669034274	-0.0686342315669057	0.1573894677543129	-0.011027417794403289
-0.0046618838276485195	0.9056054790685523	0.42409550013834285	0.23983687515846405
-0.17164024211624523	-0.41853094771039245	0.8918360826235081	0.026901398327852582
0.0	0.0	0.0	1.0
11	19	71
0.9626093127178416	-0.10133791313088376	0.2512245886042818	0.015622695515409546
-0.01952464297689815	0.8990269988996897	0.4374575903235771	0.24456789279926303
-0.27018873013340694	-0.4260059627687317	0.8634333129010617	0.04015294860952553
0.0	0.0	0.0	1.0
11	20	72
0.9293871111478561	-0.14113435415471107	0.34105815680638135	0.0467214399893392
-0.02001667929620007	0.9033790031363134	0.4283756656337564	0.23883314637610653
-0.3685633333579369	-0.40495374174690374	0.8367637178391338	0.05574901881010831
0.0	0.0	0.0	1.0
11	21	73
0.8851893838619923	-0.17755426613355577	0.4300165139966895	0.07701146640381384
-0.014582582690871529	0.9132644954770327	0.40710604472940487	0.22876350031215115
-0.4650022586461522	-0.36663680110840363	0.8058228969391039	0.06573410832781618
0.0	0.0	0.0	1.0
12	16	74
0.9977534778191829	-0.025608255599944636	0.061903611533752276	-0.020609703307385006
0.005647128395637453	0.9529157838919463	0.3031821890085172	0.16306619963974817
-0.06675292704096342	-0.3021516105227119	0.9509196889235007	0.016180153293842228
0.0	0.0	0.0	1.0
12	17	75
0.9965920859064207	-0.037209079992959825	0.07361717624829671	-0.024650836375982487
0.008854733658687983	0.9355783629648774	0.35300793142760234	0.19545009858554815
-0.0820097323655297	-0.35115317302019916	0.9327195135930112	0.020610772246884998
0.0	0.0	0.0	1.0
12	18	76
0.9864847285798201	-0.050502997119460616	0.15587569475237312	-0.011492368205934083
-0.011522073343540806	0.9275785389385873	0.37345037189737235	0.2099321279009096
-0.16344735373647643	-0.37019920375418064	0.9144601443572282	0.02955458070906184
0.0	0.0	0.0	1.0
12	19	77
0.9646973535611161	-0.07818165664815864	0.25148836322297824	0.015121242954098354
-0.026258372285200875	0.921608360495164	0.38723158545918474	0.21472107722641848
-0.2620482357089197	-0.38016510393826014	0.8870203272483989	0.04338799638748648
0.0	0.0	0.0	1.0
12	20	78
0.9322783493981158	-0.11326420494182082	0.34355226212962975	0.046433062265794633
-0.02683458546625229	0.9254468433904462	0.37792581334046804	0.20895851428229076
-0.3607449213386504	-0.36155121576147775	0.8597345785505335	0.058744451998739795
0.0	0.0	0.0	1.0
12	21	79
0.8888475590002723	-0.14512778748963392	0.434612210161921	0.07685866753104724
-0.0215950249700334	0.9341924985602844	0.35611504767074476	0.19882726326949635
-0.45769376424545566	-0.3259175583408242	0.8272207126626153	0.06804662363179544
0.0	0.0	0.0	1.0
13	16	80
0.9983979456158415	-0.015087930955012928	0.0545336423351559	-0.0180538626945399
0.0029321847056973755	0.9762936411936197	0.21643075634639847	0.11964018163679624
-0.05650637117035704	-0.21592417024461666	0.9747737481974319	0.016189416912574472
0.0	0.0	0.0	1.0
13	17	81
0.997407698022329	-0.025596367667016624	0.06725086669280579	-0.021769087523924924
0.006684886138647288	0.9635130805264631	0.267578139041053	0.15210242476833447
-0.07164610810355503	-0.26643499544050797	0.9611864219612659	0.022852561945217786
0.0	0.0	0.0	1.0
13	18	82
0.9881137514956292	-0.03150433018286464	0.1504618713795526	-0.00915215595905039
-0.013462004661122462	0.9572807223174727	0.2888470256595875	0.16660336285657862
-0.15313420101769687	-0.28743928600917623	0.9454780203870841	0.032635523913425724
0.0	0.0	0.0	1.0
13	19	83
0.9673420914288947	-0.050597421598220615	0.2483729286093722	0.01731565986734651
-0.02803996061385064	0.9524995414907449	0.3032465742350945	0.1714266769655175
-0.2519186023655725	-0.30030761915057197	0.9199741650842382	0.04701151427280803
0.0	0.0	0.0	1.0
13	20	84
0.9359498017069107	-0.0774346976276322	0.3435140141228046	0.04881020587677298
-0.028721402967939978	0.9554846382269943	0.29363989800377843	0.1656246468544056
-0.35096031567485525	-0.28469844028190083	0.8920614580489359	0.06172369978292824
0.0	0.0	0.0	1.0
13	21	85
0.8935190029616258	-0.10120977884686994	0.4374704475331157	0.07927278908479352
-0.023727418200627997	0.9622632636723361	0.27108420055953236	0.15542648047605656
-0.44839813720528915	-0.2525989797639967	0.8573990146533416	0.06974812444626544
0.0	0.0	0.0	1.0
14	16	86
0.9988143002866684	-0.011565808150425645	0.04728849353635059	-0.013044660242869799
0.003931583145166269	0.9873596914975817	0.158446425523232	0.08588339031937665
-0.04852333272201492	-0.15807267628554872	0.9862344819442033	0.017256294386102444
0.0	0.0	0.0	1.0
14	17	87
0.9979340119835827	-0.021306175311738503	0.060610877594766466	-0.01649135523071495
0.008104039023861446	0.9776190647109968	0.21022664065362062	0.11848239059215825
-0.06373345673011037	-0.2093011724853905	0.9757720185135952	0.025607674011847152
0.0	0.0	0.0	1.0
14	18	88
0.9893122310062122	-0.022298733809560656	0.14409759229536712	-0.0042215857085894145
-0.011866905870813262	0.9726463390202919	0.23198757555798058	0.13296561835104964
-0.14532905149762607	-0.231218177486403	0.9619862726196469	0.03578886889325565
0.0	0.0	0.0	1.0
14	19	89
0.9693409589904387	-0.03558968196446268	0.24312829794562804	0.022193965599472336
-0.02632528803394626	0.9687186750883233	0.24676093259292284	0.13779108563272624
-0.244305096038981	-0.24559595981729657	0.9380818779833523	0.05026742505078863
0.0	0.0	0.0	1.0
14	20	90
0.9387330266949026	-0.05677767646134458	0.33993616545329935	0.05385901265312242
-0.02708601183616181	0.9711317898253269	0.2370007298903217	0.13194403708057803
-0.3435792455313123	-0.23168795258729724	0.9100955114112136	0.06414813435183671
0.0	0.0	0.0	1.0
14	21	91
0.8970751323165072	-0.07498176741953291	0.4354697610921731	0.08434389301937766
-0.022278214022948203	0.9765696945347405	0.2140450482016576	0.12167975270425252
-0.4413161314020021	-0.20171601781955306	0.874385947752932	0.07084079304161497
0.0	0.0	0.0	1.0
15	23	92
0.806014268388025	-0.03380174576742239	0.5909301050303626	0.14042355217451713
-0.03699894965908976	0.9935383781696744	0.10729694042497986	0.06795313897440404
-0.590738604380719	-0.10834668397251793	0.7995553791372468	0.04680488280865635
0.0	0.0	0.0	1.0
15	24	93
0.7413964754756119	-0.02824306321822724	0.6704725264071851	0.15168474454048383
-0.05617930769153251	0.9929945316280555	0.10395105445035864	0.0651463434508058
-0.6687115237632669	-0.11473566629013333	0.7346159734481391	0.030083699909387605
0.0	0.0	0.0	1.0
16	23	94
0.8216307058115871	0.005903476025865106	0.5699896270958735	0.13927039249081402
-0.038162767583437014	0.9982725439800554	0.044671723613725005	0.027467064371640273
-0.5687413541311497	-0.05845604803290021	0.8204365373623448	0.03652670347140773
0.0	0.0	0.0	1.0
16	24	95
0.7591369522271376	0.01637827307491282	0.6507247796518973	0.14883190615385186
-0.05742322870555067	0.9974709572305499	0.04188443136209041	0.02459846767054027
-0.6483931877066165	-0.06916275125993405	0.7581575318120217	0.020397416094332287
0.0	0.0	0.0	1.0
17	23	96
0.8298652061794473	0.04129394484102575	0.5564338098974084	0.13343943942030306
-0.04499677037172435	0.9989624023230844	-0.007026606019893275	-0.004450792565129024
-0.5561467639017112	-0.019206596757467942	0.830862123578021	0.02491061527188975
0.0	0.0	0.0	1.0
17	24	97
0.7684898528184586	0.05556450629022854	0.6374447534172331	0.14133148868611475
-0.06428961460122386	0.9978862685221852	-0.009477119271995503	-0.007312994715837383
-0.6366241478410807	-0.033698018143147386	0.7704376924346806	0.009763252432736425
0.0	0.0	0.0	1.0
17	25	98
0.6958769644809493	0.06436300190403066	0.7152710296887014	0.14499140993271312
-0.08108850711480195	0.9966484928745756	-0.010792628882999117	-0.006852367060546097
-0.7135685592855038	-0.05048992680680839	0.6987637882251726	-0.0060518903390618375
0.0	0.0	0.0	1.0
18	23	99
0.8733743151248516	0.039021471221152265	0.48548390802995967	0.12001902097108419
-0.028922212067712946	0.9991815082859759	-0.02828026199747199	-0.01749598419014596
-0.48619017000735526	0.01065798281715996	0.8737879810868425	0.018341511615732015
0.0	0.0	0.0	1.0
18	24	100
0.8191116150960136	0.0563289610138474	0.5708616875379547	0.12710259589003134
-0.04836634500166521	0.9984051641866992	-0.02911683895679702	-0.020179194168804843
-0.5715914945134618	-0.0037605552585181458	0.8205297263961322	0.004719714671588183
0.0	0.0	0.0	1.0
18	25	101
0.7532987707084525	0.06829979732453129	0.6541223736668763	0.13014606908776483
-0.06523465914775982	0.9974478269983591	-0.029022526503719517	-0.019569165146337473
-0.6544352215694106	-0.02080882068699735	0.7558317162070674	-0.00941888948251573
0.0	0.0	0.0	1.0
18	26	102
0.6679916261994938	0.09037966197874177	0.7386599836783201	0.12593917414461012
-0.08149547577791494	0.9955119739573915	-0.04810837649203619	-0.02423324471832507
-0.7396929583417655	-0.028061463391758714	0.6723591602077504	-0.025849446189018854
0.0	0.0	0.0	1.0
19	23	103
0.918392923231193	0.036816526028655115	0.39395313745348076	0.09363664794385562
-0.021360131134806875	0.9988229603250474	-0.04354884484816301	-0.020494964135655866
-0.39509288769601125	0.03158004892609661	0.9180981840594084	0.011349830236990837
0.0	0.0	0.0	1.0
19	24	104
0.8732336839271846	0.056246386099630834	0.484044642922876	0.10010250577142263
-0.04079600535297873	0.9982674116922754	-0.042402070493581565	-0.0227789928379106
-0.48559110357405494	0.017279820919986057	0.8740153134427707	0.00046023067804847967
0.0	0.0	0.0	1.0
19	25	105
0.8163150420126888	0.07044392706789807	0.5732952574213188	0.10281588615376525
-0.057577048851109376	0.9975158058473506	-0.04058627270448152	-0.021836943335324075
-0.5747302218960343	0.00012252716563861433	0.8183430162397526	-0.010769967364255556
0.0	0.0	0.0	1.0
19	26	106
0.7402365331974473	0.09500588609122823	0.6656002352354714	0.09859462218369998
-0.07570564290376913	0.9954482535809719	-0.057892649800375506	-0.02581565660952952
-0.6680708515690612	-0.007535451266709978	0.7440595513131977	-0.023931502993862486
0.0	0.0	0.0	1.0
19	27	107
0.6255211705420693	0.1190312756475002	0.7710737646218488	0.10131081894955517
-0.09670080540974485	0.9925013697533636	-0.07476625749449396	-0.029472581720578744
-0.7741914383535934	-0.027795578151488774	0.632341068117928	-0.045417204183883314
0.0	0.0	0.0	1.0
19	28	108
0.5572659060438764	0.11944043223742112	0.8216985920766623	0.10759809806347037
-0.10040186935160418	0.9920317651674276	-0.07610839744667114	-0.02949982228597367
-0.8242416749832718	-0.040087474039150445	0.5648175204760514	-0.06208237091040235
0.0	0.0	0.0	1.0
19	29	109
0.4764403932754144	0.12540851048826102	0.8702166762052503	0.11420527096992461
-0.1095104600169108	0.9905318303421707	-0.08279076245166675	-0.02930584105761893
-0.872360151151708	-0.055852976681783066	0.4856629044401807	-0.0818491979651234
0.0	0.0	0.0	1.0
19	32	110
0.5783948295004956	0.10920913683642128	0.8084137327876898	0.13359158862888
0.0017168297249476904	0.9908331733142071	-0.13508061488534337	-0.10127562090716236
-0.8157552811937061	0.07951784638182552	0.5729052128085695	-0.11849245764386404
0.0	0.0	0.0	1.0
20	23	111
0.9543787720458189	0.030111998516951267	0.29707657977839125	0.0644635195119273
-0.021588266012014995	0.9992568535293621	-0.03193194582756585	-0.014164103646284829
-0.29781736919292257	0.024061799560569298	0.9543195733024634	0.004730550778715942
0.0	0.0	0.0	1.0
20	24	112
0.9188674746069914	0.04882369601481625	0.39153385078249175	0.07051749300517149
-0.04080322835238142	0.9987524889026845	-0.02878429276286597	-0.015998864949582886
-0.39245079142113654	0.010473103682256572	0.9197134216015941	-0.0032442089685061674
0.0	0.0	0.0	1.0
20	25	113
0.871551184880268	0.06234896780510136	0.48632419718561054	0.07309352195967211
-0.05730921653380883	0.9980371938896101	-0.025247893311828296	-0.014685020707069148
-0.486943787103403	-0.00586603086753153	0.8734136749479652	-0.011400189195204852
0.0	0.0	0.0	1.0
20	26	114
0.8055374068291632	0.08627016221982697	0.586231129362626	0.0691984614043988
-0.0771400458086542	0.9961931853415987	-0.04060267361822643	-0.017924561257974942
-0.5875022583733988	-0.012514932117386472	0.8091257466013505	-0.021005349346482793
0.0	0.0	0.0	1.0
