2	4	1
0.9969562709960849	0.06895364177653292	-0.0363818339340485	0.010564716902945595
-0.04484021496089874	0.8888813579665316	0.45593785990761554	0.16318386341766175
0.06377773035712915	-0.45291879214146863	0.8892676915890367	0.026150450813308527
0.0	0.0	0.0	1.0
3	4	2
0.9997281096446983	0.019319761169076823	-0.013055633353798621	0.004859764873292552
-0.013774507244674451	0.9410950816032132	0.3378615009151548	0.13010324467719844
0.018814032530171856	-0.337589869799505	0.9411052907505459	0.020265274579867213
0.0	0.0	0.0	1.0
3	5	3
0.9992875784103816	0.03723511236961854	0.006141469343388045	0.035207149538916876
-0.034045936581058506	0.8192951854439644	0.5723603080982914	0.262087673527767
0.016280275175019086	-0.5721617632994701	0.8199792196729976	-0.023352305143788873
0.0	0.0	0.0	1.0
4	6	4
0.9941710933993427	0.036764847871098905	-0.10135153585544487	0.037808855593102625
0.022185396900389245	0.8501828876300942	0.5260198479585462	0.2299853347954609
0.10550640921343639	-0.5252023095580398	0.8444115718376319	-0.07288762932661426
0.0	0.0	0.0	1.0
4	7	5
0.9918805980854873	0.03397475423614193	0.12255014788422008	0.060094180545839614
-0.09416117435926918	0.843914128011147	0.5281501446572523	0.25789514049711626
-0.08547803814876939	-0.5354014366982484	0.8402611152053204	-0.1302622358125677
0.0	0.0	0.0	1.0
4	8	6
0.8546044838933367	-0.03494326618618159	0.5181024280745617	0.057989286445583925
-0.2299209039446533	0.8691405966431489	0.4378710162168789	0.2363728475678148
-0.4656045076179374	-0.4933292013588863	0.7347372210899279	-0.24043393068304458
0.0	0.0	0.0	1.0
5	7	7
0.9938038639283279	0.03934720890646275	0.10395083921031813	0.028944293614565155
-0.06807840317144193	0.9547674360495139	0.2894554337739385	0.13686011990143293
-0.08785963067252632	-0.2947387762859515	0.9515301892718001	-0.08074586240079734
0.0	0.0	0.0	1.0
5	8	8
0.8597163444601091	0.07978207541009638	0.5045024608988601	0.028698950451369047
-0.2042865045249447	0.958993167239928	0.19646672782987987	0.1176470682925028
-0.46813993234880885	-0.27196874216974487	0.8407604326622805	-0.18459550126210428
0.0	0.0	0.0	1.0
5	9	9
0.682367764755459	0.08896281559051418	0.7255754341742767	-0.01400152854731068
-0.2376053639650904	0.9656640549676485	0.10505594701951991	0.05485213026679881
-0.6913161969279711	-0.244087400658919	0.680075988030109	-0.30648150407451646
0.0	0.0	0.0	1.0
6	7	10
0.9749274914117395	0.11535383559250742	0.1902888884824365	0.010573304759572215
-0.11611478226197094	0.993209791561216	-0.007184091988800487	0.03333799433093721
-0.1898255397770962	-0.015091411704265586	0.9817018323072881	-0.048060433483898324
0.0	0.0	0.0	1.0
6	8	11
0.7958279351388046	0.2617837621562272	0.546010230303626	0.007490909109086619
-0.24100580838517768	0.9641564006495726	-0.11098935521102782	0.01565341998522368
-0.5554945128632249	-0.04326324442282422	0.8303940254862885	-0.1489559760396755
0.0	0.0	0.0	1.0
6	9	12
0.5945285744206236	0.3250302157595321	0.7354528783120228	-0.033885796319592265
-0.26389811630577703	0.9428681661997437	-0.203365386851594	-0.04733008300396033
-0.7595351400090217	-0.07317810433103478	0.6463369106082112	-0.27061963420512103
0.0	0.0	0.0	1.0
7	8	13
0.9099720024735916	0.16367622704282478	0.38100013890690987	0.01072389100694087
-0.1448641085069061	0.9863913278325116	-0.07775986198042573	-0.019436366095509756
-0.3885426682297626	0.015566046309305765	0.92129929485271	-0.10108867912854952
0.0	0.0	0.0	1.0
7	9	14
0.7570642785144562	0.2485060938973381	0.6042336169302486	-0.021135429894290424
-0.18721626461466	0.9685694157581544	-0.16377877159911833	-0.0855120168607316
-0.6259423123807547	0.010868730290286208	0.7797936544992172	-0.22688644421587345
0.0	0.0	0.0	1.0
7	10	15
0.6706097147718743	0.27513045542171277	0.6889018922880176	-0.05639366931848001
-0.14475467676173762	0.9593587243089007	-0.24223316591128252	-0.1418269859486881
-0.7275498747212076	0.0627221785182463	0.6831816978955896	-0.3832351047359331
0.0	0.0	0.0	1.0
7	11	16
0.6845400137451806	0.29573353847018485	0.6662931910277128	-0.10590323318370747
-0.04155670206361949	0.9283582887184817	-0.3693560401776351	-0.16249575579654021
-0.7277898132339434	0.22515009172144396	0.6477881576344697	-0.5696439344132975
0.0	0.0	0.0	1.0
8	9	17
0.959794872083237	0.08846767848262532	0.2663964611545378	-0.0027790085888052857
-0.0742295116838705	0.995244747006556	-0.06307095153251775	-0.0717477969825414
-0.2707095217048957	0.040760755174437266	0.9617977301398576	-0.12596426660626825
0.0	0.0	0.0	1.0
8	10	18
0.9177400413139245	0.12067008688629083	0.37840699576803494	-0.025637359057044798
-0.06698936214061003	0.986108843592719	-0.1519924337697064	-0.13730692472685568
-0.39149154439945394	0.11414036484659436	0.9130752345186758	-0.2845167146217119
0.0	0.0	0.0	1.0
8	11	19
0.925174539343496	0.14073283710207254	0.35248581088493397	-0.07745703483367043
-0.026589963364892097	0.9504656580860722	-0.30969000372217614	-0.17504314184616776
-0.3786092398003883	0.2771447954121457	0.8830887814364051	-0.4709267475064763
0.0	0.0	0.0	1.0
9	12	20
0.9724505535066369	0.0032397660647539555	0.2330869224342759	-0.20919724822958535
0.0979409537657075	0.9016885012964495	-0.4211476110081612	-0.2018278164850857
-0.21153620927830177	0.432373980044518	0.8765302265373419	-0.45733779527962415
0.0	0.0	0.0	1.0
10	12	21
0.9931473964620801	-0.03431566571056899	0.11171683979798012	-0.1889575574607813
0.07181408272322443	0.9333445393180301	-0.3517253296095573	-0.18382055005606207
-0.09220056916840418	0.35733799060739513	0.9294130708634958	-0.287048526657358
0.0	0.0	0.0	1.0
17	20	22
0.8759241877318482	-0.16995514056750155	0.45152195934465805	-0.00036886810353172357
-0.05853732886364066	0.8915419954154992	0.44913959607871384	0.20601884662812806
-0.47888431493236766	-0.41984319198521913	0.7709744533932321	0.20115862728807052
0.0	0.0	0.0	1.0
17	22	23
0.9096209412240034	-0.07565721137089458	0.4084920295250103	-0.16133589251966887
-0.2091400068767589	0.766199803946523	0.6076168615932809	0.3702415518244362
-0.3589571516880673	-0.6381331572435934	0.681128410379109	0.1434425108429254
0.0	0.0	0.0	1.0
18	20	24
0.9146337860078597	-0.0598659555496969	0.3998264117002053	-0.06420420255372823
-0.07141075020927315	0.9495020649273255	0.3055263957349435	0.14794741598243652
-0.39792659060510316	-0.3079966882971831	0.864171621289673	0.20381452545918385
0.0	0.0	0.0	1.0
18	21	25
0.8754633023371869	-0.03646961258006705	0.48190691158099586	-0.11918529828016329
-0.18784557485981873	0.8930654792372069	0.40883753612082097	0.2650176764497216
-0.44528453188719436	-0.4484463142480983	0.7749953690043321	0.24710243687763842
0.0	0.0	0.0	1.0
19	20	26
0.9483405636055201	0.06052214333029868	0.3114276733153137	-0.07807463422524363
-0.07534541904200574	0.9965154830622236	0.03577675316854367	0.0637358953662445
-0.308177188977354	-0.057393199647389995	0.9495961584261179	0.13768713500536497
0.0	0.0	0.0	1.0
19	21	27
0.9159426276401975	0.10561856475863599	0.38716148355488095	-0.14245744225918525
-0.18007866683758778	0.9703339184649801	0.16131885122087253	0.17270077736039743
-0.35863763960861444	-0.21747832723753707	0.9077898192972518	0.19618289512912546
0.0	0.0	0.0	1.0
20	22	28
0.9940604309733377	0.06277158618644096	-0.08890215303295593	-0.15601790069270882
-0.03905802559316742	0.968246487588977	0.24692722392942298	0.12107857126937992
0.10157913980733804	-0.24198827303540477	0.9649472950463817	-0.0007733481745914216
0.0	0.0	0.0	1.0
20	23	29
0.9228681063676495	0.01995247483590776	-0.38459897270857574	-0.23897146563276483
0.07936326186433822	0.9673686952901829	0.2406225692435532	0.07023904952048231
0.3768501297848896	-0.2525859577200512	0.8911701715725017	-0.15186683899533104
0.0	0.0	0.0	1.0
20	24	30
0.7826670058729354	0.02785491636076173	-0.6218171186168431	-0.26255663183936084
0.13176175878521526	0.9689442162744037	0.20925031843381958	0.0262957489950084
0.6083348093443844	-0.2457050339225859	0.7546904765701714	-0.3290903833414005
0.0	0.0	0.0	1.0
20	25	31
0.7470533817447833	0.00402524998520551	-0.6647519584782241	-0.33126195669110453
0.11613171616895966	0.9838141120930529	0.1364669425725468	-0.020463854213290927
0.654541673659547	-0.1791468680965235	0.7344939890644308	-0.46534506618708465
0.0	0.0	0.0	1.0
20	26	32
0.8977448488920801	-0.03429660016046296	-0.43917877465444116	-0.5777893097147548
0.06651076803996425	0.9960884873392569	0.05817048184362709	-0.037405797334767295
0.4354659262710586	-0.08143237805054156	0.8965144839150915	-0.4392857147798043
0.0	0.0	0.0	1.0
20	27	33
0.9230460976898379	-0.028712574630752663	-0.3836163895958103	-0.765880243657189
-0.011415260327401195	0.9947270941060952	-0.10191948329782198	-0.0140028598088581
0.38451996991921245	0.09845548239450339	0.9178512043634331	-0.48341230824824466
0.0	0.0	0.0	1.0
20	28	34
0.9181307123553347	-0.017039341510480192	-0.39591130607928676	-0.9193542846947607
-0.08226999102471526	0.9691116755261446	-0.2324955696493637	0.04313098273171559
0.3876438768156226	0.24603294214927932	0.8883693136971206	-0.5758892165309235
0.0	0.0	0.0	1.0
21	27	35
0.8871120174637546	-0.14406327017904585	-0.4384949787373984	-0.6553149918827939
0.030377286245188033	0.9662042804586405	-0.2559812270353148	-0.07606241424344426
0.46055320803930894	0.21376379687353084	0.8615077462731945	-0.5211031076617207
0.0	0.0	0.0	1.0
33	35	36
0.6597916659594186	-0.4897529863849143	0.56992733400523	0.07591454638232988
0.38613694288434386	0.8716124333019214	0.30197684188434337	0.17666886896706324
-0.6446498438942893	0.020828095683070612	0.7641942919592194	-0.12673357271393712
0.0	0.0	0.0	1.0
34	36	37
0.3924857901391139	-0.5898498112776576	0.7057139132095632	-0.03514279632423416
0.38487627831713894	0.802201775002888	0.45644561039241927	0.12987691429905604
-0.8353593202516448	0.092464124060874	0.5418720244554917	-0.04414364581057518
0.0	0.0	0.0	1.0
43	46	38
0.6703793085390973	-0.2124726619597253	-0.7109478841374208	0.08541166173038386
0.03682590655937367	0.9664729529375999	-0.25411388504752547	-0.10302819821972703
0.7411041485752443	0.14417141340793305	0.6557279862385531	-0.1719906172824705
0.0	0.0	0.0	1.0
44	46	39
0.7938977187811549	-0.13473029234177947	-0.5929369225762345	0.06719738493595254
0.0053193622109604	0.9766444144954439	-0.21479610291578344	-0.06567849441455925
0.608028141100445	0.167372100825509	0.7760724137497216	-0.10702968929974595
0.0	0.0	0.0	1.0
45	46	40
0.932361854614127	-0.09123694153900896	-0.34982440707918083	0.012369790403011394
0.0249964070924889	0.9815848640200057	-0.18938383994671582	-0.05135700749161648
0.3606611525605494	0.16782994803845447	0.9174729800256922	-0.03382608284322758
0.0	0.0	0.0	1.0
45	47	41
0.8663732539717431	-0.12498493361627273	-0.4835039651901785	-0.01785505009359852
-0.08693655752452727	0.9156463283005336	-0.3924714176004614	-0.12927027146202458
0.4917716951114389	0.3820609830472446	0.7824258037345475	-0.04393938495986366
0.0	0.0	0.0	1.0
45	48	42
0.8941462403856512	-0.1431032731355818	-0.42429198983308886	0.07360971314398299
-0.082697800731995	0.8784809042758749	-0.47056602395265407	-0.2142739923108028
0.44007204235777314	0.4558429809402125	0.7736561951296207	-0.07937536025624861
0.0	0.0	0.0	1.0
