2	4	1
0.9969562709960847	0.06895364177653297	-0.03638183393404857	0.01056471690293849
-0.04484021496089875	0.8888813579665314	0.45593785990761554	0.16318386341766175
0.06377773035712915	-0.45291879214146863	0.8892676915890366	0.02615045081330142
0.0	0.0	0.0	1.0
3	4	50
0.99972811	0.01931976	-0.01305563	0.00485976
-0.01377451	0.94109508	0.33786150	0.13010324
0.01881403	-0.33758987	0.94110529	0.02026527
-0.00000000	0.00000000	-0.00000000	0.99999994
3	5	2
0.9992875784103814	0.037235112369618385	0.006141469343388236	0.03520714953892398
-0.0340459365810584	0.8192951854439644	0.5723603080982913	0.26208767352776347
0.016280275175019208	-0.5721617632994702	0.8199792196729977	-0.023352305143788873
0.0	0.0	0.0	1.0
4	6	3
0.994171093399343	0.03676484787109907	-0.10135153585544499	0.037808855593088414
0.022185396900389353	0.8501828876300943	0.5260198479585461	0.22998533479546535
0.10550640921343678	-0.5252023095580395	0.8444115718376317	-0.07288762932662136
0.0	0.0	0.0	1.0
4	7	4
0.9918805980854873	0.03397475423614204	0.12255014788422008	0.06009418054584672
-0.09416117435926918	0.843914128011147	0.5281501446572523	0.2578951404971196
-0.0854780381487695	-0.5354014366982485	0.8402611152053204	-0.1302622358125535
0.0	0.0	0.0	1.0
4	8	5
0.8546044838933365	-0.034943266186180905	0.5181024280745619	0.057989286445583925
-0.22992090394465325	0.8691405966431488	0.4378710162168789	0.23637284756780946
-0.4656045076179374	-0.493329201358886	0.7347372210899279	-0.24043393068304458
0.0	0.0	0.0	1.0
5	7	6
0.9938038639283279	0.03934720890646287	0.10395083921031813	0.02894429361457226
-0.06807840317144193	0.9547674360495139	0.2894554337739385	0.13686011990143626
-0.08785963067252643	-0.2947387762859515	0.9515301892718002	-0.08074586240078313
0.0	0.0	0.0	1.0
5	8	7
0.859716344460109	0.07978207541009706	0.50450246089886	0.028698950451369047
-0.20428650452494465	0.9589931672399279	0.19646672782987984	0.11764706829250102
-0.46813993234880885	-0.2719687421697446	0.8407604326622804	-0.18459550126210428
0.0	0.0	0.0	1.0
5	9	8
0.6823677647554588	0.08896281559051428	0.7255754341742766	-0.01400152854729647
-0.2376053639650904	0.9656640549676486	0.1050559470195199	0.054852130266802364
-0.6913161969279713	-0.244087400658919	0.6800759880301093	-0.3064815040745158
0.0	0.0	0.0	1.0
6	7	9
0.9749274914117395	0.11535383559250753	0.1902888884824365	0.010573304759586425
-0.11611478226197094	0.993209791561216	-0.007184091988800487	0.03333799433094054
-0.18982553977709632	-0.01509141170426553	0.9817018323072882	-0.04806043348388411
0.0	0.0	0.0	1.0
6	8	10
0.7958279351388046	0.2617837621562278	0.5460102303036257	0.007490909109086619
-0.24100580838517768	0.9641564006495725	-0.11098935521102779	0.01565341998521835
-0.5554945128632249	-0.04326324442282399	0.8303940254862883	-0.1489559760396755
0.0	0.0	0.0	1.0
6	9	11
0.5945285744206233	0.32503021575953217	0.7354528783120227	-0.033885796319578054
-0.26389811630577703	0.9428681661997438	-0.20336538685159403	-0.047330083003956774
-0.7595351400090219	-0.07317810433103471	0.6463369106082113	-0.2706196342051204
0.0	0.0	0.0	1.0
7	8	12
0.9099720024735914	0.1636762270428254	0.3810001389069096	0.01072389100694087
-0.14486410850690606	0.9863913278325115	-0.0777598619804257	-0.019436366095515085
-0.38854266822976263	0.015566046309306001	0.9212992948527099	-0.10108867912854952
0.0	0.0	0.0	1.0
7	9	13
0.7570642785144561	0.2485060938973382	0.6042336169302485	-0.021135429894290424
-0.18721626461465998	0.9685694157581545	-0.16377877159911838	-0.0855120168607316
-0.6259423123807548	0.010868730290286273	0.7797936544992173	-0.22688644421587284
0.0	0.0	0.0	1.0
7	10	14
0.6706097147718744	0.2751304554217133	0.6889018922880172	-0.05639366931848001
-0.14475467676173753	0.9593587243089007	-0.24223316591128258	-0.1418269859486952
-0.7275498747212074	0.06272217851824623	0.6831816978955895	-0.3832351047359331
0.0	0.0	0.0	1.0
7	11	15
0.6845400137451806	0.29573353847018474	0.6662931910277125	-0.10590323318367904
-0.04155670206361951	0.9283582887184818	-0.36935604017763507	-0.16249575579654377
-0.7277898132339433	0.22515009172144393	0.6477881576344697	-0.5696439344132993
0.0	0.0	0.0	1.0
8	9	16
0.9597948720832369	0.08846767848262543	0.26639646115453786	-0.002779008588791075
-0.07422951168387049	0.9952447470065561	-0.0630709515325178	-0.0717477969825414
-0.2707095217048958	0.04076075517443733	0.9617977301398577	-0.1259642666062676
0.0	0.0	0.0	1.0
8	10	17
0.9177400413139246	0.12067008688629138	0.3784069957680347	-0.025637359057044798
-0.06698936214060996	0.9861088435927189	-0.15199243376970648	-0.13730692472685924
-0.39149154439945383	0.1141403648465943	0.9130752345186754	-0.28451671462171724
0.0	0.0	0.0	1.0
8	11	18
0.9251745393434959	0.14073283710207243	0.3524858108849337	-0.07745703483365622
-0.026589963364892076	0.9504656580860723	-0.30969000372217614	-0.1750431418461713
-0.37860923980038824	0.2771447954121457	0.883088781436405	-0.4709267475064816
0.0	0.0	0.0	1.0
9	12	19
0.9724505535066366	0.0032397660647539355	0.23308692243427573	-0.20919724822958535
0.09794095376570747	0.9016885012964495	-0.42114761100816117	-0.20182781648508036
-0.21153620927830177	0.43237398004451805	0.876530226537342	-0.45733779527962415
0.0	0.0	0.0	1.0
10	12	20
0.9931473964620797	-0.03431566571056898	0.11171683979797999	-0.1889575574607671
0.0718140827232244	0.93334453931803	-0.3517253296095572	-0.1838205500560603
-0.09220056916840418	0.35733799060739513	0.9294130708634959	-0.2870485266573545
0.0	0.0	0.0	1.0
17	20	21
0.8759241877318482	-0.16995514056750172	0.4515219593446584	-0.0003688681035317235
-0.05853732886364066	0.8915419954154993	0.44913959607871384	0.20601884662812273
-0.47888431493236777	-0.4198431919852194	0.7709744533932326	0.20115862728807052
0.0	0.0	0.0	1.0
17	22	22
0.9096209412240033	-0.07565721137089465	0.4084920295250103	-0.16133589251966887
-0.209140006876759	0.7661998039465229	0.6076168615932809	0.3702415518244362
-0.3589571516880675	-0.6381331572435935	0.6811284103791091	0.1434425108429254
0.0	0.0	0.0	1.0
18	20	23
0.9146337860078597	-0.059865955549697	0.3998264117002056	-0.06420420255372823
-0.07141075020927315	0.9495020649273256	0.30552639573494356	0.14794741598243297
-0.3979265906051032	-0.30799668829718324	0.8641716212896734	0.20381452545918385
0.0	0.0	0.0	1.0
18	21	24
0.8754633023371867	-0.03646961258006714	0.48190691158099613	-0.11918529828015618
-0.18784557485981876	0.8930654792372068	0.40883753612082097	0.2650176764497251
-0.44528453188719413	-0.44844631424809844	0.7749953690043326	0.24710243687765263
0.0	0.0	0.0	1.0
19	20	25
0.9483405636055202	0.060522143330298664	0.311427673315314	-0.07807463422524363
-0.07534541904200573	0.9965154830622237	0.03577675316854371	0.06373589536624094
-0.3081771889773541	-0.05739319964739003	0.9495961584261184	0.13768713500536497
0.0	0.0	0.0	1.0
19	21	26
0.9159426276401973	0.10561856475863596	0.3871614835548812	-0.14245744225917814
-0.1800786668375878	0.97033391846498	0.16131885122087258	0.17270077736039743
-0.3586376396086141	-0.21747832723753707	0.9077898192972523	0.19618289512913967
0.0	0.0	0.0	1.0
20	22	27
0.9940604309733376	0.06277158618644091	-0.08890215303295582	-0.15601790069270882
-0.03905802559316749	0.9682464875889769	0.24692722392942307	0.12107857126937992
0.10157913980733795	-0.24198827303540482	0.9649472950463819	-0.0007733481745914216
0.0	0.0	0.0	1.0
20	23	28
0.9228681063676492	0.019952474835907775	-0.3845989727085757	-0.2389714656327684
0.07936326186433815	0.9673686952901828	0.24062256924355313	0.07023904952047876
0.3768501297848895	-0.2525859577200512	0.8911701715725017	-0.15186683899533815
0.0	0.0	0.0	1.0
20	24	29
0.7826670058729354	0.02785491636076173	-0.6218171186168431	-0.26255663183936306
0.13176175878521515	0.9689442162744039	0.20925031843381967	0.026295748995004847
0.6083348093443841	-0.24570503392258597	0.7546904765701717	-0.3290903833414005
0.0	0.0	0.0	1.0
20	25	30
0.7470533817447834	0.004025249985205482	-0.6647519584782242	-0.3312619566911054
0.11613171616895965	0.9838141120930529	0.13646694257254677	-0.020463854213298032
0.6545416736595466	-0.17914686809652344	0.7344939890644306	-0.46534506618709887
0.0	0.0	0.0	1.0
20	26	31
0.8977448488920802	-0.03429660016046295	-0.4391787746544412	-0.5777893097147513
0.06651076803996422	0.9960884873392569	0.058170481843627074	-0.03740579733477085
0.4354659262710588	-0.08143237805054157	0.8965144839150911	-0.4392857147797901
0.0	0.0	0.0	1.0
20	27	32
0.9230460976898379	-0.028712574630752663	-0.38361638959581024	-0.7658802436571819
-0.011415260327401209	0.9947270941060952	-0.10191948329782197	-0.014002859808856323
0.38451996991921245	0.09845548239450337	0.9178512043634331	-0.48341230824825887
0.0	0.0	0.0	1.0
20	28	33
0.9181307123553348	-0.017039341510480196	-0.39591130607928676	-0.9193542846947678
-0.08226999102471524	0.9691116755261444	-0.2324955696493636	0.04313098273171337
0.38764387681562285	0.24603294214927923	0.8883693136971204	-0.5758892165309235
0.0	0.0	0.0	1.0
21	27	34
0.8871120174637546	-0.14406327017904585	-0.4384949787373984	-0.6553149918827903
0.030377286245188012	0.9662042804586405	-0.25598122703531473	-0.07606241424344426
0.4605532080393089	0.21376379687353084	0.8615077462731945	-0.5211031076617207
0.0	0.0	0.0	1.0
33	35	35
0.6597916659594187	-0.4897529863849143	0.56992733400523	0.07591454638232277
0.3861369428843438	0.8716124333019212	0.3019768418843433	0.17666886896707745
-0.6446498438942894	0.020828095683070834	0.7641942919592195	-0.12673357271395133
0.0	0.0	0.0	1.0
34	36	50
0.39248579	-0.58984981	0.70571391	-0.03514280
0.38487628	0.80220178	0.45644561	0.12987691
-0.83535932	0.09246412	0.54187202	-0.04414365
-0.00000000	0.00000000	-0.00000000	1.00000006
43	46	36
0.6703793085390973	-0.21247266195972522	-0.7109478841374205	0.08541166173037676
0.03682590655937364	0.9664729529375997	-0.25411388504752536	-0.1030281982197288
0.7411041485752443	0.1441714134079331	0.6557279862385533	-0.1719906172824634
0.0	0.0	0.0	1.0
44	46	37
0.7938977187811549	-0.13473029234177936	-0.5929369225762343	0.06719738493594543
0.005319362210960367	0.9766444144954437	-0.21479610291578335	-0.06567849441456103
0.608028141100445	0.16737210082550907	0.7760724137497218	-0.10702968929974595
0.0	0.0	0.0	1.0
45	46	38
0.9323618546141269	-0.09123694153900888	-0.3498244070791806	0.012369790403004288
0.024996407092488855	0.9815848640200054	-0.18938383994671573	-0.051357007491618256
0.3606611525605493	0.16782994803845452	0.9174729800256924	-0.03382608284322047
0.0	0.0	0.0	1.0
45	47	39
0.866373253971743	-0.12498493361627265	-0.48350396519017824	-0.017855050093605624
-0.08693655752452731	0.9156463283005336	-0.39247141760046145	-0.12927027146202769
0.491771695111439	0.38206098304724473	0.7824258037345478	-0.04393938495986366
0.0	0.0	0.0	1.0
45	48	40
0.8941462403856514	-0.14310327313558188	-0.42429198983308913	0.0736097131439972
-0.08269780073199498	0.8784809042758749	-0.470566023952654	-0.21427399231079994
0.4400720423577734	0.4558429809402124	0.7736561951296206	-0.07937536025624861
0.0	0.0	0.0	1.0
