0	1	84618
0.99142236	 -0.11000814	 0.07056896	 0.21614625
0.11244248	 0.99315900	 -0.03149268	 -0.29234874
-0.06662175	 0.03915749	 0.99700963	 0.35911998
0.00000000	 0.00000000	 0.00000000	 1.00000000
1	2	102775
0.99375308	 -0.08882041	 0.06757069	 0.17994505
0.10599386	 0.94066948	 -0.32234508	 -0.34721637
-0.03493085	 0.32749349	 0.94420749	 -0.40816683
0.00000000	 0.00000000	 0.00000000	 1.00000000
2	3	125416
0.98438638	 0.09153450	 -0.15034896	 -0.16684140
-0.09137938	 0.99578446	 0.00795489	 -0.03362430
0.15044332	 0.00590811	 0.98860103	 -0.37153155
0.00000000	 0.00000000	 0.00000000	 1.00000000
3	4	186129
0.95335126	 0.29526460	 -0.06277062	 -0.68211740
-0.29779264	 0.95397097	 -0.03547977	 0.17131612
0.04940544	 0.05251732	 0.99739707	 -0.24799968
0.00000000	 0.00000000	 0.00000000	 1.00000000
4	5	202304
0.88178748	 -0.44055989	 0.16839810	 0.60622817
0.45351624	 0.89004785	 -0.04623249	 -0.35754108
-0.12951420	 0.11713851	 0.98463422	 0.29767796
0.00000000	 0.00000000	 0.00000000	 1.00000000
5	6	197775
0.99570996	 0.04593880	 -0.08032040	 0.07128511
-0.05676995	 0.98877043	 -0.13824002	 -0.09132276
0.07306786	 0.14220677	 0.98713648	 -0.19330594
0.00000000	 0.00000000	 0.00000000	 1.00000000
6	7	147104
0.85734701	 -0.09462258	 0.50596678	 0.05338221
0.09104090	 0.99533689	 0.03187504	 0.22368287
-0.50662357	 0.01873570	 0.86196375	 0.89735156
0.00000000	 0.00000000	 0.00000000	 1.00000000
7	8	103932
0.99010450	 -0.06776135	 0.12288825	 -0.41813120
0.07357725	 0.99634397	 -0.04341782	 -0.27703115
-0.11949690	 0.05202996	 0.99147028	 0.53259599
0.00000000	 0.00000000	 0.00000000	 1.00000000
8	9	84359
0.72456354	 -0.28823885	 0.62603986	 0.36149350
0.33293021	 0.94171590	 0.04825569	 -0.82542080
-0.60346091	 0.17346331	 0.77829635	 1.37871087
0.00000000	 0.00000000	 0.00000000	 1.00000000
9	10	102579
0.96374309	 -0.26338845	 0.04272882	 0.43917352
0.26678586	 0.95411420	 -0.13598332	 -0.68801218
-0.00495174	 0.14245242	 0.98978937	 -0.66354090
0.00000000	 0.00000000	 0.00000000	 1.00000000
10	11	68449
0.43953574	 0.64556301	 -0.62454504	 0.09217595
-0.39880210	 0.76327580	 0.50829786	 1.57598996
0.80483866	 0.02565476	 0.59293896	 -1.05075800
0.00000000	 0.00000000	 0.00000000	 1.00000000
11	12	64110
0.69763899	 0.12005655	 -0.70631880	 0.84705579
-0.27866191	 0.95370263	 -0.11313185	 0.59716809
0.66003603	 0.27574939	 0.69879538	 -2.00824642
0.00000000	 0.00000000	 0.00000000	 1.00000000
12	13	76753
0.98871523	 -0.05831014	 0.13799329	 0.43055132
0.05409225	 0.99795270	 0.03412419	 -0.29040667
-0.13970056	 -0.02627474	 0.98984510	 0.27225971
0.00000000	 0.00000000	 0.00000000	 1.00000000
13	14	90178
0.89399844	 0.03539546	 -0.44666967	 -0.08353253
-0.16134337	 0.95543391	 -0.24721330	 0.24689285
0.41801316	 0.29307553	 0.85986727	 -1.43553662
0.00000000	 0.00000000	 0.00000000	 1.00000000
14	15	118977
0.99322671	 0.00571289	 -0.11605212	 -0.23551141
0.04252461	 0.91162324	 0.40882134	 0.45031008
0.10813135	 -0.41098735	 0.90520555	 0.39236924
0.00000000	 0.00000000	 0.00000000	 1.00000000
15	16	114045
0.93875742	 0.11322390	 -0.32544577	 -0.12772346
-0.11790992	 0.99300981	 0.00535767	 0.29483947
0.32377747	 0.03334372	 0.94554549	 -0.14870901
0.00000000	 0.00000000	 0.00000000	 1.00000000
16	17	97910
0.85626984	 -0.22260618	 0.46609905	 0.00438000
0.22268750	 0.97329509	 0.05574119	 -0.32797799
-0.46606028	 0.05606492	 0.88297492	 0.81881696
0.00000000	 0.00000000	 0.00000000	 1.00000000
17	18	103079
0.91665685	 -0.05209301	 0.39626566	 -0.00678844
0.06297924	 0.99790955	 -0.01450100	 -0.23432592
-0.39468190	 0.03824895	 0.91802132	 0.94557327
0.00000000	 0.00000000	 0.00000000	 1.00000000
18	19	66384
0.98827779	 -0.12401549	 0.08903446	 -0.40564299
0.10280004	 0.97174639	 0.21246406	 -0.20112340
-0.11286777	 -0.20082076	 0.97310424	 0.71304619
0.00000000	 0.00000000	 0.00000000	 1.00000000
19	20	55091
0.99351400	 0.07913914	 -0.08165119	 -0.49135303
-0.07138960	 0.99302620	 0.09382192	 0.30913928
0.08850676	 -0.08738434	 0.99223512	 -0.00529111
0.00000000	 0.00000000	 0.00000000	 1.00000000
20	21	61153
0.74033254	 -0.52882421	 0.41503337	 1.42839646
0.53122425	 0.83856326	 0.12088192	 -0.97676218
-0.41195700	 0.13098295	 0.90173990	 0.89432728
0.00000000	 0.00000000	 0.00000000	 1.00000000
21	22	66959
0.52269304	 0.50674862	 -0.68556386	 0.48842704
-0.58051980	 0.80048096	 0.14908749	 1.38128674
0.62433070	 0.32005641	 0.71258336	 -2.29667377
0.00000000	 0.00000000	 0.00000000	 1.00000000
22	23	85390
0.71566337	 0.38610128	 -0.58202374	 0.02045763
-0.38268644	 0.91386122	 0.13567869	 0.87301153
0.58427477	 0.12563239	 0.80177271	 -1.22535372
0.00000000	 0.00000000	 0.00000000	 1.00000000
23	24	95484
0.78439313	 0.24720666	 -0.56887269	 0.15814058
-0.31583154	 0.94852918	 -0.02329758	 0.72529137
0.53383309	 0.19794241	 0.82209557	 -1.32217753
0.00000000	 0.00000000	 0.00000000	 1.00000000
24	25	115400
0.99781150	 -0.05459776	 0.03729821	 0.36858785
0.04943690	 0.99060392	 0.12751384	 -0.07386775
-0.04390973	 -0.12539089	 0.99113524	 0.92958224
0.00000000	 0.00000000	 0.00000000	 1.00000000
25	26	118096
0.93936741	 0.21313934	 -0.26862693	 -0.32942113
-0.25266236	 0.95983618	 -0.12196801	 0.62643063
0.23184165	 0.18244468	 0.95549119	 -1.51811135
0.00000000	 0.00000000	 0.00000000	 1.00000000
26	27	140947
0.94913805	 -0.07560966	 -0.30564716	 0.40128154
0.06498785	 0.99688017	 -0.04479456	 -0.05201124
0.30808052	 0.02265286	 0.95109057	 -0.25917241
0.00000000	 0.00000000	 0.00000000	 1.00000000
27	28	119740
0.96588838	 -0.06927586	 0.24952042	 -0.12958294
0.07098503	 0.99747509	 0.00215347	 -0.26447949
-0.24903958	 0.01563221	 0.96836716	 0.20826598
0.00000000	 0.00000000	 0.00000000	 1.00000000
28	29	102524
0.96198684	 -0.08912107	 0.25814489	 -0.32867885
0.07098799	 0.99436361	 0.07875119	 -0.13753620
-0.26370823	 -0.05743243	 0.96289122	 0.71915329
0.00000000	 0.00000000	 0.00000000	 1.00000000
29	30	95900
0.90253329	 -0.17897663	 0.39166433	 0.03525335
0.17113784	 0.98370224	 0.05515460	 -0.42593175
-0.39515242	 0.01724972	 0.91845363	 1.01822817
0.00000000	 0.00000000	 0.00000000	 1.00000000
30	31	97639
0.98459852	 -0.07521173	 0.15782584	 -0.05009447
0.07934183	 0.99664634	 -0.02002423	 -0.26253927
-0.15579049	 0.03223803	 0.98726386	 0.52543235
0.00000000	 0.00000000	 0.00000000	 1.00000000
31	32	104444
0.91603607	 0.11997288	 -0.38273269	 0.15492572
-0.11923986	 0.99253184	 0.02573311	 0.40865862
0.38296166	 0.02206453	 0.92350072	 -1.41768491
0.00000000	 0.00000000	 0.00000000	 1.00000000
32	33	104189
0.88206518	 0.18638706	 -0.43269044	 -0.11789990
-0.18261451	 0.98187721	 0.05068597	 0.35927296
0.43429607	 0.03430722	 0.90011662	 -0.86589569
0.00000000	 0.00000000	 0.00000000	 1.00000000
33	34	146172
0.83042252	 0.26067206	 -0.49239072	 0.25209615
-0.23699939	 0.96512097	 0.11123370	 0.49064925
0.50421208	 0.02432534	 0.86323720	 -0.78857780
0.00000000	 0.00000000	 0.00000000	 1.00000000
34	35	123249
0.97770941	 -0.07150624	 0.19741058	 0.09913419
0.09000943	 0.99218649	 -0.08639640	 -0.22171047
-0.18969022	 0.10223939	 0.97650641	 -0.03592329
0.00000000	 0.00000000	 0.00000000	 1.00000000
35	36	108201
0.85856259	 -0.19667293	 0.47348723	 0.12666087
0.19965784	 0.97885227	 0.04455231	 -0.23416294
-0.47223634	 0.05628451	 0.87967330	 0.84506887
0.00000000	 0.00000000	 0.00000000	 1.00000000
36	37	124851
0.85490716	 -0.20354430	 0.47718292	 0.02446249
0.22369212	 0.97454542	 0.01493590	 -0.33648738
-0.46807653	 0.09397326	 0.87867707	 1.04101455
0.00000000	 0.00000000	 0.00000000	 1.00000000
37	38	63519
0.99901879	 0.03687980	 -0.02452272	 -0.59941137
-0.03982210	 0.99032336	 -0.13294239	 -0.12668942
0.01938253	 0.13378847	 0.99082035	 0.22170500
0.00000000	 0.00000000	 0.00000000	 1.00000000
38	39	64639
0.99968255	 0.02385853	 -0.00809564	 0.04052800
-0.02508202	 0.97278339	 -0.23035514	 -0.19833523
0.00237937	 0.23048510	 0.97307301	 -0.48304060
0.00000000	 0.00000000	 0.00000000	 1.00000000
39	40	40436
0.89972091	 -0.00884859	 -0.43637553	 0.04724118
0.02281738	 0.99938095	 0.02678006	 -0.06731651
0.43586838	 -0.03405152	 0.89936596	 -0.93796408
0.00000000	 0.00000000	 0.00000000	 1.00000000
40	41	57233
0.99667341	 -0.00974549	 -0.08091483	 -0.06687433
0.02194920	 0.98823863	 0.15133564	 0.13975570
0.07848833	 -0.15260823	 0.98516506	 -0.07247524
0.00000000	 0.00000000	 0.00000000	 1.00000000
41	42	72265
0.98462272	 -0.07905669	 0.15578239	 0.30334902
0.03975855	 0.96975094	 0.24083677	 0.26244727
-0.17010988	 -0.23093967	 0.95798200	 0.86803943
0.00000000	 0.00000000	 0.00000000	 1.00000000
42	43	75674
0.96491957	 0.13535185	 -0.22496670	 -0.37019613
-0.13327736	 0.99077702	 0.02445499	 0.39717817
0.22620189	 0.00638588	 0.97405946	 -0.42597467
0.00000000	 0.00000000	 0.00000000	 1.00000000
43	44	84459
0.87514275	 -0.20735571	 0.43718269	 0.39445111
0.22929281	 0.97335374	 0.00266833	 -0.46426898
-0.42608678	 0.09790768	 0.89936876	 0.67256474
0.00000000	 0.00000000	 0.00000000	 1.00000000
44	45	77795
0.96277171	 0.05125935	 -0.26541120	 0.11531222
-0.09811576	 0.98116159	 -0.16641863	 -0.08897965
0.25188076	 0.18626419	 0.94966400	 -1.30259764
0.00000000	 0.00000000	 0.00000000	 1.00000000
45	46	45273
0.97957277	 0.08606353	 -0.18174174	 -0.17141514
-0.12568255	 0.96754187	 -0.21924040	 -0.01506963
0.15697418	 0.23760372	 0.95859456	 -0.51690507
0.00000000	 0.00000000	 0.00000000	 1.00000000
46	47	61019
0.98785621	 0.03304569	 0.15181631	 -0.07121905
0.01267603	 0.95672113	 -0.29073024	 -0.41204232
-0.15485325	 0.28912410	 0.94468397	 -0.13820569
0.00000000	 0.00000000	 0.00000000	 1.00000000
47	48	64086
0.94661826	 0.08459552	 0.31105825	 0.42399803
-0.12585628	 0.98535693	 0.11503017	 0.36159354
-0.29677248	 -0.14803831	 0.94340378	 0.93918371
0.00000000	 0.00000000	 0.00000000	 1.00000000
48	49	96957
0.99410313	 -0.05557818	 -0.09311268	 0.34114930
0.08955652	 0.90495497	 0.41597641	 0.32462403
0.06114358	 -0.42186227	 0.90459585	 0.54220408
0.00000000	 0.00000000	 0.00000000	 1.00000000
49	50	87501
0.99161583	 0.05887118	 0.11503066	 0.46905500
-0.02685299	 0.96463853	 -0.26220456	 -0.12725584
-0.12639931	 0.25691730	 0.95813191	 -0.11804695
0.00000000	 0.00000000	 0.00000000	 1.00000000
50	51	80444
0.99697113	 -0.07148555	 -0.03063233	 0.59226149
0.07373679	 0.99405837	 0.08006717	 -0.07405514
0.02472667	 -0.08208340	 0.99631864	 0.26473457
0.00000000	 0.00000000	 0.00000000	 1.00000000
51	52	97144
0.94399965	 0.01346662	 0.32967150	 -0.06076767
-0.03170595	 0.99824530	 0.05001169	 0.12073751
-0.32841951	 -0.05766357	 0.94277018	 0.99164456
0.00000000	 0.00000000	 0.00000000	 1.00000000
52	53	124859
0.98635435	 -0.04021220	 -0.15965015	 -0.08941051
-0.03946261	 0.88369751	 -0.46639186	 -0.05293227
0.15983710	 0.46632782	 0.87005204	 -1.44370472
0.00000000	 0.00000000	 0.00000000	 1.00000000
53	54	118799
0.82310736	 0.05289028	 0.56541753	 0.18138573
-0.13349357	 0.98577404	 0.10212219	 0.48686558
-0.55197263	 -0.15953712	 0.81845844	 1.51766598
0.00000000	 0.00000000	 0.00000000	 1.00000000
54	55	86070
0.97251064	 0.10772134	 -0.20644426	 -0.12664402
-0.03793767	 0.94801593	 0.31595328	 0.62425959
0.22974738	 -0.29943594	 0.92604232	 0.34559810
0.00000000	 0.00000000	 0.00000000	 1.00000000
55	56	95435
0.99350071	 0.05997156	 -0.09674584	 0.19612578
-0.04768743	 0.99105638	 0.12463280	 0.32319850
0.10335501	 -0.11920920	 0.98747498	 -0.07087156
0.00000000	 0.00000000	 0.00000000	 1.00000000
56	57	55099
0.96236205	 -0.07519057	 -0.26116192	 0.33686396
0.01952484	 0.97761077	 -0.20951429	 -0.12203093
0.27106819	 0.19652948	 0.94228351	 -0.70621520
0.00000000	 0.00000000	 0.00000000	 1.00000000
57	58	34130
0.95642477	 -0.04395967	 -0.28865078	 0.14192638
-0.05757315	 0.94079816	 -0.33404225	 -0.31571406
0.28624648	 0.33610481	 0.89727169	 -0.99224055
0.00000000	 0.00000000	 0.00000000	 1.00000000
58	59	57764
0.95816571	 -0.14312495	 -0.24785812	 0.21501444
0.08345437	 0.96806729	 -0.23639117	 -0.27920797
0.27377683	 0.20581709	 0.93951344	 -1.01291990
0.00000000	 0.00000000	 0.00000000	 1.00000000
59	60	16154
0.99670690	 -0.02825155	 0.07600853	 0.01025626
-0.02456855	 0.78807485	 0.61508864	 1.02626073
-0.07727764	 -0.61493069	 0.78478581	 1.32922781
0.00000000	 0.00000000	 0.00000000	 1.00000000
60	61	32929
0.91529948	 -0.12359291	 0.38334244	 0.35004044
0.08442940	 0.98948592	 0.11742829	 0.17311998
-0.39382529	 -0.07511669	 0.91611087	 0.86694437
0.00000000	 0.00000000	 0.00000000	 1.00000000
61	62	46133
0.29918844	 -0.29783574	 0.90652084	 2.24675775
0.26367593	 0.93885142	 0.22143419	 -0.15499133
-0.91703945	 0.17277716	 0.35942554	 1.14922357
0.00000000	 0.00000000	 0.00000000	 1.00000000
62	63	63765
0.73482758	 -0.23666410	 0.63562447	 1.37242043
0.23565440	 0.96785092	 0.08792960	 -0.43404675
-0.63599950	 0.08517459	 0.76697445	 1.62239861
0.00000000	 0.00000000	 0.00000000	 1.00000000
63	64	75458
0.34699991	 -0.27628189	 0.89624727	 1.84791219
0.37246141	 0.91762948	 0.13866746	 -0.74804777
-0.86073428	 0.28569990	 0.42132169	 1.63762057
0.00000000	 0.00000000	 0.00000000	 1.00000000
64	65	60014
0.82663763	 -0.18693651	 0.53077787	 0.90893292
0.13163646	 0.98127818	 0.14058803	 0.27181304
-0.54712182	 -0.04634562	 0.83576906	 0.99269485
0.00000000	 0.00000000	 0.00000000	 1.00000000
65	66	40137
0.99836606	 0.01976047	 -0.05361697	 0.22273920
-0.01957576	 0.99980050	 0.00396804	 -0.03918624
0.05368469	 -0.00291196	 0.99855357	 0.08253928
0.00000000	 0.00000000	 0.00000000	 1.00000000
66	67	55055
0.91642088	 0.27018565	 -0.29524940	 -0.21069913
-0.23930004	 0.96124762	 0.13688688	 0.46621707
0.32079273	 -0.05479291	 0.94556320	 -0.58447814
0.00000000	 0.00000000	 0.00000000	 1.00000000
67	68	79420
0.95895660	 0.23186487	 -0.16321912	 -0.02746160
-0.22992964	 0.97271597	 0.03091580	 0.47820571
0.16593418	 0.00788200	 0.98610526	 -0.30804789
0.00000000	 0.00000000	 0.00000000	 1.00000000
68	69	124378
0.99381989	 0.10456220	 0.03726284	 -0.23747359
-0.09472600	 0.97387689	 -0.20637578	 -0.05773194
-0.05786851	 0.20157062	 0.97776288	 -0.37793976
0.00000000	 0.00000000	 0.00000000	 1.00000000
69	70	138877
0.57163620	 -0.71978331	 0.39388266	 1.87296700
0.52331865	 0.68956697	 0.50063431	 -0.48799509
-0.63195693	 -0.08005463	 0.77085769	 1.33417583
0.00000000	 0.00000000	 0.00000000	 1.00000000
70	71	115083
0.99985749	 -0.01086636	 0.01291951	 -0.49343020
0.01234713	 0.99261314	 -0.12069208	 0.08162701
-0.01151260	 0.12083440	 0.99260587	 0.05989159
0.00000000	 0.00000000	 0.00000000	 1.00000000
71	72	116789
0.80889434	 -0.42014048	 0.41130459	 0.95183307
0.43599173	 0.89796126	 0.05980611	 -0.59116089
-0.39446259	 0.13094860	 0.90953374	 0.45987201
0.00000000	 0.00000000	 0.00000000	 1.00000000
72	73	124010
0.96456122	 -0.03902115	 -0.26095751	 0.19012073
0.03656545	 0.99922943	 -0.01426080	 -0.35938781
0.26131293	 0.00421339	 0.96524477	 -0.44471139
0.00000000	 0.00000000	 0.00000000	 1.00000000
73	74	71990
0.92720044	 -0.03874221	 0.37255627	 0.05114077
-0.01157184	 0.99119872	 0.13187435	 0.21049927
-0.37438646	 -0.12658514	 0.91859192	 1.27733159
0.00000000	 0.00000000	 0.00000000	 1.00000000
74	75	92543
0.74520439	 -0.34953564	 0.56788671	 0.95049787
0.51804316	 0.83968592	 -0.16296920	 -0.89295197
-0.41988277	 0.41563511	 0.80681211	 0.08873997
0.00000000	 0.00000000	 0.00000000	 1.00000000
75	76	145900
0.99624830	 0.06243491	 -0.05992866	 -0.15156813
-0.06825494	 0.99258626	 -0.10056689	 0.27026266
0.05320548	 0.10428001	 0.99312377	 -0.96615928
0.00000000	 0.00000000	 0.00000000	 1.00000000
76	77	143181
0.93218625	 -0.11024275	 0.34478307	 -0.03370409
0.12353247	 0.99219942	 -0.01674239	 -0.21354866
-0.34024775	 0.05819893	 0.93853301	 0.51078844
0.00000000	 0.00000000	 0.00000000	 1.00000000
77	78	171659
0.90861487	 -0.19073421	 0.37153676	 0.00707422
0.20839198	 0.97801626	 -0.00755481	 -0.41606387
-0.36192805	 0.08428968	 0.92838746	 0.76424491
0.00000000	 0.00000000	 0.00000000	 1.00000000
78	79	134900
0.70750135	 -0.29134810	 0.64386201	 0.57524168
0.29657385	 0.94936299	 0.10370027	 -0.55811757
-0.64147168	 0.11758460	 0.75808173	 1.35866022
0.00000000	 0.00000000	 0.00000000	 1.00000000
79	80	185073
0.95811361	 -0.07801877	 0.27555653	 -0.02805884
0.08641128	 0.99608904	 -0.01842880	 -0.01908959
-0.27304110	 0.04146808	 0.96110815	 0.18786514
0.00000000	 0.00000000	 0.00000000	 1.00000000
80	81	144569
0.89269990	 -0.25139695	 0.37401420	 -0.07447667
0.26523045	 0.96406889	 0.01495360	 -0.61748749
-0.36433479	 0.08585089	 0.92730230	 0.86517990
0.00000000	 0.00000000	 0.00000000	 1.00000000
81	82	123185
0.82551283	 -0.25824261	 0.50183594	 0.20364873
0.25184423	 0.96429265	 0.08194055	 -0.39383546
-0.50507718	 0.05874159	 0.86107284	 0.97642142
0.00000000	 0.00000000	 0.00000000	 1.00000000
82	83	125655
0.85498339	 -0.34520662	 0.38708615	 0.63077837
0.34555238	 0.93569338	 0.07121382	 -0.43786338
-0.38677734	 0.07287190	 0.91928935	 1.21590400
0.00000000	 0.00000000	 0.00000000	 1.00000000
83	84	52738
0.79450506	 0.26841313	 -0.54471672	 0.35343015
-0.39276484	 0.91126215	 -0.12384220	 0.87970221
0.46313888	 0.31233895	 0.82942551	 -1.45167613
0.00000000	 0.00000000	 0.00000000	 1.00000000
84	85	79358
0.73654300	 0.10517705	 -0.66816336	 0.92291665
-0.25730735	 0.95713657	 -0.13297522	 0.80564058
0.62553763	 0.26986530	 0.73203516	 -1.85509396
0.00000000	 0.00000000	 0.00000000	 1.00000000
85	86	78838
0.88262880	 0.05404474	 -0.46695367	 0.86515188
-0.09333817	 0.99373889	 -0.06141208	 0.25543717
0.46071082	 0.09778867	 0.88214660	 -1.08357513
0.00000000	 0.00000000	 0.00000000	 1.00000000
86	87	110772
0.88104731	 -0.06040747	 -0.46915525	 0.97433418
0.04111212	 0.99783814	 -0.05127333	 0.04589000
0.47123820	 0.02588626	 0.88162607	 -0.91893530
0.00000000	 0.00000000	 0.00000000	 1.00000000
87	88	79846
0.90105832	 0.03116513	 -0.43257666	 0.55897403
-0.08039409	 0.99213111	 -0.09598269	 0.19947167
0.42618144	 0.12126262	 0.89647353	 -1.04575038
0.00000000	 0.00000000	 0.00000000	 1.00000000
88	89	70200
0.95198745	 0.00568211	 -0.30608425	 0.65668082
-0.00512759	 0.99998343	 0.00261569	 0.11205743
0.30609408	 -0.00092063	 0.95200080	 -0.53735429
0.00000000	 0.00000000	 0.00000000	 1.00000000
89	90	57617
0.86661726	 -0.08507740	 -0.49166664	 0.76926273
-0.00769633	 0.98296046	 -0.18365595	 0.03025404
0.49891385	 0.16294348	 0.85119587	 -1.29250920
0.00000000	 0.00000000	 0.00000000	 1.00000000
90	91	71853
0.90816993	 -0.02978150	 -0.41754133	 0.41374570
-0.00839441	 0.99596977	 -0.08929659	 0.06069188
0.41851792	 0.08460147	 0.90425944	 -0.94982225
0.00000000	 0.00000000	 0.00000000	 1.00000000
91	92	76254
0.96259934	 -0.15863900	 0.21962713	 0.51124197
0.07467817	 0.93460202	 0.34776750	 -0.07902260
-0.26043347	 -0.31835943	 0.91149414	 1.17614412
0.00000000	 0.00000000	 0.00000000	 1.00000000
92	93	114074
0.93246984	 -0.33396140	 0.13773063	 0.31325620
0.20484574	 0.80285883	 0.55987114	 -0.41794527
-0.29755372	 -0.49384955	 0.81705236	 1.63127732
0.00000000	 0.00000000	 0.00000000	 1.00000000
93	94	116416
0.69511116	 -0.48003075	 0.53515518	 0.72309548
0.53829467	 0.84095103	 0.05513856	 -1.44061863
-0.47650748	 0.24974377	 0.84295225	 0.99801034
0.00000000	 0.00000000	 0.00000000	 1.00000000
94	95	145732
0.75584555	 -0.43719730	 0.48739719	 0.75050193
0.48595729	 0.87347114	 0.02989460	 -0.99381053
-0.43879718	 0.21425854	 0.87266850	 0.65003115
0.00000000	 0.00000000	 0.00000000	 1.00000000
95	96	123293
0.86495513	 -0.23548622	 0.44316900	 0.40423170
0.30410969	 0.94841522	 -0.08958770	 -0.86627662
-0.39921147	 0.21226130	 0.89195031	 0.81444520
0.00000000	 0.00000000	 0.00000000	 1.00000000
96	97	123991
0.80429727	 -0.36823374	 0.46637940	 0.75443023
0.36956742	 0.92457187	 0.09266371	 -0.92486489
-0.46532321	 0.09782947	 0.87971801	 1.31438088
0.00000000	 0.00000000	 0.00000000	 1.00000000
97	98	102369
0.89250779	 -0.28151497	 0.35239086	 0.60470504
0.28618330	 0.95734078	 0.03996976	 -0.84894365
-0.34861022	 0.06517506	 0.93499905	 1.08155656
0.00000000	 0.00000000	 0.00000000	 1.00000000
98	99	115381
0.78875303	 -0.39582598	 0.47030881	 0.94431823
0.40901574	 0.90908784	 0.07915686	 -0.88220763
-0.45888439	 0.12992850	 0.87894475	 0.96060395
0.00000000	 0.00000000	 0.00000000	 1.00000000
99	100	86607
0.70867765	 -0.11678664	 0.69579947	 0.53986639
0.39872801	 0.87990636	 -0.25841972	 -0.45514011
-0.58205837	 0.46057099	 0.67013603	 0.42461896
0.00000000	 0.00000000	 0.00000000	 1.00000000
100	101	101039
0.97444481	 -0.07952873	 0.21007726	 0.35117465
0.06007208	 0.99342722	 0.09743600	 0.15149513
-0.21644542	 -0.08232623	 0.97281736	 0.26018947
0.00000000	 0.00000000	 0.00000000	 1.00000000
101	102	80170
0.99816716	 0.02447202	 -0.05534992	 -0.18977176
-0.02351835	 0.99956465	 0.01781600	 0.25140578
0.05576179	 -0.01648162	 0.99830794	 -0.00801601
0.00000000	 0.00000000	 0.00000000	 1.00000000
102	103	75871
0.99701256	 -0.07003579	 -0.03256908	 0.17713137
0.05608658	 0.94638222	 -0.31814298	 0.10446054
0.05310420	 0.31536588	 0.94748294	 -0.72476852
0.00000000	 0.00000000	 0.00000000	 1.00000000
103	104	65574
0.96464539	 -0.02783065	 0.26207802	 0.20253401
-0.01341641	 0.98793405	 0.15429345	 -0.37785158
-0.26320991	 -0.15235451	 0.95263249	 0.87519711
0.00000000	 0.00000000	 0.00000000	 1.00000000
104	105	97517
0.81682634	 0.30792499	 -0.48782858	 0.12826435
-0.21839668	 0.94774741	 0.23254661	 0.37022567
0.53394508	 -0.08341006	 0.84139490	 -0.16407281
0.00000000	 0.00000000	 0.00000000	 1.00000000
105	106	81541
0.21192791	 0.49756169	 -0.84114128	 0.85121912
-0.52860177	 0.78228408	 0.32956290	 1.14912820
0.82198936	 0.37478536	 0.42879978	 -1.89743972
0.00000000	 0.00000000	 0.00000000	 1.00000000
106	107	71566
-0.03519614	 0.35519496	 -0.93412948	 1.90669680
-0.56401342	 0.76456726	 0.31197125	 1.64210939
0.82501531	 0.53784168	 0.17342487	 -2.67367554
0.00000000	 0.00000000	 0.00000000	 1.00000000
107	108	78969
0.43857902	 0.25298658	 -0.86234921	 0.57604575
-0.38232827	 0.92091864	 0.07572210	 1.06142974
0.81331015	 0.29649037	 0.50061953	 -2.20422101
0.00000000	 0.00000000	 0.00000000	 1.00000000
108	109	116513
0.87521309	 0.08522765	 -0.47617021	 0.02634692
-0.09948181	 0.99502808	 -0.00475436	 -0.18211609
0.47339746	 0.05153136	 0.87934035	 -0.47673777
0.00000000	 0.00000000	 0.00000000	 1.00000000
109	110	78833
0.85028988	 0.13544175	 -0.50858885	 -0.03699593
-0.12966870	 0.99044406	 0.04697606	 0.02238589
0.51009136	 0.02600479	 0.85972703	 -0.51912707
0.00000000	 0.00000000	 0.00000000	 1.00000000
110	111	50696
0.98560244	 -0.02725760	 0.16686760	 0.21183278
0.03764143	 0.99752522	 -0.05938452	 -0.32969508
-0.16483594	 0.06481067	 0.98418921	 0.80257910
0.00000000	 0.00000000	 0.00000000	 1.00000000
111	112	38978
0.83393997	 0.33379108	 -0.43946302	 -0.25912479
-0.28068805	 0.94219309	 0.18299307	 0.58102006
0.47514045	 -0.02925315	 0.87942350	 -0.46632990
0.00000000	 0.00000000	 0.00000000	 1.00000000
112	113	37260
0.99160218	 -0.10301942	 0.07817999	 0.01505515
0.10309292	 0.99466699	 0.00310597	 -0.22394413
-0.07808302	 0.00497993	 0.99693435	 0.14984563
0.00000000	 0.00000000	 0.00000000	 1.00000000
113	114	71157
0.75866205	 -0.30459762	 0.57589251	 0.43113899
0.31290951	 0.94569933	 0.08797684	 -0.51785815
-0.57141876	 0.11345761	 0.81277776	 0.86552578
0.00000000	 0.00000000	 0.00000000	 1.00000000
114	115	77420
0.83369124	 -0.23059379	 0.50178206	 0.63475174
0.22778052	 0.97134012	 0.06793054	 -0.13879487
-0.50306535	 0.05766309	 0.86232251	 0.87917095
0.00000000	 0.00000000	 0.00000000	 1.00000000
115	116	61896
0.98607761	 -0.16208035	 0.03716204	 0.18504374
0.16265994	 0.98659492	 -0.01312353	 -0.33168074
-0.03453681	 0.01898558	 0.99922311	 -0.28366444
0.00000000	 0.00000000	 0.00000000	 1.00000000
116	117	73471
0.98911297	 0.12534311	 -0.07710154	 -0.50859129
-0.12731420	 0.99163604	 -0.02118471	 0.41865253
0.07380132	 0.03077019	 0.99679816	 -0.46733144
0.00000000	 0.00000000	 0.00000000	 1.00000000
117	118	62339
0.93308872	 -0.09724987	 0.34624821	 0.21327357
0.09739172	 0.99510038	 0.01703479	 -0.26388192
-0.34620836	 0.01782674	 0.93798840	 0.68354535
0.00000000	 0.00000000	 0.00000000	 1.00000000
118	119	77547
0.94878983	 -0.13246460	 0.28679457	 0.19443209
0.12629089	 0.99118620	 0.04000645	 -0.26121968
-0.28956622	 -0.00173817	 0.95715630	 0.56994027
0.00000000	 0.00000000	 0.00000000	 1.00000000
119	120	79256
0.91540843	 -0.15872124	 0.36991194	 0.07428779
0.18659183	 0.98159945	 -0.04056928	 -0.28967458
-0.35666609	 0.10616002	 0.92818069	 0.35024038
0.00000000	 0.00000000	 0.00000000	 1.00000000
120	121	59565
0.92624068	 -0.17574459	 0.33345464	 0.35158348
0.18551776	 0.98263764	 0.00257646	 -0.39434832
-0.32811788	 0.05947533	 0.94276261	 0.76104730
0.00000000	 0.00000000	 0.00000000	 1.00000000
121	122	59234
0.96715808	 -0.10052657	 0.23345169	 -0.10881132
0.10973701	 0.99360019	 -0.02677131	 -0.17912653
-0.22926639	 0.05151037	 0.97199976	 0.40207475
0.00000000	 0.00000000	 0.00000000	 1.00000000
122	123	72635
0.94566876	 0.13931338	 -0.29377294	 -0.52718180
-0.13684367	 0.99016660	 0.02905197	 0.40441146
0.29493150	 0.01272743	 0.95543373	 -0.78607816
0.00000000	 0.00000000	 0.00000000	 1.00000000
123	124	79437
0.91842264	 0.19472215	 -0.34435895	 -0.27611023
-0.18254136	 0.98085821	 0.06779177	 0.30528423
0.35096782	 0.00059823	 0.93638730	 -0.42918983
0.00000000	 0.00000000	 0.00000000	 1.00000000
124	125	45094
0.82907182	 0.24906322	 -0.50060707	 0.02661068
-0.23537076	 0.96758062	 0.09158775	 0.57927644
0.50718892	 0.04189544	 0.86081600	 -1.14110351
0.00000000	 0.00000000	 0.00000000	 1.00000000
125	126	51459
0.99088985	 -0.08391733	 0.10533348	 -0.32811213
0.08559363	 0.99626392	 -0.01148794	 -0.21183683
-0.10397591	 0.02039916	 0.99437052	 0.26841936
0.00000000	 0.00000000	 0.00000000	 1.00000000
126	127	73582
0.89143038	 -0.14237650	 0.43021020	 0.19844483
0.21363546	 0.96927935	 -0.12189049	 -0.46926472
-0.39963961	 0.20056508	 0.89446163	 0.32090372
0.00000000	 0.00000000	 0.00000000	 1.00000000
127	128	88891
0.97658670	 -0.03444923	 0.21234797	 0.38650203
0.05738044	 0.99304676	 -0.10279020	 -0.28126124
-0.20733039	 0.11256815	 0.97177297	 0.51057512
0.00000000	 0.00000000	 0.00000000	 1.00000000
128	129	98838
0.96558809	 -0.01603236	 -0.25958136	 0.46730712
-0.00432021	 0.99697161	 -0.07764557	 -0.12452786
0.26004016	 0.07609508	 0.96259475	 -0.46118355
0.00000000	 0.00000000	 0.00000000	 1.00000000
129	130	56820
0.90385115	 0.13301331	 -0.40664545	 0.12146528
-0.07861301	 0.98589510	 0.14775202	 0.19931321
0.42056277	 -0.10157825	 0.90155905	 -0.78507531
0.00000000	 0.00000000	 0.00000000	 1.00000000
130	131	59669
0.95692247	 0.10590192	 -0.27034104	 -0.17993057
-0.08724196	 0.99295616	 0.08016616	 0.24647884
0.27692655	 -0.05312772	 0.95942122	 -0.54157323
0.00000000	 0.00000000	 0.00000000	 1.00000000
131	132	91802
0.96958417	 0.06355374	 -0.23636279	 -0.38664684
-0.04699577	 0.99607205	 0.07504460	 0.20533496
0.24020377	 -0.06165401	 0.96876258	 -0.45706135
0.00000000	 0.00000000	 0.00000000	 1.00000000
132	133	94919
0.85378629	 -0.22723672	 0.46841484	 0.42228380
0.23345788	 0.97129399	 0.04566575	 -0.16049646
-0.46534550	 0.07036638	 0.88232780	 0.36772722
0.00000000	 0.00000000	 0.00000000	 1.00000000
133	134	61327
0.68558025	 -0.18422426	 0.70430195	 1.04165900
0.19793420	 0.97817641	 0.06318888	 -0.23038240
-0.70057249	 0.09608441	 0.70708269	 1.07188666
0.00000000	 0.00000000	 0.00000000	 1.00000000
134	135	81987
0.98525333	 0.13251810	 -0.10823587	 0.09767970
-0.13093567	 0.99115485	 0.02162997	 0.43367934
0.11014487	 -0.00713905	 0.99388999	 -0.42699707
0.00000000	 0.00000000	 0.00000000	 1.00000000
135	136	98724
0.97330409	 0.08321273	 -0.21390338	 0.13837209
-0.09153482	 0.99537128	 -0.02928261	 0.30352020
0.21047658	 0.04808050	 0.97641581	 -0.53155190
0.00000000	 0.00000000	 0.00000000	 1.00000000
136	137	64769
0.99801272	 -0.04071828	 0.04809336	 0.63565117
0.04157704	 0.99899083	 -0.01699234	 -0.33616674
-0.04735294	 0.01895814	 0.99869823	 0.48499751
0.00000000	 0.00000000	 0.00000000	 1.00000000
137	138	97316
0.97124863	 0.12682751	 -0.20147125	 0.05294622
-0.11523550	 0.99098682	 0.06830780	 0.25612396
0.20831865	 -0.04312722	 0.97710967	 -0.00625313
0.00000000	 0.00000000	 0.00000000	 1.00000000
138	139	92717
0.97679681	 0.04884725	 -0.20852263	 0.01793064
-0.01878532	 0.98943126	 0.14378075	 -0.20304775
0.21334215	 -0.13652748	 0.96739101	 0.30001709
0.00000000	 0.00000000	 0.00000000	 1.00000000
139	140	80050
0.99368054	 0.09746637	 -0.05567187	 -0.42990601
-0.09411736	 0.99375677	 0.05990983	 -0.17830878
0.06116349	 -0.05429155	 0.99665016	 0.25177094
0.00000000	 0.00000000	 0.00000000	 1.00000000
140	141	99849
0.99063587	 -0.13615844	 -0.01007388	 0.20852734
0.13644920	 0.98479873	 0.10748485	 -0.54047352
-0.00471422	 -0.10785293	 0.99415570	 0.36820194
0.00000000	 0.00000000	 0.00000000	 1.00000000
141	142	102725
0.92977220	 0.26910844	 -0.25120556	 -0.01066045
-0.26333371	 0.96301997	 0.05699104	 0.73443508
0.25725278	 0.01316220	 0.96625453	 -0.67038536
0.00000000	 0.00000000	 0.00000000	 1.00000000
142	143	115546
0.81867093	 0.35413992	 -0.45206499	 0.07889275
-0.38458070	 0.92271429	 0.02637891	 0.90889305
0.42646873	 0.15225981	 0.89159495	 -1.01054323
0.00000000	 0.00000000	 0.00000000	 1.00000000
143	144	99676
0.79400933	 0.28741515	 -0.53566927	 0.35154361
-0.33775523	 0.94122392	 0.00437061	 0.79519242
0.50544083	 0.17745478	 0.84441662	 -1.31181943
0.00000000	 0.00000000	 0.00000000	 1.00000000
144	145	115112
0.87256175	 0.11327955	 -0.47518823	 -0.07859356
-0.18221778	 0.97801048	 -0.10144954	 0.53117490
0.45324692	 0.17510872	 0.87401611	 -1.34621704
0.00000000	 0.00000000	 0.00000000	 1.00000000
145	146	96786
0.82101923	 -0.17715374	 0.54271901	 0.94323552
0.19612963	 0.98030150	 0.02328613	 -0.28325462
-0.53615350	 0.08732493	 0.83959150	 0.62562597
0.00000000	 0.00000000	 0.00000000	 1.00000000
146	147	99035
0.99881107	 0.04566422	 -0.01706970	 0.41694966
-0.04541644	 0.99886107	 0.01463241	 0.11745840
0.01771844	 -0.01383977	 0.99974722	 0.11474114
0.00000000	 0.00000000	 0.00000000	 1.00000000
147	148	125738
0.83170456	 0.14878069	 -0.53491288	 -0.04949542
-0.17298003	 0.98491269	 0.00498718	 0.38201585
0.52758437	 0.08838136	 0.84489250	 -1.29568255
0.00000000	 0.00000000	 0.00000000	 1.00000000
148	149	96870
0.90242034	 -0.11850638	 0.41423860	 0.45088693
0.10771001	 0.99295318	 0.04941984	 -0.25382406
-0.41717622	 0.00002018	 0.90882558	 0.86330962
0.00000000	 0.00000000	 0.00000000	 1.00000000
149	150	97207
0.85857683	 -0.13626659	 0.49424419	 0.37971270
0.23339188	 0.96223086	 -0.14014311	 -0.63537312
-0.45648009	 0.23567623	 0.85795265	 0.68034500
0.00000000	 0.00000000	 0.00000000	 1.00000000
150	151	109095
0.98524964	 0.07143543	 0.15549998	 -0.44928646
-0.03772860	 0.97701919	 -0.20978592	 -0.04033619
-0.16691263	 0.20082468	 0.96530288	 0.05515752
0.00000000	 0.00000000	 0.00000000	 1.00000000
151	152	113027
0.99875253	 0.01378477	 -0.04799435	 -0.86005962
-0.01023586	 0.99724853	 0.07341991	 0.03876425
0.04887438	 -0.07283705	 0.99614561	 0.03423227
0.00000000	 0.00000000	 0.00000000	 1.00000000
152	153	126209
0.93873096	 -0.01487712	 0.34432939	 -0.38737693
-0.01370665	 0.99666595	 0.08042990	 0.04586088
-0.34437796	 -0.08022168	 0.93539757	 1.17135561
0.00000000	 0.00000000	 0.00000000	 1.00000000
153	154	95940
0.99998158	 -0.00001938	 -0.00607299	 -0.24054125
-0.00011167	 0.99976712	 -0.02157942	 -0.10664888
0.00607200	 0.02157971	 0.99974865	 0.41844478
0.00000000	 0.00000000	 0.00000000	 1.00000000
154	155	109152
0.99984938	 0.00694787	 -0.01591090	 -0.44747424
-0.00689790	 0.99997121	 0.00319376	 0.01700723
0.01593263	 -0.00308353	 0.99986833	 0.13519090
0.00000000	 0.00000000	 0.00000000	 1.00000000
155	156	90648
0.99762511	 -0.05792643	 0.03726509	 -0.00826953
0.05436850	 0.99443090	 0.09028421	 -0.19948921
-0.04228739	 -0.08804376	 0.99521858	 0.53733432
0.00000000	 0.00000000	 0.00000000	 1.00000000
156	157	76773
0.93448555	 0.08259834	 -0.34628639	 -0.27923566
-0.07739714	 0.99658287	 0.02884772	 0.17452814
0.34748587	 -0.00015620	 0.93768513	 -0.39793858
0.00000000	 0.00000000	 0.00000000	 1.00000000
157	158	58897
0.94258255	 0.14688839	 -0.29993644	 0.00150433
-0.13481458	 0.98901105	 0.06068077	 0.30201361
0.30555373	 -0.01676084	 0.95202732	 -0.18974313
0.00000000	 0.00000000	 0.00000000	 1.00000000
158	159	57727
0.99835050	 0.01256507	 -0.05602225	 -0.31181505
-0.01174761	 0.99981999	 0.01489740	 0.02938403
0.05619935	 -0.01421470	 0.99831843	 0.00086969
0.00000000	 0.00000000	 0.00000000	 1.00000000
159	160	64579
0.97503561	 -0.15226997	 0.16161504	 -0.19862060
0.14708799	 0.98816061	 0.04362947	 -0.29853821
-0.16634512	 -0.01876865	 0.98588902	 0.37074369
0.00000000	 0.00000000	 0.00000000	 1.00000000
160	161	51805
0.89157146	 -0.17522924	 0.41760626	 0.31633717
0.18903516	 0.98193395	 0.00844138	 -0.36867082
-0.41154104	 0.07141618	 0.90858889	 0.89152807
0.00000000	 0.00000000	 0.00000000	 1.00000000
161	162	44632
0.96737248	 -0.13658385	 0.21338966	 0.12348527
0.12728731	 0.99023926	 0.05678073	 -0.18902668
-0.21906218	 -0.02776632	 0.97531575	 0.65942657
0.00000000	 0.00000000	 0.00000000	 1.00000000
162	163	32409
0.90808392	 0.21241906	 -0.36091775	 -0.11193679
-0.11089510	 0.95301813	 0.28188452	 0.29541644
0.40383872	 -0.21595079	 0.88897663	 -0.20224753
0.00000000	 0.00000000	 0.00000000	 1.00000000
163	164	38130
0.63661718	 0.50466681	 -0.58312088	 -0.00903933
-0.48801324	 0.84911829	 0.20209222	 1.13990891
0.59712785	 0.15591536	 0.78684735	 -1.67623031
0.00000000	 0.00000000	 0.00000000	 1.00000000
164	165	38248
0.94712073	 0.21072696	 -0.24198416	 -0.08702061
-0.21771088	 0.97601086	 -0.00217646	 0.40735155
0.23572055	 0.05474396	 0.97027773	 -0.59576237
0.00000000	 0.00000000	 0.00000000	 1.00000000
165	166	59171
0.61341071	 0.48345616	 -0.62449783	 -0.11755886
-0.46477154	 0.86029428	 0.20947842	 1.16809154
0.63852549	 0.16175246	 0.75241023	 -1.45226943
0.00000000	 0.00000000	 0.00000000	 1.00000000
166	167	56705
0.99993336	 0.00552356	 0.01013788	 0.11961905
-0.00528528	 0.99971265	 -0.02338292	 0.09557713
-0.01026412	 0.02332778	 0.99967521	 -0.01649381
0.00000000	 0.00000000	 0.00000000	 1.00000000
167	168	45464
0.98455274	 -0.16002513	 0.07104907	 0.19467518
0.14474957	 0.97222579	 0.18391497	 -0.28989002
-0.09850676	 -0.17078970	 0.98037106	 0.63789743
0.00000000	 0.00000000	 0.00000000	 1.00000000
168	169	30183
0.60890669	 -0.52487957	 0.59475541	 1.59704506
0.60674554	 0.79115564	 0.07702319	 -0.94636703
-0.51097196	 0.31396529	 0.80020833	 0.52535695
0.00000000	 0.00000000	 0.00000000	 1.00000000
169	170	37153
0.40838847	 -0.56745404	 0.71499288	 2.18621588
0.63790232	 0.73769212	 0.22111322	 -0.77772492
-0.65291613	 0.36579549	 0.66324514	 0.73109150
0.00000000	 0.00000000	 0.00000000	 1.00000000
170	171	49896
0.98120314	 0.03467580	 -0.18983704	 0.13787797
-0.09445082	 0.94413728	 -0.31572717	 0.25710839
0.16828412	 0.32772273	 0.92966563	 -1.25757229
0.00000000	 0.00000000	 0.00000000	 1.00000000
171	172	65897
0.94691736	 0.15797009	 -0.27998731	 -0.01981420
-0.21478263	 0.95890808	 -0.18537489	 0.43023485
0.23919840	 0.23567112	 0.94193584	 -1.15411377
0.00000000	 0.00000000	 0.00000000	 1.00000000
172	173	74949
0.99113303	 -0.01666807	 -0.13182364	 0.24635212
0.01951727	 0.99960238	 0.02035127	 -0.24677178
0.13143198	 -0.02274365	 0.99106425	 -0.43260962
0.00000000	 0.00000000	 0.00000000	 1.00000000
173	174	75052
0.95889765	 -0.00727144	 -0.28365877	 0.38154677
0.01745180	 0.99929047	 0.03337885	 0.01677345
0.28321484	 -0.03695726	 0.95834410	 -0.58662921
0.00000000	 0.00000000	 0.00000000	 1.00000000
174	175	77562
0.99370342	 0.01970537	 -0.11029579	 0.10483885
-0.01661788	 0.99944580	 0.02884240	 0.03522250
0.11080302	 -0.02682790	 0.99348027	 -0.08292983
0.00000000	 0.00000000	 0.00000000	 1.00000000
175	176	84737
0.86784029	 0.06835179	 -0.49211910	 0.22511445
-0.07361944	 0.99724847	 0.00868449	 0.16961233
0.49135867	 0.02869278	 0.87048459	 -0.98199874
0.00000000	 0.00000000	 0.00000000	 1.00000000
176	177	64904
0.91784912	 0.07379111	 -0.39001006	 -0.07001165
-0.06297641	 0.99719441	 0.04046367	 0.23312323
0.39190173	 -0.01257810	 0.91992116	 -0.24327190
0.00000000	 0.00000000	 0.00000000	 1.00000000
177	178	97114
0.99215990	 -0.05252729	 0.11340102	 -0.25542870
0.04399660	 0.99610138	 0.07646177	 0.00717569
-0.11697523	 -0.07087304	 0.99060279	 0.33587942
0.00000000	 0.00000000	 0.00000000	 1.00000000
178	179	82341
0.94252354	 -0.10573380	 0.31696963	 -0.22425847
0.10092128	 0.99439204	 0.03161238	 -0.18943192
-0.31853464	 0.00219357	 0.94790882	 0.92063278
0.00000000	 0.00000000	 0.00000000	 1.00000000
179	180	54569
0.93106765	 -0.00598451	 0.36479685	 -0.24285993
0.00890044	 0.99994057	 -0.00631242	 -0.02405813
-0.36473742	 0.00912415	 0.93106562	 0.81497645
0.00000000	 0.00000000	 0.00000000	 1.00000000
180	181	71037
0.94201243	 -0.07911598	 0.32611853	 -0.07075011
0.07995624	 0.99673933	 0.01084953	 -0.06483170
-0.32591346	 0.01585481	 0.94526660	 0.48072267
0.00000000	 0.00000000	 0.00000000	 1.00000000
181	182	107645
0.98186141	 0.05905940	 0.18016729	 0.09123304
-0.05381998	 0.99797714	 -0.03383627	 0.17421034
-0.18180123	 0.02352592	 0.98305380	 0.55006504
0.00000000	 0.00000000	 0.00000000	 1.00000000
182	183	96961
0.99758434	 -0.01430368	 -0.06797557	 -0.05696904
0.02838515	 0.97708064	 0.21096879	 0.17433856
0.06339997	 -0.21238868	 0.97512645	 0.24877378
0.00000000	 0.00000000	 0.00000000	 1.00000000
183	184	114228
0.96596849	 -0.09622478	 0.24009548	 0.24883439
0.09915593	 0.99507177	 -0.00012873	 -0.22918592
-0.23889992	 0.02393124	 0.97074926	 0.43981236
0.00000000	 0.00000000	 0.00000000	 1.00000000
184	185	121506
0.99431956	 -0.05266427	 0.09249479	 0.34972543
0.05605407	 0.99783343	 -0.03443964	 -0.20786491
-0.09048066	 0.03942872	 0.99511737	 0.38196358
0.00000000	 0.00000000	 0.00000000	 1.00000000
185	186	112100
0.99546319	 0.01585007	 -0.09381722	 0.23630926
-0.01172194	 0.99894547	 0.04439063	 0.02522344
0.09442188	 -0.04308952	 0.99459940	 0.05500769
0.00000000	 0.00000000	 0.00000000	 1.00000000
186	187	85607
0.98401666	 0.03348532	 -0.17489983	 0.29694882
-0.04703407	 0.99615562	 -0.07390355	 0.15710166
0.17175277	 0.08094859	 0.98180866	 -0.33499238
0.00000000	 0.00000000	 0.00000000	 1.00000000
187	188	70822
0.97814149	 -0.02339518	 0.20662029	 0.27582389
0.01807750	 0.99945593	 0.02758731	 -0.07816613
-0.20715328	 -0.02324912	 0.97803217	 0.67565048
0.00000000	 0.00000000	 0.00000000	 1.00000000
188	189	71209
0.90663308	 -0.10934164	 0.40750584	 0.30895472
0.13295698	 0.99066800	 -0.02999211	 -0.26771781
-0.40042356	 0.08137258	 0.91270995	 0.64420378
0.00000000	 0.00000000	 0.00000000	 1.00000000
189	190	58480
0.91570383	 -0.11020955	 0.38644567	 0.01782623
0.06360819	 0.98928541	 0.13140900	 -0.11563312
-0.39678764	 -0.09575063	 0.91290265	 1.11112678
0.00000000	 0.00000000	 0.00000000	 1.00000000
190	191	74751
