12	14	1
0.8247413660297737	0.2880744767492605	-0.48663598872546926	-0.1608893574995158
-0.28128717750069643	0.9554963236813969	0.0889060091683197	0.0849312643609076
0.49059043697044197	0.06355996045592835	0.8690690895135889	-0.11725057752371537
0.0	0.0	0.0	1.0
12	15	2
0.612834388304251	0.3889528645484698	-0.6878587514054603	-0.10776073946200498
-0.3015594305899584	0.9197103159463479	0.25138577493507386	0.1799022458020605
0.7304079896468564	0.05337251473280453	0.6809225701309944	-0.2244547420846946
0.0	0.0	0.0	1.0
13	15	3
0.8107361579435406	0.3244887780072869	-0.4872515659451263	-0.05584126899988744
-0.24391823969322704	0.9438736916322407	0.22272490326434405	0.16532878639613996
0.5321756742788047	-0.061721532236549526	0.8443812209656135	-0.14909052713532078
0.0	0.0	0.0	1.0
13	24	4
-0.34915669875755956	0.49549424969020983	-0.7953458913882587	0.06729688716292626
-0.4660932678397648	0.6444898048443959	0.606126900996608	-0.1676989804006805
0.8129249485106932	0.5823387689373266	0.005918550563346638	0.5855199056512778
0.0	0.0	0.0	1.0
13	26	5
-0.12189965064205249	0.6058927788461217	-0.7861516952964837	0.15790385898084744
-0.4187103782952673	0.6867382963755311	0.5941987781196157	-0.15091870756805914
0.8999012950133919	0.40160252976972755	0.16998040876639325	0.74440811677722
0.0	0.0	0.0	1.0
13	27	6
0.029643153753826288	0.6369595624194098	-0.7703271763382735	0.2808473653271773
-0.3860898648044748	0.7181509296635763	0.5789594079240709	-0.09946675543286734
0.9219849392792676	0.2802533666824931	0.2672118019604136	0.7573582235138342
0.0	0.0	0.0	1.0
13	28	7
0.3154337100645087	0.6709674392815392	-0.6710473172775065	0.6182445522047352
-0.38626112160812126	0.7366998881490041	0.5550455958874714	-0.08289655149181265
0.8667780007950519	0.08411941419689122	0.49154857742581837	0.724888850008524
0.0	0.0	0.0	1.0
13	29	8
0.5485347985806945	0.6243465110297279	-0.5561485017458149	0.9360559152167583
-0.3350079429567359	0.7735362095997602	0.5379698277210547	-0.019094148403185063
0.7660805445674244	-0.10878103501839276	0.6334725410635207	0.6196856221881359
0.0	0.0	0.0	1.0
13	30	9
0.6661739882392085	0.5460005939506934	-0.5080313152283006	1.049068171036968
-0.21552575528219664	0.7930700395498	0.5697267986346557	0.15603666995399454
0.7139755599911022	-0.2700433452720086	0.6459997657581725	0.5025315049598409
0.0	0.0	0.0	1.0
14	15	10
0.9522142399962845	0.13810573053131345	-0.272424212813416	0.0017690073964596411
-0.10609691322555308	0.9859543639715195	0.12898621329033827	0.09421774828892882
0.28641163803506653	-0.09391904849464619	0.9534923731311216	-0.058599968570540735
0.0	0.0	0.0	1.0
14	16	11
0.7977179715256176	0.2897061317280256	-0.5288822261304893	0.13397987594665156
-0.012581067954965976	0.8848449311932861	0.4657159136118943	0.20806026282592066
0.6028995767974683	-0.3648560027263697	0.7095014202890181	-0.07930234491783433
0.0	0.0	0.0	1.0
14	23	12
-0.0256578250206557	0.5166410121673608	-0.855817539466822	0.041547218511342764
-0.24350178281952922	0.8270840268426429	0.5065954171168645	0.07697328266426065
0.9695610374275137	0.22139122309343615	0.10458186725794849	0.6071278507991905
0.0	0.0	0.0	1.0
14	24	13
-0.0416192484801317	0.4904580775672096	-0.8704703758563612	-0.024492261434796735
-0.4686837262404455	0.7598391787025399	0.450532854386357	-0.23510953146296892
0.8823852424634558	0.426726215071846	0.19824584488783623	0.6454768483262462
0.0	0.0	0.0	1.0
14	27	14
0.3392465906435591	0.5634758326581608	-0.7532640896252601	0.22473531235236183
-0.3718990284157346	0.8158530861075437	0.44280356327516623	-0.16276167194950455
0.8640620182648112	0.12991860795102836	0.48633146127396637	0.8543605842793408
0.0	0.0	0.0	1.0
14	28	15
0.5929340741866478	0.5530773424988686	-0.585264688390505	0.5955904881371602
-0.36263889703906094	0.8323386651837733	0.41917224613420717	-0.1479897254823651
0.7189731398675656	-0.036301736375054364	0.6940893165274601	0.8335807884998097
0.0	0.0	0.0	1.0
14	29	16
0.7772993251789386	0.4741093034090425	-0.41355310556134545	0.945810080810065
-0.3026950379027149	0.8580878882869635	0.41480238278873977	-0.08098079002004703
0.5515265749777499	-0.19724513691821158	0.8105016637757523	0.7321096678286134
0.0	0.0	0.0	1.0
14	30	17
0.8622892127512644	0.3797474251149485	-0.33503636003526177	1.0778178427169045
-0.1932221340912699	0.8582449565279098	0.4754796211509633	0.10753403444519147
0.4681054557237875	-0.3452644853751679	0.813430936794775	0.6182260055062805
0.0	0.0	0.0	1.0
15	21	18
0.594795323084669	0.3809682884498019	-0.7078712670627773	0.05137469578495338
0.1994035624112995	0.7831292299720124	0.5890218601008368	0.5032842406871643
0.7787534021545524	-0.4914996270644722	0.3898351523738469	0.29135098143977345
0.0	0.0	0.0	1.0
15	22	19
0.4357573870944687	0.4857363943769582	-0.7577437787178439	0.057042152321536484
-0.07941340717276772	0.859342996185633	0.5051959733711927	0.2853142705822715
0.8965539854675961	-0.15996786853401382	0.4130389129991766	0.511129441173934
0.0	0.0	0.0	1.0
15	23	20
0.2800647962277708	0.4017180870926896	-0.8718865783394402	-0.04788971788524867
-0.25564966644032633	0.9066456810045267	0.3356140791574283	0.011670388745423399
0.9253144701709209	0.12890380818169106	0.35661860428568315	0.6142437751074709
0.0	0.0	0.0	1.0
15	24	21
0.2652418780229473	0.3757063536827335	-0.8879704020296678	-0.11239472059121011
-0.4640851898678683	0.8570051482628952	0.22397972866020388	-0.30190845161092844
0.8451460481263762	0.35268517807983435	0.40167344485325973	0.6342906266264815
0.0	0.0	0.0	1.0
15	25	22
0.3775947507356486	0.37287872196540617	-0.8475751289925755	-0.06532205724878258
-0.4944922951169764	0.8550885179379829	0.1558877295449654	-0.41103076121834575
0.7828788899451097	0.3602570684901587	0.507262506159218	0.7127559525551191
0.0	0.0	0.0	1.0
15	27	23
0.606062043549364	0.4224078187384361	-0.6739885054226464	0.14436916533876315
-0.36208394586669845	0.9009667746708189	0.23906938661323707	-0.23299874502203602
0.7082260742003464	0.09914950779820096	0.6989887819268257	0.8847268043990849
0.0	0.0	0.0	1.0
15	28	24
0.8004236450051722	0.40690951230633543	-0.4401667343690678	0.5300426779821704
-0.3445518211176486	0.9131902197670492	0.21764100571651016	-0.2206651809336192
0.490516134537676	-0.022544801159711917	0.8711404309973604	0.8858859841075917
0.0	0.0	0.0	1.0
15	29	25
0.9182945016156526	0.33163845532188607	-0.21622012212245462	0.900268890177437
-0.28272585994259175	0.931654267816504	0.2282246434083688	-0.1548850562493264
0.2771303980086535	-0.1484465060334852	0.9492957390073387	0.8012344181145643
0.0	0.0	0.0	1.0
15	30	26
0.9648012904140618	0.2397123545775778	-0.10815054191790031	1.047188325455435
-0.19499247446928678	0.9280209134900584	0.31741947270110354	0.039043707864675904
0.176455304546259	-0.2851582692371322	0.9420978550882823	0.6999877294994312
0.0	0.0	0.0	1.0
15	38	27
0.9628274152056856	0.20898595191890715	-0.17113813923477672	1.403248855006904
-0.1776038727899346	0.9671557834622493	0.18184189066921466	-0.15019846424240893
0.2035196634741842	-0.14468764218814928	0.9683208418833312	0.9737088348817582
0.0	0.0	0.0	1.0
15	39	28
0.9711669181299113	0.18107124239220015	-0.15507476303269216	1.469590711964835
-0.17732633510806875	0.9834271226113037	0.03776825549277149	-0.338325004671774
0.15934351077142775	-0.00918050179988161	0.9871805218466599	0.9307534958063363
0.0	0.0	0.0	1.0
16	18	29
0.9325681053856871	-0.010692730873929935	-0.3608358398594199	-0.008081128411815927
0.19188790333961503	0.8613358702049212	0.47040359899447837	0.3001592941725054
0.3057708847159484	-0.5079234237118003	0.8053061525902174	0.07881744301492165
0.0	0.0	0.0	1.0
16	19	30
0.8823472360345439	0.10253708681178718	-0.45929249233157005	-0.03913166892211199
0.2382145268318941	0.7443825590852814	0.6238175303532342	0.4054645651891079
0.4058537939453284	-0.6598338349279693	0.6323781068043052	0.035850688634374524
0.0	0.0	0.0	1.0
16	20	31
0.8645552714143787	0.12182873883735577	-0.48754687455463674	-0.05094036991002786
0.23447726218897716	0.760298907541957	0.6057771352774013	0.4446319147588767
0.44448247313217226	-0.6380464927523407	0.6287544108657237	0.07228504593197228
0.0	0.0	0.0	1.0
16	21	32
0.8263859006948749	0.09289601154885978	-0.555388854605997	-0.04428858612901773
0.11367675376628268	0.9384700776701083	0.3261156707198973	0.3582780062624965
0.5515107151551716	-0.332632223335142	0.7649783429788801	0.27955707316586675
0.0	0.0	0.0	1.0
16	22	33
0.7053273185820897	0.17555687870782227	-0.6867992291562995	-0.037509105010179115
-0.1139189911670801	0.9843273681453015	0.1346176195708589	0.1576736159052622
0.6996684619760255	-0.016709994588089253	0.7142721630039786	0.4398182216757703
0.0	0.0	0.0	1.0
16	23	34
0.5818331327548041	0.05890213164906922	-0.8111724382442753	-0.11298978191419816
-0.22256372212703934	0.9708340226957648	-0.0891434910969961	-0.10226892725551393
0.7822630928950918	0.23240420410031307	0.5779728768423882	0.4998008633010104
0.0	0.0	0.0	1.0
16	25	35
0.6626748548934042	0.03903509627880067	-0.7478892323744181	-0.13607053696217233
-0.4003423440597033	0.8624404249180386	-0.30971342537320773	-0.49083878782139895
0.6329201637220407	0.504651097789688	0.5871448974300861	0.5751234760939562
0.0	0.0	0.0	1.0
16	29	36
0.9761388888291581	0.21713567455711466	0.002235180756106918	0.7700270631360694
-0.21225351973043566	0.9562628717888502	-0.20127030635179294	-0.26746460146840884
-0.045840499695644056	0.19599334340477778	0.979533231915276	0.7751522279660656
0.0	0.0	0.0	1.0
16	38	37
0.9882172404130957	0.11796857322817429	0.09752001274031452	1.2854587492768963
-0.09428224803054168	0.9710898523555823	-0.21930610043277796	-0.2768501097552989
-0.12057196653478873	0.20752768100292576	0.9707701901166667	0.9536534536374406
0.0	0.0	0.0	1.0
16	39	38
0.9875130329912791	0.09750257871104595	0.12373942190953247	1.3546757549115804
-0.04820280591160366	0.9347951498511029	-0.3519010758894026	-0.46413772486354804
-0.14998227304111067	0.34154230160071947	0.9278223376789685	0.8949333742381756
0.0	0.0	0.0	1.0
17	18	39
0.9757434934786846	-0.06160724377591616	-0.21006956435976867	-0.026463148644404688
0.1064889952869095	0.9719768442346397	0.20957413194743785	0.10588174148755658
0.1912714060736438	-0.22686074340316717	0.9549604705805923	0.054711364425593434
0.0	0.0	0.0	1.0
17	19	40
0.9388532114792842	0.014094803254961949	-0.3440290672509176	-0.061693321654042066
0.1314560639374484	0.9088026199055876	0.3959762001943597	0.21045921767146836
0.31823574869206817	-0.41698831602491937	0.8513793882575218	0.04710445589683321
0.0	0.0	0.0	1.0
17	20	41
0.9251338056854473	0.023034636631567903	-0.3789416618983378	-0.07244761342903128
0.13017717238734708	0.9183955241389987	0.37363579302276617	0.24927134847950416
0.3566249184966326	-0.3949927347358593	0.846640157713513	0.07815450509922117
0.0	0.0	0.0	1.0
17	21	42
0.8978861101939498	-0.026951784710905563	-0.4394020544238961	-0.05188860448243182
0.04927372787678229	0.9980051033524241	0.039472341293525524	0.17191574437517454
0.4374616500788584	-0.05709268879659516	0.897422898366899	0.21731473179265803
0.0	0.0	0.0	1.0
17	22	43
0.7963074541160831	0.005607811640837651	-0.6048660547374787	-0.0367436744583271
-0.14818170072360662	0.9712969613722251	-0.18607642380179654	-0.0017799267348041353
0.5864611531231386	0.2378041380986675	0.7742818650378188	0.32476718338664545
0.0	0.0	0.0	1.0
17	29	44
0.9614960221640501	0.2658780356467031	0.06952869464414234	0.6758420085193007
-0.19527884334771542	0.8390016701515426	-0.5078804199767588	-0.3815056512381433
-0.19336902536031383	0.47474760019180956	0.8586170657632182	0.6455892464052695
0.0	0.0	0.0	1.0
17	31	45
0.9874942295276309	0.12429314552882206	0.09698563351791453	0.7043202076278661
-0.10714983687446236	0.9803824317311048	-0.1654366145072741	0.08551508617806511
-0.11564565762837567	0.15297576099840096	0.9814400042801885	0.6915514603332142
0.0	0.0	0.0	1.0
17	32	46
0.9770217911858458	0.023894111553388126	-0.21179577007909692	0.44201610406794023
-0.018845824868200033	0.9994889909418658	0.025822775814815173	0.36638321206391855
0.21230452466321842	-0.021237932829436403	0.9769727914862915	0.8002282487469343
0.0	0.0	0.0	1.0
17	33	47
0.8765616930390782	-0.1163096339017556	-0.46702433453399955	0.2439298357073496
0.1996194510604734	0.9708204711209881	0.132890437755109	0.6710411059091943
0.43794035132241776	-0.2097138936505637	0.8742015905211001	0.8909395506984232
0.0	0.0	0.0	1.0
17	34	48
0.8060419164865973	-0.1577964087854061	-0.5704355263382969	0.13936527211985444
0.25237343567104353	0.9634256860903312	0.0901039132244031	0.7649167018085614
0.5353542291183973	-0.2165903955039701	0.8163850052473398	1.05724129487588
0.0	0.0	0.0	1.0
17	35	49
0.8221590740261716	-0.07887381750353131	-0.5637670520558485	0.15789399464758613
0.05520720787379405	0.9967339739131844	-0.05893758982010782	0.45363226891884645
0.5665744638720253	0.017332070835309774	0.8238282313275428	1.2400297436760153
0.0	0.0	0.0	1.0
17	36	50
0.8560962032969506	0.0026953089452180262	-0.5168095995854635	0.18838337464275712
-0.18230584629576624	0.9372808028786477	-0.2971017665798214	-0.11545075075493857
0.48359491751793193	0.3485651020612232	0.802893700393079	1.2650421334054838
0.0	0.0	0.0	1.0
18	20	51
0.9808782562328786	0.04148932595875396	-0.19014827208922996	-0.040480172960745284
-0.00804977342066659	0.9848258245095449	0.1733587603217057	0.13529854492574409
0.1944555517242726	-0.16851317270527214	0.9663283256970235	0.048273733449501054
0.0	0.0	0.0	1.0
18	21	52
0.9700719061591194	-0.022668822927012566	-0.24175730820757238	-0.010590359734065719
-0.02169775083341328	0.9835571227939581	-0.17928891433360172	0.0770099459842852
0.2418464713887049	0.1791687459986886	0.9536293646636657	0.15256967311362993
0.0	0.0	0.0	1.0
18	22	53
0.9037102328135128	-0.03651564510122938	-0.4265844689368307	0.014376700759577202
-0.16533725925115011	0.8893014083828679	-0.42638761820061516	-0.07698779696502567
0.39493216267494724	0.4558611980653831	0.7976334110106513	0.24331131782523513
0.0	0.0	0.0	1.0
19	21	54
0.9937704455435715	-0.08045405567685535	-0.0771198417890354	0.029985378068800334
0.04674784285567354	0.929097014099355	-0.366869754536923	-0.0034560561290733153
0.1011679663399031	0.360979165055852	0.9270702018635181	0.10391557917928919
0.0	0.0	0.0	1.0
20	21	55
0.9965517821817058	-0.0720444928595672	-0.04116112893560013	0.041484741045044134
0.05361573475504609	0.9377258560025471	-0.3432135415177022	-0.031124421523877902
0.06332449320810445	0.3398231817467735	0.9383550683540803	0.06385756869249952
0.0	0.0	0.0	1.0
20	22	56
0.9660291400050673	-0.117188406002643	-0.23033585425303343	0.08045631183286857
-0.04420234005838559	0.803219942477453	-0.5940401569668577	-0.15877505273517167
0.25462508589974003	0.5840414899975722	0.7707537931327887	0.13739144466563522
0.0	0.0	0.0	1.0
20	30	57
0.793593203312771	0.44422415327083065	0.41578210032875285	0.736230411360044
0.029071110859623838	0.6548843194856319	-0.7551697176533267	-0.31844892070592284
-0.6077539571613526	0.6113848855928359	0.5067976069528223	0.3639104368325992
0.0	0.0	0.0	1.0
20	31	58
0.8796754797476348	0.2789367299298799	0.38518203097628495	0.6684158172302815
-0.013854378508233251	0.8246171790176836	-0.5655213788101883	-0.0768440078207573
-0.47537254213471014	0.4921389449727431	0.7292600197798189	0.47744066429053506
0.0	0.0	0.0	1.0
20	32	59
0.9846845771832162	0.06999565886442352	0.15967746781763079	0.483426629234264
-0.004197398721125457	0.9251210763983195	-0.37964906049630553	0.16514419372897124
-0.17429485843196257	0.373164401957618	0.9112462052378898	0.6233636876733918
0.0	0.0	0.0	1.0
20	33	60
0.9852327532667186	-0.16720695229536214	-0.036856384793875485	0.3598679203671633
0.15667945066040198	0.9672355386169799	-0.1997672881405041	0.45690067333403983
0.06905130843542967	0.1910425780635092	0.9791499439133826	0.7717955785042033
0.0	0.0	0.0	1.0
20	34	61
0.9582237044232543	-0.25312640188779056	-0.13317057829375353	0.28229127635283796
0.22152721091709673	0.951324987195725	-0.21425780678548706	0.5605728578869398
0.18092290320080132	0.17580594369225652	0.9676564833455168	0.9508984390309019
0.0	0.0	0.0	1.0
20	35	62
0.9724252203971273	-0.17605459344625926	-0.15295084239664475	0.2841829875733274
0.09636734687138464	0.9005613852563897	-0.42391321899867795	0.269260376304509
0.21237356301916446	0.3974844696060307	0.8926944822307364	1.086565898957046
0.0	0.0	0.0	1.0
20	36	63
0.9879063825096447	-0.07917906121070212	-0.13331116040590257	0.2901107154497929
-0.03448315645210446	0.7260544320145899	-0.6867720475804536	-0.24525916193471933
0.15116916668101144	0.6830634201309623	0.7145433009122639	1.0498808508915376
0.0	0.0	0.0	1.0
21	22	64
0.9806216243887396	0.020958219725227573	-0.19478683760863877	0.05286640401003774
-0.07746605688001468	0.9547128249974121	-0.28726692764106315	-0.10750234146132935
0.17994502240067295	0.29678959536263266	0.9378355498785328	0.07927597843033071
0.0	0.0	0.0	1.0
21	23	65
0.9368065092630246	-0.14311725587239207	-0.3192348730238074	0.06902017880623554
-0.04422758072796693	0.8567273283950793	-0.5138697159613259	-0.26751832286728544
0.3470408698718849	0.4955155890661179	0.7962579790292941	0.1150389138277345
0.0	0.0	0.0	1.0
21	25	66
0.9666206074327622	-0.13193440158088718	-0.21963111250568093	0.015408346867449173
-0.0787085702579077	0.66286255235603	-0.7445925223125409	-0.5236575941938922
0.2438226103599555	0.7370254876005036	0.630352088950264	0.14564261289574218
0.0	0.0	0.0	1.0
21	26	67
0.9907741707264243	-0.021335199990790858	-0.13383311139391024	-0.0011486512267868858
-0.07273003875499098	0.749568885005503	-0.6579184617557322	-0.466091196832027
0.11435395258494375	0.6615824684336188	0.7411018003032193	0.2895056736309635
0.0	0.0	0.0	1.0
21	27	68
0.9985039030237569	0.05465682336715077	0.0016151796654375083	0.06509282254410988
-0.04135645628663671	0.7741896842652157	-0.6316010931724946	-0.4364938950311824
-0.03577174001867662	0.6305894767613656	0.7752918293600457	0.34331675094511416
0.0	0.0	0.0	1.0
21	28	69
0.9426891891910955	0.21900221652840957	0.2517442639193589	0.29804597524406545
-0.011103151738006661	0.7746364029719085	-0.6323092462339335	-0.42573309173216045
-0.3334874569508082	0.593276063731591	0.7326729514881115	0.3909672849163408
0.0	0.0	0.0	1.0
21	29	70
0.8255969636345399	0.3154686052693184	0.4678345213842079	0.5627796166314555
0.0252130007757191	0.8076584541053099	-0.5891112726773974	-0.39102395172876775
-0.5636967328514272	0.49816406648888767	0.6588464171123846	0.387520453343464
0.0	0.0	0.0	1.0
21	30	71
0.7417387069944292	0.31640757002007025	0.5913627839478824	0.6775445861618061
0.01287375447433405	0.8748451378654314	-0.4842315416233563	-0.26083208730524093
-0.6705654663849393	0.36678640019024805	0.644833128873443	0.3619672102658396
0.0	0.0	0.0	1.0
21	31	72
0.8406917144762488	0.17653100456556703	0.5119316754351386	0.6063436524246874
-0.04993816161486176	0.966616666492231	-0.2513131419815651	-0.028638705310573574
-0.5392063472007141	0.1857120141132425	0.8214423109772464	0.4531343701831549
0.0	0.0	0.0	1.0
21	32	73
0.9696737707006304	0.06362792642423648	0.23597496124233094	0.43011155906405346
-0.05520594394807625	0.9975856384252624	-0.04213383704675947	0.2011742383278113
-0.2380861821588118	0.027828901404571806	0.9708452543468533	0.5721109722252743
0.0	0.0	0.0	1.0
21	33	74
0.9953987383802939	-0.09132062675937352	-0.029015801824920102	0.3175846383460127
0.09467790005059347	0.9839651376648134	0.15115804829350807	0.473945745424906
0.01474671548986209	-0.15320972977880254	0.9880836292012475	0.7033186323939941
0.0	0.0	0.0	1.0
21	34	75
0.9786372442201905	-0.14028129286852908	-0.1503004657764552	0.24692441192600792
0.16104475749560931	0.9774956093196415	0.136260474789212	0.5756146805788525
0.12780334013631184	-0.15755471881450092	0.9792051336087629	0.8781630919957273
0.0	0.0	0.0	1.0
21	35	76
0.9880513736715357	-0.060458782563461065	-0.14177128655867144	0.2503653572340826
0.048603374688356286	0.9951392999261719	-0.08564707380574521	0.3036864268363883
0.1462603696814404	0.07773320071090808	0.9861872573439016	1.0199422057714802
0.0	0.0	0.0	1.0
21	36	77
0.9956914188557481	0.024473341206668033	-0.08944140470537686	0.2552779440105311
-0.05840409324021485	0.9147006730690699	-0.39988953138837485	-0.1888307807138573
0.07202556271638368	0.40339035300491	0.9121888024286721	1.0011980213475984
0.0	0.0	0.0	1.0
22	23	78
0.9778360836784609	-0.11750097741174166	-0.17329202265941612	0.018431767648813078
0.07468004610215542	0.9689726330749783	-0.23561618527418704	-0.14862087272895616
0.1956002101785928	0.21745258501478515	0.9562713436556413	0.05226555495126132
0.0	0.0	0.0	1.0
22	24	79
0.9709294638316509	-0.1468023280373124	-0.18906377528543153	-0.029257766008940804
0.04433078596326034	0.8864697118386689	-0.4606583472372725	-0.3219035906874092
0.23522495335908009	0.43888553331823726	0.8672076029257075	0.05239724573413898
0.0	0.0	0.0	1.0
22	25	80
0.9879052907302591	-0.13774701947645934	-0.07119620081884827	-0.04598263659681676
0.08174598812320433	0.8528375844087754	-0.5157380174077845	-0.39541157701548674
0.1317600619633882	0.5036804177096639	0.8537828843824056	0.12513929546705374
0.0	0.0	0.0	1.0
22	26	81
0.9971964218045901	-0.05867454904275834	0.04643923836695984	-0.06385601399025839
0.07254289334075784	0.9102555092060277	-0.4076426379043249	-0.3397554451774756
-0.018353459088770167	0.4098686806187047	0.9119599963730772	0.26224130309464594
0.0	0.0	0.0	1.0
22	27	82
0.979985454994371	-0.025632600929668976	0.19741206105240697	-0.005121083867252228
0.09869823432097956	0.9237708040122157	-0.37000855380604264	-0.31307143253352565
-0.17287929534584928	0.38208725217188694	0.9078118751886953	0.3215638893889775
0.0	0.0	0.0	1.0
22	28	83
0.8799748270264804	0.06373998181517275	0.47072449583743703	0.22105994493701422
0.1285125817232418	0.9220571160604247	-0.3650961749650366	-0.3044604648148631
-0.45730619693706925	0.3817695236860462	0.80319570078331	0.39251045097515386
0.0	0.0	0.0	1.0
22	29	84
0.7250818436638767	0.1028327621102093	0.6809417412614527	0.4815196350091754
0.15640266679157996	0.9383610719846324	-0.3082480608566716	-0.27397974669942055
-0.6706673271657315	0.33000620969092687	0.6643052925509272	0.40578925199180077
0.0	0.0	0.0	1.0
22	30	85
0.6188066016894894	0.07473977798202215	0.7819797740347785	0.5908730548741542
0.12528143839426328	0.9733324530387881	-0.1921681718005106	-0.1475854436362741
-0.7754889527088695	0.2168825094528378	0.5929411189376118	0.3792739507053018
0.0	0.0	0.0	1.0
22	31	86
0.7283826536665625	-0.0436497532599678	0.6837786205519849	0.5089370618221029
0.02024060398574402	0.9989039360702897	0.042205188306958866	0.07432990859932424
-0.6848715117514471	-0.01690142243123406	0.7284679445440461	0.42977415565154664
0.0	0.0	0.0	1.0
22	32	87
0.906251786038103	-0.08215825320307725	0.4146777457884157	0.3404951314376976
-0.025021449828955374	0.9687881715886266	0.24662438471851458	0.28709266853513465
-0.42199724285419776	-0.23387961397953824	0.8759103532515206	0.49983924254691303
0.0	0.0	0.0	1.0
22	33	88
0.979847559065289	-0.1559593460078942	0.12480188386387521	0.23912385901072297
0.08402169174157707	0.888647202894336	0.45082884702485315	0.5292956307449467
-0.18121587470630462	-0.43125753024614594	0.8838427338505113	0.5964702319074513
0.0	0.0	0.0	1.0
22	34	89
0.9860094221690344	-0.16656319530496785	-0.006490376648605991	0.17740625465917803
0.1518687341313937	0.8816090613928587	0.4468796600250678	0.6269342054813527
-0.06871174643654963	-0.4416133027422063	0.894570581418358	0.7634032891012263
0.0	0.0	0.0	1.0
22	35	90
0.9952526823888589	-0.09353503928903271	0.02689310797110372	0.18556273221142444
0.0852007587166072	0.9709108371125872	0.22377002638089982	0.38581780824095513
-0.047041205266468	-0.22041640836726478	0.9742709213974107	0.921497636738013
0.0	0.0	0.0	1.0
22	36	91
0.9943315186468792	-0.028073735480520393	0.10255170175624463	0.19156335258802457
0.03979141002472278	0.9926759856380063	-0.11406659508933263	-0.07517668328958063
-0.09859835105582111	0.11750068621002209	0.988165998480631	0.9407044281894457
0.0	0.0	0.0	1.0
23	24	92
0.9994225113359171	-0.025191911158305883	-0.022804666223917008	-0.05023103983036781
0.019015549714480124	0.9708140274542818	-0.23907817370312254	-0.1654753159858966
0.028161942888102896	0.23850648960911336	0.9707326674320201	0.03658933606979309
0.0	0.0	0.0	1.0
23	25	93
0.9945325866958546	-0.04292132016170286	0.09519829869515292	-0.07566823369362016
0.06909815195067522	0.9539972489028697	-0.29174425041238683	-0.2396531231979051
-0.07829682946666289	0.29672727644294283	0.9517470364628389	0.1209387362827834
0.0	0.0	0.0	1.0
23	26	94
0.9739414323455189	0.006674781772389927	0.22670156037504197	-0.09266415641024928
0.03462032074926517	0.9834773335419439	-0.1776901880320007	-0.18494124147254065
-0.22414190106679857	0.18090832598025242	0.9576182834524584	0.24320896113137058
0.0	0.0	0.0	1.0
23	27	95
0.9270671027851883	0.0018345654773497116	0.3748911332885898	-0.04152981185894156
0.05208621603373611	0.9896593650548037	-0.1336468614370784	-0.15996232364206486
-0.371259661739991	0.1434262560837428	0.9173851026915655	0.3017753852443019
0.0	0.0	0.0	1.0
23	28	96
0.7714089104401607	0.01656851462456961	0.6361241717347377	0.17605657699291344
0.08058984581957393	0.9890679484254878	-0.12349024298975252	-0.15249546561325
-0.6312160868089122	0.14652664483964428	0.7616405555758787	0.38611426935838855
0.0	0.0	0.0	1.0
23	31	97
0.598874458412328	-0.14900910202132692	0.7868580770217912	0.4346273535661793
-0.1048939966561597	0.9594778574897416	0.261532889966456	0.2051925858048349
-0.7939437335194993	-0.23916207881261176	0.5589766711707509	0.3796482772384868
0.0	0.0	0.0	1.0
23	34	98
0.984851672465415	-0.08623072786569565	0.1504376425098725	0.1385753184184919
-0.03252779855175497	0.7603044722511154	0.648751942151151	0.7066235548921922
-0.17032065570891708	-0.6438178903181888	0.7459822569133898	0.6318687096609397
0.0	0.0	0.0	1.0
23	35	99
0.9795241005951184	-0.02264385065555341	0.20004945684578204	0.15368734222546132
-0.0695481083559362	0.8944249212689929	0.4417772055788576	0.49694023408373866
-0.1889326878790399	-0.44664450156864854	0.8745360045382998	0.8128912762066172
0.0	0.0	0.0	1.0
23	36	100
0.9578205673314188	0.022891174487786617	0.28645415157582793	0.16233946380562636
-0.05796409149384989	0.9917233622566469	0.11456451816016751	0.06729471759119293
-0.2814606139407473	-0.12633629958309345	0.951219806446499	0.8774000904019585
0.0	0.0	0.0	1.0
24	26	102
0.9680409456967606	-0.029199393540093446	0.24908657291979935	-0.05798413271237859
0.01387681280085204	0.9979139226317822	0.06305104200295851	-0.021421064542985795
-0.250408053326196	-0.05757944740378549	0.9664265494744352	0.18574178402360791
0.0	0.0	0.0	1.0
24	27	103
0.9179362068426935	-0.07021857866100033	0.39046448653766835	-0.02132719523910496
0.03017249003952803	0.993717851756212	0.1077716500241394	0.002045753896397495
-0.3955790991868232	-0.08714622195815602	0.9142880666893004	0.23403124699852942
0.0	0.0	0.0	1.0
24	28	104
0.7560394009794975	-0.12132969697163272	0.6431823472161016	0.17042250317103205
0.05844293865381908	0.9912574823867859	0.11829266813669091	0.010140576870249954
-0.6519117925497572	-0.051844411563311654	0.7565203913955071	0.31710844948926886
0.0	0.0	0.0	1.0
24	35	105
0.9749667749225736	-0.051184244046955076	0.2163790507780441	0.18627400511052394
-0.10211480706822179	0.7613786202739474	0.6402149040300712	0.594375111761869
-0.1975152506864837	-0.6462839551942582	0.7370920661026324	0.6690559949476609
0.0	0.0	0.0	1.0
24	36	106
0.9501582305391486	-0.028048377211524856	0.31050406378254614	0.19406440929335558
-0.08552663586153443	0.9342870177251357	0.3461115062472972	0.2049360340113429
-0.2998076662322307	-0.35541710037245955	0.8853213147758606	0.7711342092441159
0.0	0.0	0.0	1.0
25	26	107
0.989911579560297	0.007526397293759883	0.1414865926764583	-0.03306678077342995
-0.02469690053406305	0.9924669344319722	0.11999768042490754	0.03652542036615891
-0.13951763957488825	-0.12228148593609092	0.9826405222126792	0.08450746478511562
0.0	0.0	0.0	1.0
25	27	108
0.9576086716061533	-0.043563557179506655	0.28475948883283797	-0.013947850368464021
-0.0033989912672322594	0.9867220448333199	0.16238264387824075	0.05661314872004053
-0.28805239341372507	-0.15646704102770229	0.9447456166740118	0.12822481337438862
0.0	0.0	0.0	1.0
25	28	109
0.8270380627091192	-0.11647637157215662	0.5499468067049322	0.1442132883438325
0.025941073738516025	0.9851642477058187	0.1696419423632598	0.06504885631230417
-0.5615472085446175	-0.12603420087627254	0.8177899286117255	0.21451601357139394
0.0	0.0	0.0	1.0
25	29	110
0.653666906447975	-0.20421549953778612	0.7287082654462511	0.3396377851253125
0.04720065252809441	0.9720300333513704	0.23006468287665932	0.08375246819500348
-0.7553091053318758	-0.11599021796566113	0.6450229898359583	0.24447657481841922
0.0	0.0	0.0	1.0
26	27	111
0.9879096499504223	-0.032714879147958495	0.15153988140748267	0.007107814261145109
0.02703671199845612	0.998858495294349	0.03938022932865956	0.01769551420881963
-0.15265518167957687	-0.03480698471504343	0.987666408695687	0.04098314934564997
0.0	0.0	0.0	1.0
26	28	112
0.8956279774775856	-0.07003185558040159	0.4392563774181506	0.13926630852079672
0.057096149804321025	0.9974589233005445	0.04261054232022422	0.026903324114428185
-0.44112433421342584	-0.01308331497616321	0.8973506130910553	0.12457448770427652
0.0	0.0	0.0	1.0
26	30	113
0.6490010591337783	-0.20584603330653894	0.7324104585578672	0.37031009184945046
0.05889617868323293	0.9734053534017704	0.221389382574419	0.1288377605792169
-0.758504456763518	-0.10054575599636556	0.6438645920198893	0.12783002178548777
0.0	0.0	0.0	1.0
26	31	114
0.7606559556661051	-0.26563081327975	0.5923197223845655	0.31192930810338726
-0.03646640330292609	0.8935214016537572	0.4475372638269438	0.25821731578492246
-0.6481301191001176	-0.36202171585145604	0.6699757981044734	0.08969297412896428
0.0	0.0	0.0	1.0
26	35	115
0.9991994234259226	-0.02390511851371701	-0.03207783007609157	0.24965786234972304
0.03838587241915388	0.7987393548982166	0.6004513745210334	0.5021818712520271
0.01126806116743752	-0.6012021004314316	0.7990175380317204	0.5084200825669352
0.0	0.0	0.0	1.0
26	36	116
0.9979534683182076	0.004772895809981022	0.06376720342074538	0.24018790604352722
-0.023862153873019834	0.9529736884709571	0.3021122137810634	0.1678512738249828
-0.05932639555358542	-0.303015558964326	0.9511371252824972	0.5845374557575804
0.0	0.0	0.0	1.0
27	38	117
0.7871555068256763	-0.2012488321947178	0.5829965655413742	0.7269243850566367
0.17833578149995835	0.9791554803480284	0.09721480398103474	-0.03381119355035905
-0.5904087767312697	0.027445987245139577	0.8066375771809522	0.35168661663494766
0.0	0.0	0.0	1.0
29	32	118
0.9310296077225096	-0.06317753170931444	-0.359433427336302	0.02073095202925359
0.24941742968659325	0.8291380547019328	0.5003209324357949	0.19113545610464405
0.26641097099676675	-0.5554626063840946	0.7877097132015124	-0.1002725104747214
0.0	0.0	0.0	1.0
29	34	119
0.6933898333488239	-8.128287029984524e-05	-0.7205625452586577	0.13589970157958248
0.5050746220918254	0.713270380485485	0.4859474742439944	0.38196023389213707
0.513916580087851	-0.7008889796594643	0.4946154506652154	0.1232033461716204
0.0	0.0	0.0	1.0
30	32	120
0.8789237123910207	-0.046118632746863314	-0.4747273288554716	-0.0055919368551715426
0.24977883314764793	0.8924247864557293	0.3757506804333255	0.12870154932320604
0.40632936586313845	-0.4488330880102322	0.7958928104517567	-0.10835247211632858
0.0	0.0	0.0	1.0
30	33	121
0.6922723337327771	-0.0530265296074157	-0.7196854406980218	0.09521078683519946
0.4709494878888596	0.7888404734985747	0.3948889646205074	0.2176745416826281
0.5467774520118183	-0.6123063171777355	0.5710652021093462	-0.03356348627537973
0.0	0.0	0.0	1.0
30	34	122
0.5926249172659996	-0.037345440093239056	-0.8046122376236369	0.12689697820507123
0.5093194733197699	0.7912489046153427	0.33840626395681217	0.3144191923140556
0.624010722499019	-0.6103527991517612	0.48793451295021406	0.11955212817445468
0.0	0.0	0.0	1.0
31	38	123
0.9923300343693097	0.06186255198746415	0.1070246173688302	0.4177410454664416
-0.018768743974172167	0.9311345334725882	-0.3641924946713158	-0.21314780000395922
-0.12218420366108378	0.35939046997706364	0.9251538339210522	0.24336652343630777
0.0	0.0	0.0	1.0
41	43	124
0.9267619756999587	-0.24985182230289962	0.28051060638379655	0.17570412890746187
0.23291338258869823	0.9680644213031733	0.0927498453794733	0.038035014095955444
-0.29472604411922154	-0.0206223958054595	0.9553592207789884	0.005282377006379775
0.0	0.0	0.0	1.0
42	44	125
0.7696763900309215	-0.3897460903265356	0.5056639696123831	0.26652109930636997
0.31428512462959507	0.9207242918273062	0.2312817910232251	0.08667587951928692
-0.5557184426517031	-0.019089556070559163	0.8311513155845638	-0.03954995713612511
0.0	0.0	0.0	1.0
45	47	126
0.9823119127515053	0.09066462882902261	-0.16383920499727903	0.03824487687667597
-0.005911668402994037	0.8895452958721751	0.4568087668164359	0.22843466232430845
0.18715881602864012	-0.44776013554519206	0.8743468354349221	-0.04292172283075517
0.0	0.0	0.0	1.0
46	47	127
0.9954743792878052	0.025227900478384555	-0.09162135338654753	-0.010276555329353036
0.0032860348260239165	0.9544046384812717	0.2984977842653654	0.13333704840149088
0.09497428324303447	-0.2974479962381004	0.9500024237941047	-0.0034664288740466594
0.0	0.0	0.0	1.0
46	48	128
0.9969209624353386	0.07837780762690792	-0.0023641053373205678	-0.01602489011012693
-0.06752317593776103	0.8734035253415526	0.48229331090587	0.2226202450077091
0.039865879618258215	-0.4806487702756608	0.8760066527601856	-0.024724084398950845
0.0	0.0	0.0	1.0
46	49	129
0.9911187277522522	0.13073036579377756	0.024356966951650776	0.04086033758971529
-0.115302835575486	0.7535798643618675	0.6471650046855686	0.2644099947142756
0.06624906466154427	-0.6442258574201045	0.7619607443619347	-0.1189642059431712
0.0	0.0	0.0	1.0
47	48	130
0.9946030287631559	0.07737436977561044	0.06912265764661031	-0.015881058365788188
-0.08937181755313464	0.9773220457032606	0.19197475111963028	0.09205404048832884
-0.05270117085799228	-0.19711634223943567	0.9789626513244029	0.004410744769874306
0.0	0.0	0.0	1.0
47	49	131
0.9876995774683693	0.13529701266747574	0.07838451630708464	0.0332420969703323
-0.15506389433198192	0.9120186222170694	0.37970671847792803	0.14252682718357101
-0.020115055666734473	-0.3871908422774514	0.9217801579375263	-0.06434874999332257
0.0	0.0	0.0	1.0
48	49	132
0.9982557384608831	0.05900409231253575	-0.001986663413991559	0.04367265217936077
-0.05741382248219042	0.9780883500792832	0.20011697752619279	0.050695385426380635
0.013750749855580726	-0.19965387367850923	0.9797699339957114	-0.05007294287309144
0.0	0.0	0.0	1.0
