12	14	1
0.8247413660297734	0.2880744767492604	-0.48663598872546904	-0.1608893574995149
-0.2812871775006964	0.9554963236813969	0.08890600916831969	0.08493126436090749
0.4905904369704419	0.06355996045592842	0.8690690895135891	-0.11725057752371527
0.0	0.0	0.0	1.0
12	15	2
0.612834388304251	0.3889528645484699	-0.6878587514054604	-0.10776073946200454
-0.3015594305899583	0.9197103159463479	0.2513857749350739	0.1799022458020605
0.7304079896468564	0.053372514732804584	0.6809225701309943	-0.2244547420846945
0.0	0.0	0.0	1.0
13	15	3
0.8107361579435407	0.324488778007287	-0.4872515659451264	-0.055841268999887
-0.24391823969322704	0.9438736916322408	0.22272490326434413	0.16532878639613996
0.5321756742788047	-0.06172153223654947	0.8443812209656134	-0.14909052713532056
0.0	0.0	0.0	1.0
13	24	4
-0.3491566987575596	0.49549424969020983	-0.7953458913882586	0.06729688716292626
-0.46609326783976496	0.6444898048443959	0.6061269009966082	-0.16769898040068093
0.8129249485106933	0.5823387689373266	0.005918550563346606	0.5855199056512782
0.0	0.0	0.0	1.0
13	26	5
-0.12189965064205248	0.6058927788461216	-0.7861516952964835	0.15790385898084727
-0.4187103782952672	0.6867382963755311	0.5941987781196157	-0.15091870756805958
0.8999012950133918	0.40160252976972766	0.1699804087663933	0.7444081167772204
0.0	0.0	0.0	1.0
13	27	6
0.029643153753826316	0.6369595624194099	-0.7703271763382734	0.2808473653271773
-0.3860898648044749	0.7181509296635762	0.5789594079240707	-0.09946675543286734
0.9219849392792678	0.28025336668249323	0.26721180196041366	0.7573582235138342
0.0	0.0	0.0	1.0
13	28	7
0.31543371006450865	0.6709674392815391	-0.6710473172775064	0.6182445522047363
-0.38626112160812126	0.7366998881490041	0.5550455958874714	-0.08289655149181309
0.866778000795052	0.08411941419689115	0.49154857742581837	0.7248888500085244
0.0	0.0	0.0	1.0
13	29	8
0.5485347985806948	0.624346511029728	-0.5561485017458151	0.9360559152167583
-0.33500794295673597	0.77353620959976	0.5379698277210547	-0.019094148403185063
0.7660805445674246	-0.10878103501839259	0.6334725410635205	0.6196856221881362
0.0	0.0	0.0	1.0
13	30	9
0.6661739882392079	0.5460005939506938	-0.5080313152283013	1.0490681710369667
-0.2155257552821966	0.7930700395498002	0.5697267986346559	0.15603666995399465
0.7139755599911018	-0.27004334527200835	0.6459997657581722	0.5025315049598402
0.0	0.0	0.0	1.0
14	15	10
0.9522142399962846	0.1381057305313135	-0.27242421281341606	0.0017690073964605293
-0.10609691322555306	0.9859543639715195	0.12898621329033833	0.09421774828892882
0.28641163803506653	-0.09391904849464613	0.9534923731311215	-0.058599968570540624
0.0	0.0	0.0	1.0
14	16	11
0.7977179715256175	0.28970613172802584	-0.5288822261304895	0.133979875946652
-0.012581067954965922	0.8848449311932859	0.4657159136118941	0.20806026282592047
0.6028995767974683	-0.3648560027263695	0.7095014202890179	-0.07930234491783433
0.0	0.0	0.0	1.0
14	23	12
-0.025657825020655566	0.516641012167361	-0.8558175394668222	0.04154721851134247
-0.24350178281952922	0.827084026842643	0.5065954171168646	0.07697328266426065
0.9695610374275137	0.22139122309343615	0.10458186725794841	0.6071278507991905
0.0	0.0	0.0	1.0
14	24	13
-0.04161924848013176	0.49045807756720966	-0.8704703758563612	-0.02449226143479665
-0.4686837262404457	0.75983917870254	0.45053285438635704	-0.23510953146296937
0.882385242463456	0.426726215071846	0.19824584488783623	0.6454768483262466
0.0	0.0	0.0	1.0
14	27	14
0.33924659064355916	0.5634758326581608	-0.7532640896252601	0.22473531235236172
-0.3718990284157347	0.8158530861075436	0.44280356327516623	-0.16276167194950455
0.8640620182648114	0.12991860795102836	0.4863314612739665	0.8543605842793408
0.0	0.0	0.0	1.0
14	28	15
0.5929340741866477	0.5530773424988685	-0.585264688390505	0.5955904881371613
-0.36263889703906094	0.8323386651837733	0.41917224613420717	-0.14798972548236555
0.7189731398675656	-0.03630173637505444	0.6940893165274602	0.8335807884998101
0.0	0.0	0.0	1.0
14	29	16
0.777299325178939	0.4741093034090426	-0.4135531055613455	0.945810080810065
-0.302695037902715	0.8580878882869634	0.4148023827887397	-0.08098079002004703
0.5515265749777503	-0.19724513691821144	0.8105016637757523	0.7321096678286136
0.0	0.0	0.0	1.0
14	30	17
0.8622892127512641	0.37974742511494886	-0.33503636003526266	1.0778178427169036
-0.1932221340912699	0.8582449565279099	0.4754796211509634	0.10753403444519169
0.4681054557237873	-0.3452644853751677	0.8134309367947744	0.6182260055062796
0.0	0.0	0.0	1.0
15	21	18
0.594795323084669	0.38096828844980185	-0.7078712670627774	0.05137469578495338
0.19940356241129956	0.7831292299720123	0.5890218601008367	0.503284240687164
0.7787534021545525	-0.49149962706447226	0.3898351523738469	0.29135098143977345
0.0	0.0	0.0	1.0
15	22	19
0.4357573870944688	0.4857363943769583	-0.757743778717844	0.05704215232153632
-0.07941340717276774	0.859342996185633	0.5051959733711927	0.2853142705822715
0.8965539854675962	-0.15996786853401382	0.41303891299917667	0.511129441173934
0.0	0.0	0.0	1.0
15	23	20
0.2800647962277709	0.40171808709268964	-0.8718865783394403	-0.047889717885248956
-0.25564966644032633	0.9066456810045268	0.33561407915742836	0.01167038874542351
0.9253144701709209	0.12890380818169106	0.3566186042856831	0.6142437751074709
0.0	0.0	0.0	1.0
15	24	21
0.26524187802294724	0.37570635368273353	-0.8879704020296679	-0.11239472059121002
-0.46408518986786845	0.8570051482628953	0.22397972866020385	-0.3019084516109289
0.8451460481263763	0.3526851780798343	0.4016734448532598	0.634290626626482
0.0	0.0	0.0	1.0
15	25	22
0.3775947507356485	0.3728787219654061	-0.8475751289925754	-0.06532205724878264
-0.4944922951169764	0.855088517937983	0.1558877295449655	-0.41103076121834553
0.7828788899451096	0.3602570684901587	0.507262506159218	0.7127559525551191
0.0	0.0	0.0	1.0
15	27	23
0.606062043549364	0.4224078187384361	-0.6739885054226464	0.14436916533876304
-0.3620839458666985	0.9009667746708188	0.23906938661323696	-0.2329987450220358
0.7082260742003467	0.09914950779820098	0.6989887819268259	0.8847268043990845
0.0	0.0	0.0	1.0
15	28	24
0.800423645005172	0.4069095123063354	-0.44016673436906767	0.5300426779821718
-0.3445518211176486	0.9131902197670492	0.21764100571651016	-0.22066518093361964
0.490516134537676	-0.022544801159712	0.8711404309973605	0.8858859841075921
0.0	0.0	0.0	1.0
15	29	25
0.918294501615653	0.33163845532188607	-0.21622012212245473	0.900268890177437
-0.2827258599425918	0.9316542678165038	0.22822464340836882	-0.1548850562493264
0.2771303980086538	-0.1484465060334851	0.9492957390073387	0.8012344181145643
0.0	0.0	0.0	1.0
15	30	26
0.9648012904140619	0.23971235457757809	-0.1081505419179011	1.0471883254554342
-0.19499247446928683	0.9280209134900587	0.31741947270110377	0.039043707864676126
0.17645530454625893	-0.285158269237132	0.9420978550882817	0.6999877294994303
0.0	0.0	0.0	1.0
15	38	27
0.9628274152056852	0.2089859519189069	-0.1711381392347764	1.4032488550069036
-0.1776038727899345	0.9671557834622492	0.18184189066921458	-0.15019846424240893
0.20351966347418393	-0.14468764218814947	0.9683208418833315	0.9737088348817584
0.0	0.0	0.0	1.0
15	39	28
0.9711669181299112	0.18107124239220018	-0.15507476303269188	1.4695907119648346
-0.17732633510806872	0.9834271226113037	0.037768255492771394	-0.33832500467177423
0.15934351077142767	-0.009180501799881691	0.9871805218466603	0.9307534958063367
0.0	0.0	0.0	1.0
16	18	29
0.9325681053856871	-0.010692730873929907	-0.3608358398594199	-0.008081128411816149
0.19188790333961508	0.8613358702049212	0.4704035989944785	0.3001592941725054
0.3057708847159484	-0.5079234237118003	0.8053061525902174	0.07881744301492165
0.0	0.0	0.0	1.0
16	19	30
0.8823472360345438	0.10253708681178714	-0.45929249233157005	-0.03913166892211155
0.23821452683189417	0.7443825590852813	0.6238175303532343	0.40546456518910834
0.40585379394532844	-0.6598338349279694	0.6323781068043053	0.03585068863437497
0.0	0.0	0.0	1.0
16	20	31
0.8645552714143787	0.12182873883735576	-0.48754687455463674	-0.05094036991002786
0.23447726218897716	0.760298907541957	0.6057771352774013	0.4446319147588765
0.44448247313217226	-0.6380464927523407	0.6287544108657237	0.07228504593197228
0.0	0.0	0.0	1.0
16	21	32
0.826385900694875	0.09289601154885975	-0.555388854605997	-0.04428858612901773
0.11367675376628274	0.9384700776701081	0.3261156707198973	0.3582780062624963
0.5515107151551716	-0.33263222333514203	0.7649783429788802	0.27955707316586675
0.0	0.0	0.0	1.0
16	22	33
0.70532731858209	0.1755568787078223	-0.6867992291562997	-0.03750910501017928
-0.11391899116708008	0.9843273681453015	0.13461761957085894	0.15767361590526213
0.6996684619760255	-0.01670999458808922	0.7142721630039787	0.43981822167576984
0.0	0.0	0.0	1.0
16	23	34
0.5818331327548042	0.05890213164906925	-0.8111724382442754	-0.11298978191419856
-0.22256372212703934	0.9708340226957649	-0.0891434910969961	-0.10226892725551393
0.7822630928950919	0.23240420410031304	0.5779728768423882	0.49980086330101
0.0	0.0	0.0	1.0
16	25	35
0.6626748548934042	0.039035096278800675	-0.747889232374418	-0.1360705369621723
-0.4003423440597033	0.8624404249180387	-0.3097134253732077	-0.49083878782139895
0.6329201637220406	0.5046510977896879	0.587144897430086	0.5751234760939558
0.0	0.0	0.0	1.0
16	29	36
0.9761388888291586	0.2171356745571147	0.0022351807561069815	0.7700270631360694
-0.21225351973043574	0.95626287178885	-0.20127030635179294	-0.26746460146840884
-0.045840499695643695	0.19599334340477786	0.979533231915276	0.7751522279660659
0.0	0.0	0.0	1.0
16	38	37
0.9882172404130951	0.11796857322817418	0.09752001274031467	1.2854587492768959
-0.09428224803054158	0.9710898523555823	-0.21930610043277793	-0.2768501097552988
-0.12057196653478909	0.20752768100292565	0.9707701901166667	0.953653453637441
0.0	0.0	0.0	1.0
16	39	38
0.9875130329912789	0.0975025787110461	0.12373942190953272	1.3546757549115804
-0.04820280591160359	0.9347951498511029	-0.35190107588940267	-0.46413772486354826
-0.1499822730411108	0.34154230160071947	0.9278223376789688	0.8949333742381763
0.0	0.0	0.0	1.0
17	18	39
0.9757434934786847	-0.06160724377591616	-0.21006956435976873	-0.026463148644404688
0.10648899528690953	0.9719768442346397	0.20957413194743796	0.10588174148755658
0.1912714060736438	-0.22686074340316717	0.9549604705805923	0.054711364425593434
0.0	0.0	0.0	1.0
17	19	40
0.9388532114792841	0.014094803254961943	-0.3440290672509175	-0.0616933216540414
0.13145606393744846	0.9088026199055876	0.3959762001943598	0.2104592176714688
0.3182357486920682	-0.4169883160249194	0.8513793882575219	0.04710445589683365
0.0	0.0	0.0	1.0
17	20	41
0.9251338056854473	0.0230346366315679	-0.3789416618983378	-0.07244761342903128
0.13017717238734708	0.9183955241389987	0.37363579302276617	0.24927134847950394
0.3566249184966326	-0.3949927347358593	0.846640157713513	0.07815450509922117
0.0	0.0	0.0	1.0
17	21	42
0.8978861101939498	-0.02695178471090558	-0.4394020544238961	-0.05188860448243182
0.04927372787678232	0.998005103352424	0.039472341293525566	0.17191574437517432
0.4374616500788585	-0.057092688796595174	0.8974228983668991	0.21731473179265803
0.0	0.0	0.0	1.0
17	22	43
0.7963074541160833	0.005607811640837633	-0.6048660547374788	-0.036743674458327324
-0.14818170072360662	0.9712969613722251	-0.18607642380179654	-0.0017799267348041908
0.5864611531231387	0.23780413809866757	0.7742818650378189	0.324767183386645
0.0	0.0	0.0	1.0
17	29	44
0.9614960221640504	0.2658780356467032	0.0695286946441424	0.6758420085193007
-0.1952788433477155	0.8390016701515425	-0.5078804199767588	-0.3815056512381433
-0.1933690253603135	0.47474760019180967	0.8586170657632183	0.6455892464052695
0.0	0.0	0.0	1.0
17	31	45
0.9874942295276314	0.12429314552882215	0.09698563351791473	0.7043202076278661
-0.10714983687446233	0.9803824317311051	-0.16543661450727412	0.08551508617806525
-0.11564565762837535	0.15297576099840107	0.9814400042801888	0.6915514603332147
0.0	0.0	0.0	1.0
17	32	46
0.977021791185846	0.023894111553388164	-0.2117957700790969	0.44201610406794045
-0.018845824868200006	0.9994889909418658	0.025822775814815173	0.36638321206391855
0.21230452466321842	-0.021237932829436347	0.9769727914862915	0.8002282487469343
0.0	0.0	0.0	1.0
17	33	47
0.876561693039078	-0.11630963390175558	-0.4670243345339995	0.24392983570734972
0.19961945106047357	0.9708204711209881	0.13289043775510903	0.6710411059091943
0.437940351322418	-0.20971389365056375	0.8742015905211001	0.8909395506984232
0.0	0.0	0.0	1.0
17	34	48
0.8060419164865973	-0.1577964087854061	-0.570435526338297	0.1393652721198546
0.2523734356710434	0.9634256860903312	0.09010391322440316	0.7649167018085619
0.535354229118397	-0.21659039550397	0.8163850052473399	1.05724129487588
0.0	0.0	0.0	1.0
17	35	49
0.8221590740261718	-0.07887381750353133	-0.5637670520558486	0.1578939946475858
0.055207207873793816	0.9967339739131847	-0.05893758982010762	0.45363226891884667
0.5665744638720246	0.017332070835309812	0.8238282313275433	1.2400297436760153
0.0	0.0	0.0	1.0
17	36	50
0.8560962032969505	0.0026953089452180427	-0.5168095995854634	0.188383374642757
-0.18230584629576624	0.9372808028786477	-0.2971017665798214	-0.1154507507549386
0.4835949175179319	0.34856510206122315	0.8028937003930788	1.2650421334054833
0.0	0.0	0.0	1.0
18	20	51
0.9808782562328786	0.04148932595875396	-0.19014827208922996	-0.040480172960745284
-0.00804977342066659	0.9848258245095449	0.1733587603217057	0.13529854492574386
0.1944555517242726	-0.16851317270527214	0.9663283256970235	0.048273733449501054
0.0	0.0	0.0	1.0
18	21	52
0.9700719061591194	-0.02266882292701258	-0.24175730820757235	-0.010590359734065719
-0.021697750833413264	0.983557122793958	-0.17928891433360164	0.07700994598428498
0.24184647138870494	0.1791687459986886	0.9536293646636658	0.15256967311362993
0.0	0.0	0.0	1.0
18	22	53
0.903710232813513	-0.036515645101229406	-0.4265844689368308	0.01437670075957698
-0.16533725925115014	0.8893014083828679	-0.42638761820061516	-0.07698779696502571
0.3949321626749473	0.45586119806538317	0.7976334110106514	0.24331131782523513
0.0	0.0	0.0	1.0
19	21	54
0.9937704455435715	-0.08045405567685536	-0.07711984178903539	0.029985378068800222
0.04674784285567355	0.9290970140993549	-0.36686975453692283	-0.0034560561290735373
0.10116796633990315	0.360979165055852	0.9270702018635182	0.10391557917928874
0.0	0.0	0.0	1.0
20	21	55
0.9965517821817058	-0.0720444928595672	-0.041161128935600096	0.04148474104504402
0.0536157347550461	0.9377258560025471	-0.34321354151770206	-0.031124421523878124
0.06332449320810447	0.3398231817467736	0.9383550683540804	0.06385756869249908
0.0	0.0	0.0	1.0
20	22	56
0.9660291400050676	-0.11718840600264305	-0.2303358542530335	0.08045631183286846
-0.0442023400583856	0.803219942477453	-0.5940401569668576	-0.15877505273517167
0.2546250858997401	0.5840414899975723	0.7707537931327888	0.13739144466563477
0.0	0.0	0.0	1.0
20	30	57
0.7935932033127716	0.4442241532708302	0.41578210032875246	0.7362304113600431
0.029071110859623734	0.6548843194856321	-0.7551697176533269	-0.3184489207059228
-0.6077539571613522	0.6113848855928357	0.506797606952822	0.36391043683259877
0.0	0.0	0.0	1.0
20	31	58
0.8796754797476353	0.27893672992988006	0.3851820309762853	0.6684158172302811
-0.013854378508233222	0.8246171790176837	-0.5655213788101885	-0.07684400782075719
-0.4753725421347099	0.4921389449727433	0.7292600197798194	0.4774406642905355
0.0	0.0	0.0	1.0
20	32	59
0.9846845771832163	0.06999565886442356	0.15967746781763084	0.483426629234264
-0.004197398721125429	0.9251210763983195	-0.37964906049630553	0.16514419372897124
-0.17429485843196252	0.3731644019576181	0.9112462052378898	0.6233636876733913
0.0	0.0	0.0	1.0
20	33	60
0.9852327532667184	-0.16720695229536214	-0.0368563847938755	0.35986792036716353
0.15667945066040212	0.9672355386169798	-0.199767288140504	0.45690067333403983
0.06905130843542988	0.19104257806350913	0.9791499439133827	0.7717955785042029
0.0	0.0	0.0	1.0
20	34	61
0.9582237044232543	-0.25312640188779056	-0.13317057829375356	0.2822912763528382
0.22152721091709662	0.951324987195725	-0.21425780678548706	0.5605728578869402
0.18092290320080112	0.17580594369225658	0.9676564833455167	0.9508984390309019
0.0	0.0	0.0	1.0
20	35	62
0.9724252203971276	-0.17605459344625932	-0.15295084239664478	0.2841829875733272
0.09636734687138433	0.90056138525639	-0.423913218998678	0.2692603763045091
0.21237356301916357	0.39748446960603084	0.8926944822307367	1.0865658989570464
0.0	0.0	0.0	1.0
20	36	63
0.9879063825096446	-0.07917906121070212	-0.1333111604059026	0.2901107154497929
-0.03448315645210446	0.7260544320145899	-0.6867720475804536	-0.24525916193471936
0.15116916668101144	0.6830634201309623	0.7145433009122638	1.0498808508915372
0.0	0.0	0.0	1.0
21	22	64
0.9806216243887398	0.02095821972522756	-0.1947868376086388	0.05286640401003752
-0.07746605688001469	0.9547128249974121	-0.28726692764106315	-0.10750234146132939
0.17994502240067295	0.2967895953626327	0.9378355498785328	0.07927597843033027
0.0	0.0	0.0	1.0
21	23	65
0.9368065092630247	-0.14311725587239202	-0.31923487302380726	0.06902017880623508
-0.04422758072796694	0.8567273283950794	-0.5138697159613259	-0.26751832286728544
0.347040869871885	0.49551558906611787	0.7962579790292941	0.1150389138277345
0.0	0.0	0.0	1.0
21	25	66
0.9666206074327621	-0.13193440158088715	-0.2196311125056809	0.015408346867449229
-0.0787085702579077	0.6628625523560301	-0.7445925223125409	-0.5236575941938922
0.2438226103599555	0.7370254876005035	0.6303520889502638	0.14564261289574218
0.0	0.0	0.0	1.0
21	26	67
0.9907741707264242	-0.021335199990790844	-0.13383311139391024	-0.0011486512267869968
-0.07273003875499097	0.749568885005503	-0.6579184617557321	-0.4660911968320272
0.11435395258494375	0.6615824684336188	0.741101800303219	0.28950567363096397
0.0	0.0	0.0	1.0
21	27	68
0.9985039030237569	0.054656823367150796	0.0016151796654375464	0.06509282254410988
-0.04135645628663671	0.7741896842652157	-0.6316010931724947	-0.4364938950311823
-0.03577174001867661	0.6305894767613657	0.7752918293600459	0.34331675094511416
0.0	0.0	0.0	1.0
21	28	69
0.9426891891910953	0.21900221652840954	0.25174426391935883	0.29804597524406656
-0.011103151738006665	0.7746364029719085	-0.6323092462339335	-0.4257330917321609
-0.3334874569508083	0.593276063731591	0.7326729514881115	0.39096728491634125
0.0	0.0	0.0	1.0
21	29	70
0.8255969636345402	0.3154686052693185	0.46783452138420806	0.5627796166314555
0.02521300077571901	0.8076584541053099	-0.5891112726773974	-0.39102395172876764
-0.563696732851427	0.4981640664888878	0.6588464171123847	0.387520453343464
0.0	0.0	0.0	1.0
21	30	71
0.74173870699443	0.31640757002007003	0.5913627839478819	0.6775445861618048
0.012873754474333938	0.8748451378654316	-0.4842315416233563	-0.26083208730524093
-0.6705654663849389	0.3667864001902479	0.6448331288734427	0.36196721026583917
0.0	0.0	0.0	1.0
21	31	72
0.8406917144762492	0.17653100456556717	0.5119316754351391	0.6063436524246869
-0.04993816161486174	0.9666166664922312	-0.2513131419815652	-0.028638705310573463
-0.539206347200714	0.18571201411324262	0.8214423109772468	0.45313437018315533
0.0	0.0	0.0	1.0
21	32	73
0.9696737707006305	0.06362792642423652	0.23597496124233103	0.43011155906405346
-0.05520594394807622	0.9975856384252624	-0.04213383704675947	0.2011742383278113
-0.23808618215881175	0.027828901404571806	0.9708452543468533	0.5721109722252743
0.0	0.0	0.0	1.0
21	33	74
0.9953987383802938	-0.09132062675937352	-0.029015801824920133	0.3175846383460129
0.0946779000505936	0.9839651376648135	0.15115804829350818	0.473945745424906
0.014746715489862295	-0.15320972977880262	0.9880836292012476	0.7033186323939941
0.0	0.0	0.0	1.0
21	34	75
0.9786372442201905	-0.1402812928685291	-0.15030046577645523	0.24692441192600814
0.16104475749560923	0.9774956093196415	0.136260474789212	0.5756146805788529
0.12780334013631164	-0.1575547188145008	0.9792051336087629	0.8781630919957273
0.0	0.0	0.0	1.0
21	35	76
0.9880513736715361	-0.06045878256346108	-0.14177128655867144	0.25036535723408243
0.04860337468835597	0.9951392999261721	-0.08564707380574517	0.3036864268363884
0.14626036968143952	0.07773320071090813	0.9861872573439018	1.0199422057714806
0.0	0.0	0.0	1.0
21	36	77
0.995691418855748	0.024473341206668043	-0.08944140470537687	0.2552779440105311
-0.05840409324021485	0.9147006730690699	-0.39988953138837485	-0.18883078071385734
0.07202556271638366	0.40339035300491	0.912188802428672	1.001198021347598
0.0	0.0	0.0	1.0
22	23	78
0.977836083678461	-0.11750097741174165	-0.173292022659416	0.018431767648812634
0.07468004610215542	0.9689726330749784	-0.23561618527418707	-0.14862087272895616
0.19560021017859286	0.21745258501478512	0.9562713436556413	0.05226555495126132
0.0	0.0	0.0	1.0
22	24	79
0.9709294638316509	-0.14680232803731239	-0.18906377528543158	-0.029257766008940804
0.04433078596326035	0.886469711838669	-0.46065834723727267	-0.32190359068740965
0.23522495335908009	0.4388855333182372	0.8672076029257076	0.052397245734139425
0.0	0.0	0.0	1.0
22	25	80
0.987905290730259	-0.13774701947645934	-0.07119620081884825	-0.04598263659681671
0.08174598812320433	0.8528375844087756	-0.5157380174077845	-0.39541157701548674
0.13176006196338821	0.5036804177096638	0.8537828843824055	0.12513929546705374
0.0	0.0	0.0	1.0
22	26	81
0.99719642180459	-0.05867454904275834	0.04643923836695985	-0.0638560139902585
0.07254289334075782	0.9102555092060277	-0.4076426379043248	-0.339755445177476
-0.018353459088770147	0.4098686806187048	0.9119599963730771	0.2622413030946464
0.0	0.0	0.0	1.0
22	27	82
0.979985454994371	-0.025632600929668955	0.197412061052407	-0.00512108386725245
0.09869823432097956	0.9237708040122156	-0.37000855380604275	-0.31307143253352565
-0.17287929534584928	0.382087252171887	0.9078118751886955	0.32156388938897706
0.0	0.0	0.0	1.0
22	28	83
0.8799748270264803	0.06373998181517275	0.470724495837437	0.22105994493701556
0.12851258172324176	0.9220571160604247	-0.3650961749650366	-0.30446046481486355
-0.4573061969370693	0.38176952368604616	0.80319570078331	0.3925104509751543
0.0	0.0	0.0	1.0
22	29	84
0.725081843663877	0.10283276211020932	0.6809417412614529	0.4815196350091754
0.15640266679157988	0.9383610719846323	-0.30824806085667167	-0.27397974669942055
-0.6706673271657313	0.33000620969092687	0.6643052925509274	0.40578925199180077
0.0	0.0	0.0	1.0
22	30	85
0.6188066016894902	0.07473977798202197	0.7819797740347781	0.5908730548741533
0.12528143839426317	0.9733324530387886	-0.19216817180051057	-0.1475854436362741
-0.7754889527088691	0.2168825094528377	0.5929411189376115	0.3792739507053011
0.0	0.0	0.0	1.0
22	31	86
0.7283826536665629	-0.04364975325996782	0.6837786205519853	0.5089370618221024
0.02024060398574405	0.9989039360702899	0.04220518830695891	0.07432990859932438
-0.684871511751447	-0.016901422431234072	0.7284679445440465	0.4297741556515471
0.0	0.0	0.0	1.0
22	32	87
0.9062517860381031	-0.08215825320307722	0.4146777457884158	0.3404951314376976
-0.025021449828955347	0.9687881715886266	0.24662438471851458	0.28709266853513465
-0.42199724285419765	-0.2338796139795382	0.8759103532515206	0.49983924254691303
0.0	0.0	0.0	1.0
22	33	88
0.9798475590652889	-0.15595934600789418	0.12480188386387515	0.2391238590107232
0.08402169174157718	0.8886472028943359	0.45082884702485326	0.5292956307449467
-0.18121587470630446	-0.431257530246146	0.8838427338505115	0.5964702319074513
0.0	0.0	0.0	1.0
22	34	89
0.9860094221690344	-0.16656319530496785	-0.006490376648606019	0.17740625465917825
0.1518687341313936	0.8816090613928587	0.4468796600250678	0.6269342054813534
-0.06871174643654981	-0.44161330274220617	0.894570581418358	0.7634032891012263
0.0	0.0	0.0	1.0
22	35	90
0.9952526823888592	-0.09353503928903276	0.026893107971103763	0.18556273221142422
0.08520075871660689	0.9709108371125873	0.2237700263808999	0.38581780824095524
-0.047041205266468926	-0.22041640836726473	0.9742709213974107	0.9214976367380134
0.0	0.0	0.0	1.0
22	36	91
0.9943315186468791	-0.028073735480520366	0.10255170175624462	0.19156335258802445
0.03979141002472278	0.9926759856380063	-0.11406659508933262	-0.07517668328958063
-0.0985983510558211	0.11750068621002208	0.9881659984806309	0.9407044281894452
0.0	0.0	0.0	1.0
23	24	92
0.9994225113359171	-0.02519191115830585	-0.02280466622391706	-0.05023103983036781
0.019015549714480155	0.9708140274542819	-0.23907817370312268	-0.16547531598589682
0.028161942888102864	0.23850648960911328	0.9707326674320202	0.03658933606979353
0.0	0.0	0.0	1.0
23	25	93
0.9945325866958545	-0.04292132016170285	0.0951982986951529	-0.07566823369362011
0.0690981519506752	0.9539972489028697	-0.2917442504123867	-0.2396531231979051
-0.07829682946666285	0.2967272764429428	0.9517470364628388	0.12093873628278295
0.0	0.0	0.0	1.0
23	26	94
0.9739414323455188	0.006674781772389932	0.22670156037504197	-0.09266415641024928
0.03462032074926513	0.9834773335419439	-0.17769018803200062	-0.18494124147254087
-0.22414190106679854	0.18090832598025255	0.9576182834524583	0.24320896113137103
0.0	0.0	0.0	1.0
23	27	95
0.9270671027851883	0.0018345654773497195	0.37489113328858986	-0.04152981185894156
0.052086216033736144	0.9896593650548037	-0.13364686143707855	-0.15996232364206464
-0.37125966173999103	0.14342625608374282	0.9173851026915657	0.3017753852443019
0.0	0.0	0.0	1.0
23	28	96
0.7714089104401606	0.016568514624569607	0.6361241717347376	0.17605657699291455
0.08058984581957393	0.9890679484254878	-0.12349024298975252	-0.15249546561325045
-0.6312160868089123	0.14652664483964423	0.7616405555758787	0.386114269358389
0.0	0.0	0.0	1.0
23	31	97
0.5988744584123282	-0.14900910202132703	0.7868580770217917	0.4346273535661789
-0.1048939966561597	0.9594778574897418	0.26153288996645613	0.20519258580483504
-0.7939437335194993	-0.2391620788126119	0.5589766711707513	0.37964827723848726
0.0	0.0	0.0	1.0
23	34	98
0.984851672465415	-0.08623072786569565	0.15043764250987246	0.13857531841849208
-0.03252779855175507	0.7603044722511154	0.648751942151151	0.7066235548921926
-0.17032065570891727	-0.6438178903181887	0.7459822569133898	0.6318687096609401
0.0	0.0	0.0	1.0
23	35	99
0.9795241005951187	-0.022643850655553424	0.20004945684578218	0.1536873422254611
-0.06954810835593653	0.894424921268993	0.44177720557885763	0.4969402340837388
-0.1889326878790408	-0.4466445015686486	0.8745360045382997	0.8128912762066176
0.0	0.0	0.0	1.0
23	36	100
0.9578205673314187	0.022891174487786634	0.2864541515758279	0.16233946380562636
-0.05796409149384989	0.9917233622566469	0.11456451816016751	0.06729471759119293
-0.2814606139407473	-0.12633629958309345	0.9512198064464988	0.8774000904019581
0.0	0.0	0.0	1.0
24	26	101
0.9680409456967605	-0.02919939354009344	0.24908657291979938	-0.05798413271237859
0.013876812800852008	0.9979139226317822	0.06305104200295861	-0.021421064542986017
-0.2504080533261959	-0.05757944740378534	0.9664265494744351	0.18574178402360836
0.0	0.0	0.0	1.0
24	27	102
0.9179362068426935	-0.07021857866100033	0.3904644865376684	-0.021327195239105184
0.03017249003952807	0.9937178517562119	0.1077716500241393	0.002045753896397495
-0.39557909918682327	-0.08714622195815605	0.9142880666893006	0.23403124699852942
0.0	0.0	0.0	1.0
24	28	103
0.7560394009794975	-0.12132969697163269	0.6431823472161015	0.17042250317103316
0.058442938653819075	0.9912574823867859	0.11829266813669091	0.01014057687024951
-0.6519117925497572	-0.05184441156331171	0.756520391395507	0.3171084494892693
0.0	0.0	0.0	1.0
24	35	104
0.9749667749225739	-0.0511842440469551	0.21637905077804417	0.18627400511052383
-0.10211480706822214	0.7613786202739475	0.6402149040300712	0.5943751117618691
-0.1975152506864846	-0.6462839551942582	0.7370920661026322	0.6690559949476613
0.0	0.0	0.0	1.0
24	36	105
0.9501582305391486	-0.02804837721152482	0.31050406378254614	0.1940644092933557
-0.08552663586153443	0.9342870177251357	0.3461115062472972	0.2049360340113429
-0.29980766623223065	-0.3554171003724595	0.8853213147758605	0.7711342092441155
0.0	0.0	0.0	1.0
25	26	106
0.9899115795602969	0.007526397293759884	0.14148659267645827	-0.03306678077342995
-0.02469690053406307	0.9924669344319721	0.11999768042490763	0.03652542036615847
-0.13951763957488822	-0.12228148593609081	0.9826405222126791	0.08450746478511606
0.0	0.0	0.0	1.0
25	27	107
0.9576086716061533	-0.043563557179506655	0.284759488832838	-0.013947850368464243
-0.003398991267232233	0.9867220448333198	0.16238264387824058	0.05661314872004053
-0.2880523934137251	-0.1564670410277023	0.944745616674012	0.12822481337438818
0.0	0.0	0.0	1.0
25	28	108
0.8270380627091191	-0.11647637157215662	0.5499468067049321	0.1442132883438334
0.025941073738516025	0.9851642477058187	0.1696419423632598	0.06504885631230373
-0.5615472085446176	-0.1260342008762726	0.8177899286117255	0.21451601357139438
0.0	0.0	0.0	1.0
25	29	109
0.6536669064479752	-0.2042154995377862	0.7287082654462513	0.3396377851253125
0.04720065252809434	0.9720300333513703	0.23006468287665918	0.08375246819500348
-0.7553091053318756	-0.11599021796566122	0.6450229898359585	0.24447657481841922
0.0	0.0	0.0	1.0
26	27	110
0.9879096499504223	-0.032714879147958495	0.1515398814074827	0.007107814261144887
0.027036711998456132	0.9988584952943489	0.03938022932865945	0.017695514208819853
-0.15265518167957687	-0.03480698471504351	0.9876664086956872	0.040983149345649526
0.0	0.0	0.0	1.0
26	28	111
0.8956279774775855	-0.07003185558040158	0.43925637741815055	0.1392663085207976
0.057096149804321025	0.9974589233005445	0.04261054232022422	0.02690332411442774
-0.4411243342134259	-0.013083314976163265	0.8973506130910552	0.12457448770427697
0.0	0.0	0.0	1.0
26	30	112
0.649001059133779	-0.2058460333065389	0.7324104585578669	0.37031009184945
0.05889617868323282	0.9734053534017706	0.22138938257441912	0.128837760579217
-0.7585044567635176	-0.10054575599636549	0.643864592019889	0.12783002178548733
0.0	0.0	0.0	1.0
26	31	113
0.7606559556661054	-0.2656308132797502	0.592319722384566	0.3119293081033868
-0.03646640330292607	0.8935214016537574	0.4475372638269439	0.2582173157849226
-0.6481301191001175	-0.3620217158514562	0.6699757981044737	0.08969297412896428
0.0	0.0	0.0	1.0
26	35	114
0.9991994234259229	-0.023905118513717034	-0.032077830076091544	0.24965786234972287
0.038385872419153554	0.7987393548982166	0.6004513745210335	0.5021818712520272
0.011268061167436613	-0.6012021004314316	0.7990175380317205	0.5084200825669356
0.0	0.0	0.0	1.0
26	36	115
0.9979534683182075	0.004772895809981046	0.06376720342074538	0.24018790604352722
-0.023862153873019834	0.9529736884709571	0.3021122137810634	0.1678512738249828
-0.05932639555358541	-0.30301555896432597	0.951137125282497	0.58453745575758
0.0	0.0	0.0	1.0
27	38	116
0.7871555068256757	-0.20124883219471779	0.5829965655413741	0.7269243850566363
0.17833578149995838	0.9791554803480282	0.09721480398103477	-0.03381119355035905
-0.59040877673127	0.027445987245139615	0.806637577180952	0.3516866166349481
0.0	0.0	0.0	1.0
29	32	117
0.9310296077225099	-0.06317753170931445	-0.3594334273363019	0.02073095202925359
0.24941742968659328	0.8291380547019328	0.5003209324357949	0.19113545610464405
0.2664109709967668	-0.5554626063840946	0.7877097132015124	-0.1002725104747214
0.0	0.0	0.0	1.0
29	34	118
0.6933898333488238	-8.128287029983891e-05	-0.7205625452586577	0.1358997015795827
0.5050746220918253	0.713270380485485	0.4859474742439945	0.38196023389213773
0.5139165800878509	-0.7008889796594643	0.49461545066521556	0.1232033461716204
0.0	0.0	0.0	1.0
30	32	119
0.878923712391021	-0.046118632746863314	-0.47472732885547164	-0.0055919368551715426
0.24977883314764796	0.8924247864557293	0.3757506804333255	0.12870154932320604
0.4063293658631385	-0.44883308801023214	0.7958928104517566	-0.10835247211632858
0.0	0.0	0.0	1.0
30	33	120
0.692272333732777	-0.053026529607415676	-0.7196854406980217	0.09521078683519968
0.4709494878888597	0.7888404734985747	0.3948889646205074	0.2176745416826281
0.5467774520118185	-0.6123063171777356	0.5710652021093462	-0.03356348627537973
0.0	0.0	0.0	1.0
30	34	121
0.5926249172659995	-0.037345440093239056	-0.804612237623637	0.12689697820507145
0.5093194733197699	0.7912489046153427	0.3384062639568123	0.31441919231405624
0.6240107224990188	-0.6103527991517611	0.4879345129502142	0.11955212817445468
0.0	0.0	0.0	1.0
31	38	122
0.9923300343693091	0.0618625519874641	0.10702461736883037	0.4177410454664416
-0.018768743974172077	0.9311345334725881	-0.36419249467131576	-0.21314780000395933
-0.12218420366108414	0.35939046997706364	0.9251538339210522	0.24336652343630866
0.0	0.0	0.0	1.0
41	43	123
0.9267619756999588	-0.24985182230289957	0.2805106063837965	0.17570412890746276
0.23291338258869815	0.9680644213031733	0.09274984537947337	0.038035014095955375
-0.29472604411922154	-0.020622395805459402	0.9553592207789884	0.005282377006379941
0.0	0.0	0.0	1.0
42	44	124
0.7696763900309214	-0.38974609032653496	0.505663969612383	0.26652109930636997
0.31428512462959507	0.9207242918273064	0.2312817910232251	0.08667587951928692
-0.5557184426517031	-0.01908955607055923	0.8311513155845638	-0.03954995713612533
0.0	0.0	0.0	1.0
45	47	125
0.9823119127515054	0.09066462882902245	-0.16383920499727864	0.03824487687667686
-0.005911668402994037	0.8895452958721751	0.4568087668164359	0.22843466232430845
0.18715881602864007	-0.447760135545192	0.8743468354349219	-0.04292172283075561
0.0	0.0	0.0	1.0
46	47	126
0.9954743792878052	0.025227900478384444	-0.09162135338654712	-0.010276555329352148
0.0032860348260239165	0.9544046384812717	0.2984977842653654	0.13333704840149088
0.09497428324303447	-0.29744799623810037	0.9500024237941046	-0.0034664288740466594
0.0	0.0	0.0	1.0
46	48	127
0.996920962435339	0.07837780762690767	-0.0023641053373201263	-0.01602489011012604
-0.06752317593776105	0.8734035253415527	0.48229331090587	0.2226202450077091
0.03986587961825808	-0.4806487702756607	0.8760066527601855	-0.024724084398950845
0.0	0.0	0.0	1.0
46	49	128
0.991118727752252	0.13073036579377773	0.024356966951650752	0.04086033758971529
-0.11530283557548597	0.7535798643618675	0.6471650046855687	0.2644099947142754
0.06624906466154436	-0.6442258574201046	0.7619607443619347	-0.11896420594317142
0.0	0.0	0.0	1.0
47	48	129
0.9946030287631563	0.07737436977561034	0.06912265764661087	-0.0158810583657873
-0.08937181755313467	0.9773220457032608	0.19197475111963028	0.09205404048832873
-0.05270117085799239	-0.19711634223943567	0.9789626513244027	0.004410744769874306
0.0	0.0	0.0	1.0
47	49	130
0.9876995774683692	0.13529701266747587	0.07838451630708455	0.0332420969703323
-0.1550638943319819	0.9120186222170694	0.3797067184779281	0.1425268271835708
-0.020115055666734365	-0.38719084227745143	0.9217801579375264	-0.06434874999332302
0.0	0.0	0.0	1.0
48	49	131
0.998255738460883	0.05900409231253587	-0.0019866634139916145	0.04367265217936077
-0.05741382248219038	0.9780883500792832	0.20011697752619284	0.05069538542638019
0.013750749855580833	-0.19965387367850929	0.9797699339957116	-0.050072942873091886
0.0	0.0	0.0	1.0
